1364495222951,2,0
1364495322174,2,0
1364495848985,2,0
1364498490729,2,0
1364498545588,2,0
1364499021605,2,0
1364499217318,2,0
1364499531505,2,0
1369936033476,2,0
1945,20,0
3,21,0
1369936036286,2,0
1060,20,0
3,21,0
1369936037460,2,0
1059,20,0
3,21,0
1369936038631,2,0
2413,20,0
9,21,0
1369936041458,1,0
1112,20,0
3,21,0
1369936045423,1,0
1475,20,0
3,21,0
1369936047557,2,0
1790,20,0
5,21,0
1369936049533,1,0
3561,20,0
15,21,0
1369936053271,2,0
6062,20,0
17,21,0
1369936063348,1,0
1369936322345,2,0
2359,20,0
2,21,0
1369936325097,2,0
1059,20,0
5,21,0
1369936330974,2,0
1059,20,0
3,21,0
1369936337225,1,0
1684,20,0
5,21,0
1369936339481,2,0
2420,20,0
8,21,0
1369936343250,1,0
2255,20,0
3,21,0
1369936346168,1,0
2628,20,0
5,21,0
1369936349204,1,0
2263,20,0
9,21,0
1369936351870,1,0
1268,20,0
5,21,0
1369936356076,1,0
1476,20,0
7,21,0
1369936357990,2,0
1943,20,0
3,21,0
1369936362210,2,0
1371,20,0
9,21,0
1369936368724,1,0
1215,20,0
3,21,0
1369936373804,2,0
1112,20,0
3,21,0
1369936375192,2,0
1059,20,0
3,21,0
1369936376918,1,0
1112,20,0
3,21,0
1369936378532,2,0
1370021474514,2,0
1060,20,0
3,21,0
1370021475693,1,0
1063,20,0
3,21,0
1370023153293,1,0
1679,20,0
3,21,0
1,22,0
1678,23,0
1370023155352,1,0
1316,20,0
3,21,0
1,22,0
1315,23,0
1370023160451,1,0
1211,20,0
3,21,0
1,22,0
1210,23,0
1370023164200,1,0
1211,20,0
3,21,0
0,22,0
1211,23,0
1370023167000,1,0
1056,20,0
3,21,0
1,22,0
1055,23,0
1370023169389,1,0
1056,20,0
5,21,0
1,22,0
1055,23,0
1370023171520,2,0
1212,20,0
3,21,0
1,22,0
1211,23,0
1370023173669,1,0
1056,20,0
3,21,0
0,22,0
1056,23,0
1370023176787,1,0
1734,20,0
5,21,0
0,22,0
1734,23,0
1370023184169,1,0
1160,20,0
3,21,0
1,22,0
1159,23,0
1370023186864,1,0
1056,20,0
3,21,0
1,22,0
1055,23,0
1370023204865,2,0
1056,20,0
3,21,0
1,22,0
1055,23,0
1370023207103,1,0
1059,20,0
3,21,0
1,22,0
1058,23,0
1370023210304,1,0
1471,20,0
5,21,0
0,22,0
1471,23,0
1370023403554,2,0
2208,20,0
5,21,0
1,22,0
2207,23,0
1370026677242,1,0
2460,20,0
8,21,0
1,22,0
2459,23,0
1370026680336,1,0
2305,20,0
9,21,0
1,22,0
2304,23,0
1370026682778,2,0
4182,20,0
12,21,0
521,22,0
3661,23,0
1370026687202,2,0
1212,20,0
3,21,0
0,22,0
1212,23,0
1370026688954,1,0
1315,20,0
3,21,0
0,22,0
1315,23,0
1370026690763,1,0
1629,20,0
3,21,0
0,22,0
1629,23,0
1370026694726,1,0
3305,20,0
18,21,0
0,22,0
3305,23,0
1370026698332,2,0
1055,20,0
3,21,0
0,22,0
1055,23,0
1370026699525,2,0
1160,20,0
3,21,0
1,22,0
1159,23,0
1370026701786,1,0
1161,20,0
3,21,0
0,22,0
1161,23,0
1370026703462,1,0
1840,20,0
9,21,0
1,22,0
1839,23,0
1370026705592,1,0
1325,20,0
7,21,0
0,22,0
1325,23,0
1370026707306,2,0
1368,20,0
7,21,0
0,22,0
1368,23,0
1370026709135,2,0
3356,20,0
11,21,0
1,22,0
3355,23,0
1370026728336,2,0
1055,20,0
3,21,0
0,22,0
1055,23,0
1370026729577,2,0
1056,20,0
3,21,0
0,22,0
1056,23,0
1370026735879,1,0
5011,20,0
9,21,0
1,22,0
5010,23,0
1370026757345,1,0
1636,20,0
5,21,0
0,22,0
1636,23,0
1370026763221,1,0
1056,20,0
3,21,0
1,22,0
1055,23,0
1370026766997,2,0
1477,20,0
5,21,0
0,22,0
1477,23,0
1370026769240,1,0
1212,20,0
3,21,0
1,22,0
1211,23,0
1370026770850,2,0
1057,20,0
3,21,0
0,22,0
1057,23,0
1370026772097,1,0
1056,20,0
3,21,0
1,22,0
1055,23,0
1370026773417,1,0
1056,20,0
3,21,0
1,22,0
1055,23,0
1370026776526,2,0
1736,20,0
5,21,0
0,22,0
1736,23,0
1370026778399,1,0
1160,20,0
3,21,0
1,22,0
1159,23,0
1370026783710,2,0
1213,20,0
3,21,0
1,22,0
1212,23,0
1370026788690,1,0
1056,20,0
3,21,0
1,22,0
1055,23,0
1370026828424,1,0
1059,20,0
3,21,0
1,22,0
1058,23,0
1370028937928,1,0
1160,20,0
3,21,0
0,22,0
1160,23,0
1370028939484,1,0
1059,20,0
3,21,0
1,22,0
1058,23,0
1370029044411,1,0
2720,20,0
7,21,0
1,22,0
2719,23,0
1370029047622,2,0
1056,20,0
3,21,0
1,22,0
1055,23,0
1370029050140,1,0
1108,20,0
3,21,0
1,22,0
1107,23,0
1370029051405,2,0
1316,20,0
3,21,0
1,22,0
1315,23,0
1370029053321,2,0
1212,20,0
3,21,0
0,22,0
1212,23,0
1370029054850,2,0
2515,20,0
9,21,0
1,22,0
2514,23,0
1370029057553,2,0
1055,20,0
3,21,0
1,22,0
1054,23,0
1370029061024,2,0
1055,20,0
3,21,0
1,22,0
1054,23,0
1370029065308,1,0
1056,20,0
3,21,0
0,22,0
1056,23,0
1370029066710,1,0
1056,20,0
3,21,0
0,22,0
1056,23,0
1370029067965,1,0
1680,20,0
5,21,0
1,22,0
1679,23,0
1370029070403,1,0
1160,20,0
3,21,0
0,22,0
1160,23,0
1370029071715,2,0
1055,20,0
3,21,0
1,22,0
1054,23,0
1370029073182,2,0
1367,20,0
3,21,0
1,22,0
1366,23,0
1370029074735,2,0
1785,20,0
3,21,0
0,22,0
1785,23,0
1370029076655,2,0
1056,20,0
3,21,0
1,22,0
1055,23,0
1370029079835,1,0
1995,20,0
5,21,0
1,22,0
1994,23,0
1370029319629,2,0
1947,20,0
9,21,0
0,22,0
1947,23,0
1370029322022,2,0
1059,20,0
3,21,0
1,22,0
1058,23,0
1370029325461,1,0
1992,20,0
3,21,0
1,22,0
1991,23,0
1370029327593,2,0
1212,20,0
3,21,0
0,22,0
1212,23,0
1370029407945,1,0
1177,20,0
3,21,0
1198,22,0
-21,23,0
1370029410727,2,0
1055,20,0
3,21,0
1076,22,0
-21,23,0
1370029411912,1,0
3241,20,0
7,21,0
1093,22,0
2148,23,0
1370029417965,2,0
1946,20,0
7,21,0
473,22,0
1473,23,0
1370029420207,2,0
1055,20,0
3,21,0
1078,22,0
-23,23,0
1370029423223,1,0
1056,20,0
3,21,0
1078,22,0
-22,23,0
1370029426159,1,0
1056,20,0
5,21,0
1079,22,0
-23,23,0
1370029427402,1,0
1055,20,0
3,21,0
1082,22,0
-27,23,0
1370029433689,2,0
2461,20,0
9,21,0
574,22,0
1887,23,0
