01/01/10	Fri	1203	1694	1440	843	478	411	536	1028	1190	1398	1902	2372	2707	2752	2927	2973	2745	2569	2168	1962	1690	1539	1467	986	 40980
01/02/10	Sat	647	488	428	231	182	249	742	1501	1739	2097	2454	3035	3205	3396	3303	3424	3253	3194	2756	2258	1968	1938	1800	1360	 45648
01/03/10	Sun	931	747	869	373	219	264	590	1267	1359	1852	2196	2600	3027	3116	3074	2753	2587	2952	2895	2049	1820	1919	1189	893	 41541
01/04/10	Mon	536	350	263	191	234	702	2025	3430	3998	3076	3205	3306	3610	3656	3995	4926	5832	5877	5053	2911	2043	1734	1274	912	 63139
01/05/10	Tue	497	289	235	173	232	662	2142	3609	4307	3530	3157	3427	3655	3789	4140	5043	5821	5712	4209	3136	2163	2143	1929	955	 64955
01/06/10	Wed	560	350	250	186	229	685	2139	3694	4081	3328	2944	3292	3573	3483	3677	3640	3855	3126	2973	2500	1593	1285	1442	716	 53601
01/07/10	Thu	463	267	239	202	233	621	1563	2605	3070	2810	2618	2905	3101	3498	3883	4874	5363	5191	4875	2959	2164	1922	1633	989	 58048
01/08/10	Fri	581	412	382	243	245	615	1932	3253	3820	3880	3310	3519	4052	4140	4578	5313	5742	5713	5299	3482	2645	2569	2048	1743	 69516
01/09/10	Sat	1448	781	809	368	253	341	1423	2297	2463	2735	3210	3442	3751	3889	3940	3832	3721	3735	3241	2597	2226	2107	2293	1542	 56444
01/10/10	Sun	1083	801	836	425	225	257	674	1557	1558	2144	2528	2618	3104	3360	3270	3081	3172	3221	2616	2114	1884	1665	1248	836	 44277
01/11/10	Mon	509	342	254	171	258	678	2120	3516	4045	3378	3198	3309	3379	3698	4082	4983	5631	5782	4998	3086	2183	2041	1741	884	 64266
01/12/10	Tue	463	296	211	189	227	676	2218	3516	4190	3776	3188	3472	3761	3931	4392	5141	5676	6000	5130	3345	2555	2251	1660	912	 67176
01/13/10	Wed	507	335	255	206	224	687	2241	3667	4435	3662	3198	3528	3575	3826	4287	5119	5880	6202	4666	3332	2526	2527	2230	1184	 68299
01/14/10	Thu	596	392	307	224	240	665	2161	3696	4302	3696	3242	3405	3733	3877	4250	5361	6009	6098	5255	3480	2623	2429	1716	1198	 68955
01/15/10	Fri	684	469	422	261	254	645	2010	3482	4234	3797	3668	3864	4259	4111	4789	5440	5829	5565	5002	4217	3048	2698	2204	1797	 72749
01/16/10	Sat	1121	841	859	386	277	350	1252	2091	2652	3166	3322	3595	3694	3899	4096	3808	4024	3736	3326	2629	2277	2453	2462	1825	 58141
01/17/10	Sun	1198	930	953	449	256	240	631	1309	1589	2083	2534	2795	3086	3125	3296	3180	3218	3061	2733	2196	1891	1881	1933	1094	 45661
01/18/10	Mon	659	359	320	231	247	576	1529	2734	3364	3109	3035	3301	3621	3780	4043	4619	4861	5436	4201	2765	2082	1938	1572	816	 59198
01/19/10	Tue	462	267	202	176	238	682	2241	3727	4199	3660	3286	3625	3820	3923	4462	5323	5997	6067	4963	3321	2627	2243	1624	942	 68077
01/20/10	Wed	520	302	238	195	226	625	2177	3690	4232	3742	3212	3526	3839	3994	4352	5273	5959	6089	5322	3473	2724	2311	1768	1034	 68823
01/21/10	Thu	635	357	265	198	254	646	2189	3780	4172	3812	3307	3427	3487	3972	4653	5345	5910	5975	5020	3677	2826	2507	1900	1417	 69731
01/22/10	Fri	752	451	401	262	241	669	2088	3649	4197	3727	3391	3749	4241	4335	4912	5308	5873	5954	5333	3851	2905	2645	2703	1741	 73378
01/23/10	Sat	1100	836	782	402	259	341	1456	2022	2235	2793	3048	3457	3638	3662	4199	3939	3841	3674	3212	2761	2225	2307	2467	1750	 56406
01/24/10	Sun	1136	867	908	445	255	279	792	1388	1350	1913	2220	2515	3154	3198	2902	2777	2936	2891	2481	2006	1900	2183	1271	829	 42596
01/25/10	Mon	500	298	276	177	241	634	2119	3751	4212	3478	3210	3393	3770	3812	4047	5004	5857	6012	5001	3241	2276	2123	1727	812	 65971
01/26/10	Tue	467	269	219	188	231	644	2183	3730	4379	3695	3249	3435	3692	3923	4330	5164	6043	6341	5192	3433	2652	2259	1585	931	 68234
01/27/10	Wed	494	305	252	179	221	629	2231	3689	4310	3699	3227	3448	3712	3914	4095	5142	5231	5691	5172	3429	2577	2189	1595	976	 66407
01/28/10	Thu	567	352	275	239	257	640	2012	3533	4031	3471	2996	3242	3706	3790	4200	5100	4748	6016	5089	3358	2665	2477	1936	1124	 65824
01/29/10	Fri	667	453	410	230	249	630	2005	3642	4322	3741	3452	3826	4212	4381	4937	5430	5472	5531	5435	3978	3014	2676	2299	1687	 72679
01/30/10	Sat	1117	777	854	447	274	390	1494	2292	2290	2397	2641	3462	3909	4089	4025	3964	4076	3846	3497	2909	2331	2238	2634	1620	 57573
01/31/10	Sun	1275	953	959	461	232	254	674	1381	1565	2197	2439	2799	3325	3402	3578	3465	3327	3086	2800	2141	2064	2146	1298	873	 46694
02/01/10	Mon	544	301	277	175	244	709	2098	3707	4090	3697	3192	3462	3724	3761	4265	4957	5747	6178	5129	3282	2405	2113	1833	878	 66768
02/02/10	Tue	514	264	223	192	220	646	2254	3776	4261	3707	3216	3555	3780	3951	4319	5213	5923	6336	5325	3396	2664	2556	1795	1035	 69121
02/03/10	Wed	507	318	241	157	221	604	2210	3867	4295	3780	3325	3554	3834	4117	4336	5187	6146	6353	5226	3564	2590	2325	1718	1630	 70105
02/04/10	Thu	655	363	307	196	237	694	2155	3738	4117	3626	3274	3603	3784	4085	4529	5243	5834	5641	5423	3567	2760	2470	1808	1229	 69338
02/05/10	Fri	654	431	399	243	238	663	2085	3775	4279	3448	3774	3802	4334	4366	4925	5641	6159	5990	5213	3934	2956	2869	2559	1664	 74401
02/06/10	Sat	1144	880	860	366	269	373	1380	2223	2609	2943	3239	3341	4163	4054	3992	3961	4000	3867	3365	2783	2260	2201	2141	2197	 58611
02/07/10	Sun	1147	849	947	399	242	267	670	1441	1321	1670	1901	2136	2540	2632	2742	3063	3050	1703	1383	1160	1973	1946	1274	767	 37223
02/08/10	Mon	441	288	237	172	294	637	1729	2578	3073	2713	2654	2517	2896	2909	3451	4380	5050	5451	3848	2545	1801	1488	1439	790	 53381
02/09/10	Tue	438	245	211	201	260	679	2060	3478	4068	3529	3077	3417	3569	3844	4156	5080	5712	5631	5027	3405	2661	2604	1819	1110	 66281
02/10/10	Wed	512	325	258	176	226	623	2131	3582	4135	3653	3207	3662	3862	4047	4429	5309	5892	6076	5360	3559	2762	2377	2065	1161	 69389
02/12/10	Fri	1004	497	498	233	288	631	2025	3540	4232	3837	3487	3933	4356	4559	4774	5254	6014	5405	4555	3877	2842	2497	2713	1837	 72888
02/13/10	Sat	1130	798	831	359	284	352	1237	2023	2288	2781	3246	3623	4118	4208	4142	4179	4169	4018	3253	2767	2452	2499	2558	1760	 59075
02/14/10	Sun	1231	967	897	396	242	236	655	1197	1149	1514	1942	2363	2789	2700	3052	3115	3259	3115	2859	2228	1986	1724	1517	1168	 42301
02/15/10	Mon	667	428	336	191	239	486	1614	2823	3382	2939	3197	3456	3707	3816	4130	4557	5208	5530	4018	3012	2234	1852	1396	837	 60055
02/16/10	Tue	482	299	201	173	224	616	2141	3757	4232	3683	3375	3523	3338	4179	4463	5340	5926	5840	5298	3638	2746	2432	1614	923	 68443
02/17/10	Wed	568	416	316	221	213	613	2181	3797	4401	3829	3366	3580	3770	4009	4320	5226	6117	5966	5379	3701	2724	2420	1570	1096	 69799
02/18/10	Thu	602	326	288	177	231	643	2199	3901	4392	3679	3327	3698	3780	4077	4357	4749	5571	5351	5003	3254	2344	2068	1524	1044	 66585
02/19/10	Fri	575	382	386	276	290	627	1857	3583	3988	3558	3108	3481	3813	4097	4503	5323	5795	5300	4380	3337	2570	2185	2214	1573	 67201
02/20/10	Sat	991	688	643	365	253	391	1772	2178	2076	2352	2644	2949	3604	3608	3623	3620	3652	3413	2972	2429	2026	1968	2253	1684	 52154
02/21/10	Sun	999	838	891	381	291	283	939	1399	1250	1569	1932	2286	2724	2786	2852	2652	2810	2832	2184	1845	1554	1388	1097	745	 38527
02/22/10	Mon	450	260	238	191	245	605	1662	3071	3719	3234	2834	3185	3381	3643	3923	4708	5616	5887	4877	3213	2304	1991	1375	1418	 62030
02/23/10	Tue	694	292	229	175	212	649	2118	3710	4235	3832	3352	3446	3566	3902	4269	5005	5702	5658	5316	3613	2718	2444	1559	985	 67681
02/24/10	Wed	567	335	269	179	219	669	2220	3762	4300	3707	3452	3505	3797	3939	4328	5131	5893	5950	5325	3655	2727	2471	1719	1071	 69190
02/25/10	Thu	674	349	327	172	264	638	2133	3614	4292	3632	3340	3550	3804	3947	4398	5458	6120	5209	5032	3509	2651	2251	1707	1127	 68198
02/26/10	Fri	660	417	364	244	263	594	2087	3653	4433	3960	3509	3772	4245	4310	4922	5549	5850	5603	4813	3923	3125	2596	3027	1863	 73782
02/27/10	Sat	1191	897	886	451	315	349	1727	2232	2516	2918	3241	3660	3972	4173	4039	4222	4021	3878	3222	2676	2517	2457	2723	1861	 60144
02/28/10	Sun	1212	911	1009	443	282	288	805	1381	1450	1917	2466	2694	3355	3409	3286	3034	3161	3198	2596	2069	1862	1520	1254	840	 44442
03/01/10	Mon	562	267	250	189	254	655	2119	3644	4088	3510	3098	3336	3553	3759	4201	5068	5849	6003	4945	3310	2419	2145	2192	973	 66389
03/02/10	Tue	537	312	225	186	251	623	2280	3746	4354	3725	3433	3530	3789	3829	4396	5087	5994	5910	5279	3557	2821	2400	1638	1038	 68940
03/03/10	Wed	560	310	260	194	269	624	2244	3819	4266	3790	3413	3713	3790	3958	4371	5166	6079	6076	5186	3818	2761	2743	2106	1120	 70636
03/04/10	Thu	661	366	335	213	260	652	2262	3791	4410	3785	3371	3608	3983	4111	4531	5200	6011	5836	5506	3794	2948	2603	2034	1316	 71587
03/05/10	Fri	733	461	466	261	249	628	2149	3837	4407	3725	3567	3782	4373	4477	4731	5163	5962	5632	4961	3844	3056	2751	2765	1941	 73921
03/06/10	Sat	1287	885	857	410	305	382	1623	2268	2549	2964	3406	3676	4056	4048	4014	3958	3920	3935	3403	2787	2350	2462	2803	1686	 60034
03/07/10	Sun	1352	948	955	461	304	275	777	1326	1517	1950	2427	2750	3271	3414	3541	3396	3550	3285	2867	2359	1960	1751	1476	1296	 47208
03/08/10	Mon	682	360	271	202	214	605	2117	3695	4122	3577	3113	3305	3692	3835	4172	5105	5971	6016	5053	3234	2365	1903	1361	1181	 66151
03/09/10	Tue	745	297	237	184	254	638	2280	3778	4276	3762	3098	3503	3873	3992	4256	5191	5942	6412	5151	3537	2702	2367	2019	1042	 69536
03/10/10	Wed	543	360	282	202	243	651	2238	3794	4298	3739	3266	3633	3799	4073	4344	5137	6107	6192	5118	3643	2515	2440	1737	989	 69343
03/11/10	Thu	626	351	326	210	260	610	2260	3945	4412	3919	3232	3477	3780	4192	4382	5142	5976	5975	5207	3902	2854	2623	2326	1274	 71261
03/12/10	Fri	731	515	434	250	253	636	2214	3910	4459	4027	3607	3932	4288	4413	4913	5490	5650	5585	5014	3346	2929	2660	2646	1865	 73767
03/13/10	Sat	1214	858	859	387	302	366	1449	2165	2522	2944	3498	3535	4282	4304	4245	4046	4015	3920	3412	3096	2488	2532	2821	1955	 61215
03/15/10	Mon	585	327	271	176	272	615	2001	3481	3979	3536	3094	3328	3685	3719	4323	5004	5808	6443	5330	3572	2633	2244	1615	1005	 67046
03/16/10	Tue	584	331	248	205	270	630	2169	3476	4315	3666	3238	3544	3933	4138	4530	5371	5819	5958	5036	3755	3077	2455	2450	1243	 70441
03/17/10	Wed	688	361	301	217	274	644	2122	3678	4220	3960	3476	3481	3970	4219	4629	4949	5881	6250	5332	3754	3000	2623	2398	1342	 71769
03/18/10	Thu	821	527	480	300	315	658	2132	3528	4246	3913	3400	3385	3990	4296	4576	5343	6008	6208	5344	3874	3144	2715	2420	1579	 73202
03/19/10	Fri	742	483	397	243	254	554	1773	3145	3333	2745	2552	2813	2824	3267	3555	3842	4106	3753	2688	1877	1630	1360	1331	1134	 50401
03/20/10	Sat	783	494	487	305	230	320	1314	1530	1622	2000	2482	2900	3369	3581	3812	3774	3834	3651	3233	2886	2495	2320	2781	1769	 51972
03/21/10	Sun	1261	938	982	447	313	301	720	1511	1480	2067	2515	2687	3353	3415	3555	3327	3359	3211	2741	2356	2049	1851	1567	1021	 47027
03/22/10	Mon	620	361	250	213	254	619	2029	3657	4283	3465	3262	3565	3848	3929	4236	5134	5971	6351	5062	3284	2534	2038	1515	1088	 67568
03/23/10	Tue	728	352	277	208	246	634	2214	3603	4281	3570	3314	3458	3769	3643	3836	4837	5617	5327	3193	2096	1483	970	647	585	 58888
03/24/10	Wed	482	214	177	135	199	427	1035	1591	1672	1781	1888	1955	2333	2496	2960	3462	4207	4743	3508	2512	2122	1938	1931	999	 44767
03/25/10	Thu	630	383	314	220	273	662	2025	3333	3887	3376	3333	3523	3941	3872	4280	4946	5871	6194	5492	3753	2781	2452	1949	1314	 68804
03/26/10	Fri	721	514	413	256	259	622	2016	3613	4230	3722	3409	3778	4161	4277	4033	5378	5662	5200	4629	3240	2561	2325	2584	1640	 69243
03/27/10	Sat	1146	745	790	432	268	402	1242	1636	1917	2317	2924	3330	3658	3716	3799	3848	3706	3558	3214	2762	2413	2217	2191	2025	 54256
03/28/10	Sun	1346	966	1023	490	315	306	753	1385	1651	2063	2679	2946	3363	3481	3407	3418	3208	3158	2788	2271	1970	1690	1431	1033	 47141
03/29/10	Mon	569	364	305	214	237	594	1985	3398	3944	3344	3181	3354	3530	3777	4194	4652	5618	6239	4674	3380	2362	1582	1333	973	 63803
03/30/10	Tue	551	315	208	183	233	610	2069	3395	4081	3627	3209	3596	3825	3951	4470	4939	5797	6106	4633	3595	2921	2330	1843	1501	 67988
03/31/10	Wed	620	395	325	178	234	626	2066	3430	4136	3675	3359	3586	3886	4044	4396	5085	5869	6225	4891	3699	2769	2674	2222	1207	 69597
04/01/10	Thu	715	408	334	203	226	618	2089	3438	4136	3505	3366	3618	3974	4023	4504	4907	5663	6140	5031	3693	2808	2483	2005	1501	 69388
04/02/10	Fri	1123	559	516	284	283	585	1974	3306	4071	3693	3472	3962	3990	4307	4627	4931	5461	5697	4316	3449	2904	2677	2972	1840	 70999
04/03/10	Sat	1112	820	845	380	264	343	997	1629	2120	2568	3150	3563	3927	3786	3803	3763	3647	3475	3096	2694	2471	2574	2820	1830	 55677
04/04/10	Sun	1156	820	918	449	326	706	606	1064	1425	2042	2729	3314	3643	3730	3524	3376	3280	2926	2700	2603	2381	2395	1583	974	 48670
04/05/10	Mon	598	334	235	194	208	634	2054	3627	4059	3563	3205	3341	3678	3839	4250	5015	5940	6196	5256	3466	2518	2071	1720	938	 66939
04/06/10	Tue	595	342	229	151	230	579	2158	3691	4065	3528	3348	3480	3775	4007	4282	5065	5848	6375	5443	3715	2746	2318	1693	1411	 69074
04/07/10	Wed	644	345	278	183	202	546	1939	3525	3904	3597	3220	3383	3750	3838	4151	5171	5623	6414	5059	3952	3022	2662	1890	1509	 68807
04/08/10	Thu	698	413	324	217	257	609	2189	3783	4243	3848	3522	3730	3944	4112	4538	5279	5821	6291	5513	3931	3187	2733	2040	1369	 72591
04/09/10	Fri	1403	560	458	247	285	612	2049	3600	4249	3711	3363	3709	3941	4363	4720	5233	5922	6139	5242	3985	3160	2951	2826	1854	 74582
04/10/10	Sat	1267	855	796	435	276	366	976	1862	2617	2990	3432	3883	4088	4199	4218	4220	4190	3837	3536	3121	2766	2682	2894	2211	 61717
04/11/10	Sun	1329	919	1022	457	293	278	491	1150	1767	2161	2785	3082	3355	3120	3596	3500	4045	4023	3100	2454	2215	1861	1510	1043	 49556
04/12/10	Mon	579	382	300	174	252	616	2120	3712	4047	3506	3178	3436	3740	3815	4175	5031	6091	6397	5097	3545	2653	2347	2054	1038	 68285
04/13/10	Tue	592	306	265	185	250	649	1961	3396	4066	3568	3273	3608	3826	4086	4444	5171	5818	4910	5391	3717	2842	2758	2237	1056	 68375
04/14/10	Wed	622	326	279	222	224	601	2203	3730	4002	3752	3554	3774	3574	4146	4439	5197	5858	6167	5322	3799	2780	2633	2101	1443	 70748
04/15/10	Thu	676	400	303	230	248	617	2215	3721	4137	3669	3420	3545	3897	4143	4492	5353	5887	6010	5496	3818	3015	2625	2130	1353	 71400
04/16/10	Fri	794	505	421	271	254	603	2110	3584	4195	3636	3404	3717	4174	4304	4675	5470	6091	6218	5006	3932	2911	2768	2706	1670	 73419
04/17/10	Sat	1253	874	828	431	315	331	790	1576	2425	2880	3399	3607	4142	4105	4122	4287	4151	3937	3520	2830	2537	2429	2353	1969	 59091
04/18/10	Sun	1717	909	989	492	302	240	528	1039	1645	2303	2745	3151	3538	3630	3528	3407	3462	3310	2875	2370	2275	1909	1530	1554	 49448
04/19/10	Mon	599	346	270	192	254	598	2143	3692	4008	3526	3161	3378	3770	3943	4276	5049	5817	6346	5186	3439	2402	2238	1624	1143	 67400
04/20/10	Tue	1293	351	268	178	244	602	2159	3743	4131	3588	3202	3608	3707	3938	4237	5252	5723	6485	5539	3601	2896	2585	1870	1788	 70988
04/21/10	Wed	830	385	319	185	245	631	2176	3675	4117	3812	3218	3606	3811	3749	4398	5250	6013	6407	5382	3720	2716	2453	1738	1110	 69946
04/22/10	Thu	652	371	295	177	239	585	2036	3381	4034	3407	3227	3495	3972	4089	4411	5144	5870	5925	4916	3477	2687	2416	1997	1298	 68101
04/23/10	Fri	761	479	397	275	272	490	1734	3054	3676	3273	2946	3203	3588	3399	4239	4721	5456	5436	4290	3217	2542	2242	2361	1633	 63684
04/24/10	Sat	1071	729	763	358	282	306	647	1417	1916	2318	2734	3305	3799	4026	4052	4032	3894	3678	3343	2730	2532	2816	2459	2502	 55709
04/25/10	Sun	1647	1004	916	462	297	271	421	957	1330	2026	2527	3046	3424	3601	3503	3368	3345	3208	2963	2627	2091	1740	1368	863	 47005
04/26/10	Mon	544	309	249	179	228	620	1986	3492	4130	3541	3212	3392	3796	3990	4284	5175	5834	6207	5186	3611	2590	2322	1849	1074	 67800
04/27/10	Tue	608	323	245	185	252	611	2254	3582	4131	3553	3299	3514	3791	3915	4473	5078	5410	6390	5408	3720	2814	2744	2223	1162	 69685
04/29/10	Thu	1171	441	331	229	250	559	2068	3406	3723	3284	3221	3353	3649	3903	4348	5210	5921	6239	5319	3644	2933	2444	1963	1294	 68903
04/30/10	Fri	684	425	403	215	277	598	2056	3506	4043	3525	3399	3764	4206	4311	4473	5046	5370	5926	4856	3522	2699	2440	2095	1770	 69609
05/01/10	Sat	1201	735	732	409	253	297	621	1243	1738	2226	2609	3094	3259	3423	3494	3575	3461	3410	3041	2643	2234	2134	1987	1975	 49794
05/02/10	Sun	1281	882	919	438	283	234	411	933	1314	1778	2351	2684	3070	3186	3339	3250	3135	3171	2721	2335	2000	1888	1472	986	 44061
05/03/10	Mon	561	345	276	197	244	626	2106	3575	4089	3516	3175	3404	3795	3859	4243	5193	5328	6190	5422	3366	2628	2295	1582	974	 66989
05/04/10	Tue	612	312	255	187	241	643	2185	3646	3916	3620	3385	3442	3712	3975	4324	5155	5914	6184	5125	3777	2939	2517	1780	1189	 69035
05/05/10	Wed	627	331	278	210	235	647	2203	3525	4117	3449	3438	3612	3775	3984	4494	4799	5806	6388	5470	3723	3660	3404	2149	1441	 71765
05/06/10	Thu	768	442	365	208	274	636	2168	3577	3957	3375	3466	3515	3562	4193	4383	5139	5598	6056	5221	3849	3022	2569	2033	1420	 69796
05/07/10	Fri	689	455	455	275	243	562	2042	3477	4050	3546	3356	3889	4284	4297	4603	5042	5704	6040	4929	3713	2932	2735	2580	1982	 71880
05/08/10	Sat	1265	886	882	463	315	353	749	1469	2323	2983	3443	3727	3902	3925	4025	3956	3939	3876	3467	2921	2581	2494	2306	1893	 58143
05/09/10	Sun	1317	903	931	477	303	256	466	793	1541	2274	3094	3671	4002	4033	3930	3800	3558	3402	2949	2619	2973	2371	1663	1043	 52369
05/10/10	Mon	609	367	295	212	232	617	2034	3545	4082	3351	3197	3493	3663	3853	4263	4999	5987	6458	5132	3150	2561	2417	1943	1376	 67836
05/11/10	Tue	644	313	248	194	240	602	2166	3637	4094	3505	3310	3548	3703	3826	4320	5030	5753	5460	4723	3607	2480	2064	1527	982	 65976
05/12/10	Wed	573	331	233	188	248	549	1937	3340	3711	3295	2873	3224	3521	3737	4118	5052	5884	5098	4949	3405	2698	2342	1651	1163	 64120
05/13/10	Thu	678	376	316	211	253	559	2116	3556	3970	3578	3334	3478	3892	4074	4414	5161	5886	5714	5242	3782	2985	2702	2116	1391	 69784
05/14/10	Fri	805	547	433	278	262	563	1993	3530	3715	3611	3294	3811	4141	4389	4537	4917	4345	5051	5118	3521	2624	2437	2281	1665	 67868
05/15/10	Sat	1154	893	852	467	281	304	839	1431	2097	2771	3260	3599	4262	4182	4121	4208	4023	3838	3430	2939	2555	2970	2688	1835	 58999
05/16/10	Sun	1464	933	1039	496	328	316	648	1645	1704	2316	2900	3323	3743	3938	3938	3587	3905	3679	2444	2480	2275	2089	1757	1119	 52066
05/17/10	Mon	724	365	297	198	273	636	2112	3661	4090	3516	3322	3488	3827	3784	4175	5060	5887	6333	4990	3226	2465	2227	1635	1088	 67379
05/18/10	Tue	652	353	286	186	241	660	2139	3710	4275	3698	3276	3495	3694	3971	4122	5093	5995	5480	5430	3414	2807	2423	1841	1223	 68464
05/19/10	Wed	698	424	306	217	230	628	2214	3688	4154	3481	3337	3577	3863	3882	4272	5133	6013	4327	5477	3612	2792	2708	2067	1411	 68511
05/20/10	Thu	778	429	345	230	272	624	2244	3941	4371	3913	3498	3714	4027	4216	4704	5162	5613	5988	4818	3942	3076	2768	2233	1565	 72471
05/21/10	Fri	1202	753	496	292	255	610	1969	3512	4165	3897	3843	4043	4202	4245	4554	5051	5599	6034	4810	3714	2952	2735	2599	2112	 73644
05/22/10	Sat	1304	916	878	440	335	389	781	1586	2516	3289	3775	4062	4345	4290	4077	3979	3648	3641	3329	3069	2681	2506	2621	1966	 60423
05/23/10	Sun	1312	878	980	466	339	324	519	996	1573	2190	2676	3034	3487	3636	3615	3398	3543	3209	2919	2575	2238	2113	1655	1212	 48887
05/24/10	Mon	681	375	326	199	230	651	2186	3335	4019	3401	3160	3396	3670	3827	4126	4939	5655	6121	5185	3254	2433	2193	1607	1039	 66008
05/25/10	Tue	579	306	239	185	218	641	2194	3660	4243	3487	3334	3595	3777	3933	4192	5025	5744	5982	5298	3517	2736	2412	2239	1154	 68690
05/26/10	Wed	683	397	292	203	235	640	2090	3648	4128	3559	3188	3615	4013	4187	4403	5000	5565	5868	5173	3617	2728	2835	2436	1262	 69765
05/27/10	Thu	780	521	361	246	262	644	2148	3401	4011	3635	3335	3771	3851	3954	4393	4873	5501	5652	5221	3708	2902	2709	2322	1503	 69704
05/28/10	Fri	908	568	539	288	279	598	1944	3245	3955	3596	3725	4128	4412	4429	4975	5068	5141	5150	4041	3475	2874	2604	2773	2253	 70968
05/29/10	Sat	1192	827	809	472	327	352	720	1478	2274	2875	3332	3720	3831	3962	3643	3893	3667	3443	3201	2862	2354	2550	2968	1773	 56525
05/30/10	Sun	1305	884	903	446	294	268	474	984	1617	2198	2751	3088	3250	3509	3464	3346	3406	3855	3065	2523	2273	2070	2031	1489	 49493
05/31/10	Mon	953	609	516	298	204	327	543	906	1360	1789	2306	2761	3056	3123	3185	3008	3053	2762	2480	2305	2146	1968	1574	994	 42226
06/01/10	Tue	553	315	225	190	211	693	2143	3582	4115	3572	3407	3553	3896	2724	4061	5035	5959	6285	5453	3630	2764	2335	1754	1185	 67640
06/02/10	Wed	712	391	300	225	251	679	2132	3683	4259	3642	3355	3506	3902	3887	4163	4956	5936	5898	5362	3983	2774	2555	1969	1231	 69751
06/03/10	Thu	698	403	344	221	299	629	2089	3481	3994	3575	3319	3520	3986	3663	4180	4734	5952	6376	5647	3827	2923	2458	2104	1466	 69888
06/04/10	Fri	855	503	507	290	284	640	2049	3276	3835	3507	3610	3956	4288	4236	4645	5171	5875	6089	5393	3845	3017	2738	2642	1937	 73188
06/05/10	Sat	1288	833	863	433	348	359	862	1621	2380	2831	3326	3569	4001	3872	3847	3887	3957	3902	3539	2999	2469	2588	2484	1822	 58080
06/06/10	Sun	1325	1006	1053	462	335	281	523	1028	1667	2051	2848	3121	3436	3686	3747	3511	3441	3384	2828	2443	2171	2191	1786	1232	 49556
06/07/10	Mon	692	406	340	231	252	668	2195	3303	2811	3390	3364	3477	3855	3997	4005	4982	5513	6241	5154	3476	2669	2431	2252	1266	 66970
06/08/10	Tue	685	396	283	218	250	651	2189	3206	3957	3634	3105	3475	3734	4028	4287	5054	5857	6072	5596	4006	2873	2536	2336	1212	 69640
06/09/10	Wed	745	413	324	185	235	691	2196	3438	3918	3498	3323	3578	3895	3916	4029	4783	5433	6063	5535	4020	2863	2647	2697	1477	 69902
06/10/10	Thu	812	475	383	230	269	653	2205	3366	3987	3686	3480	3587	3989	4003	4249	4700	5801	6044	5426	4055	3005	2627	2175	1458	 70665
06/11/10	Fri	824	517	476	285	278	685	2256	3853	4467	4068	3870	4186	4278	4101	4694	4857	5436	5846	4929	3716	2621	2278	2571	2008	 73100
06/12/10	Sat	1365	767	812	476	298	335	684	1242	1893	2359	2751	3225	3625	3711	3570	3947	3727	3606	3371	2624	2312	2375	2216	1762	 53053
06/13/10	Sun	1146	888	908	489	308	291	463	712	1042	1584	2241	2606	3198	3350	3321	3268	3495	3326	2826	2183	1952	1726	1548	1152	 44023
06/14/10	Mon	696	420	286	206	253	651	2081	3311	3875	3497	3194	3369	3927	3699	4206	4931	5820	5583	5168	3375	2649	2243	1844	1277	 66561
06/15/10	Tue	729	408	295	225	241	638	2143	3365	3898	3691	3462	3604	3838	4017	4347	4689	5586	5947	5809	4010	2927	2607	2203	1404	 70083
06/16/10	Wed	787	399	342	215	249	712	2166	3322	4047	3769	3519	3788	3951	3996	4297	4953	5965	6320	5212	3445	2884	2719	2118	1444	 70619
06/17/10	Thu	866	475	372	237	286	640	2216	3489	3900	3693	3415	3637	3974	4002	4305	4810	5407	6149	5339	3884	2949	2456	1255	1469	 69225
06/18/10	Fri	872	551	568	310	270	684	2100	3277	3786	3567	3450	3802	4227	4464	4475	4668	5656	5898	4941	3912	2884	2697	2835	2096	 71990
06/19/10	Sat	1361	932	915	479	380	411	915	1754	2347	2861	3255	3831	3787	3844	3792	3845	3731	3547	3424	2885	2457	2433	3030	2134	 58350
06/20/10	Sun	1502	981	1013	546	336	323	529	950	1536	2087	2806	3253	3672	3534	3536	3519	3624	3320	2913	2606	2621	2393	2052	1345	 50997
06/21/10	Mon	737	427	392	237	254	602	2060	3458	3971	3565	3327	3489	3657	4125	4096	4941	5820	6096	5234	3485	2552	2233	1885	1185	 67828
06/22/10	Tue	704	392	263	232	263	643	2140	3471	3867	3673	3334	3630	3873	3971	4263	4902	5834	5892	5149	3887	2851	2521	2809	1659	 70223
06/23/10	Wed	811	438	352	246	245	664	2187	3448	3985	3460	3501	3606	3976	4038	4208	4845	5692	6187	5029	3752	2748	2646	2903	1913	 70880
06/24/10	Thu	852	466	392	262	312	661	2220	3586	4073	3747	3504	3724	4072	4086	4383	4661	5805	6105	4932	3737	2902	2652	2351	1769	 71254
06/25/10	Fri	1590	654	570	319	273	670	2084	3400	4007	3665	3739	4077	4272	4574	4851	5240	5878	5942	5067	3658	2880	2519	2303	1971	 74203
06/26/10	Sat	1331	870	874	512	360	434	983	1761	2406	2919	3335	3706	3915	3782	3674	3960	4058	3899	3421	2845	2213	2290	2285	1904	 57737
06/27/10	Sun	1312	988	961	495	326	313	592	1051	1543	2077	2786	3096	3491	3486	3503	3510	3321	3273	2827	2401	2251	2150	1807	1240	 48800
06/28/10	Mon	737	437	347	247	269	628	2123	3258	3830	3544	3314	3531	3835	3869	4098	4712	5428	6060	5592	3633	2742	2222	1872	1266	 67594
06/29/10	Tue	655	360	303	235	251	693	2130	3320	3953	3585	3358	3561	3907	4064	4202	4834	5877	5765	5767	4056	3090	2558	2056	1339	 69919
06/30/10	Wed	811	396	373	290	253	653	2224	3392	4033	3632	3320	3657	4067	3945	4446	4952	5716	5905	5416	3805	3148	2802	2212	1482	 70930
07/01/10	Thu	866	507	407	256	287	637	2176	3343	4030	3791	3482	3646	4111	4214	4469	4872	5788	5996	5397	3841	2973	2830	2744	1561	 72224
07/02/10	Fri	933	606	520	301	270	670	1912	3025	3663	3484	3587	4120	4072	4279	4751	5350	5836	5346	4226	3514	2876	2706	3352	2232	 71631
07/03/10	Sat	1230	880	832	441	299	392	844	1505	2056	2609	3259	3631	3854	3751	3792	3751	3643	3459	3136	2773	2355	2097	2700	2865	 56154
07/04/10	Sun	1413	909	856	402	273	281	466	885	1239	1749	2205	2620	2757	2816	3300	3070	3096	2827	2616	2427	1824	1776	2088	2001	 43896
07/05/10	Mon	1081	566	441	230	214	316	594	1161	1485	2050	2466	2772	2971	3419	3352	3255	3287	3117	2977	2570	2099	2017	1778	1157	 45375
07/06/10	Tue	701	352	226	165	215	703	2046	3171	3880	3483	3243	3472	3800	3806	4095	4851	5532	5988	4960	3683	2686	2291	2127	1527	 67003
07/07/10	Wed	760	441	296	196	229	634	1983	3277	3708	3406	3409	3434	3783	3842	4186	4740	5686	6046	5166	3694	2624	2499	2359	1568	 67966
07/08/10	Thu	800	450	357	236	262	660	2024	3369	4038	3637	3510	3423	3781	3933	4355	4998	5762	5691	5433	4133	2979	2585	2051	1530	 69997
07/09/10	Fri	868	579	502	289	287	655	1981	3170	3872	3485	3572	3900	4065	4303	4703	4884	5888	6035	5300	3998	2986	2561	2438	2486	 72807
07/10/10	Sat	1409	914	920	492	412	740	1036	1778	2378	3063	3556	3720	4092	4061	3999	4032	3792	3656	3453	3146	2451	2857	2937	2124	 61018
07/11/10	Sun	1440	996	1108	572	338	303	584	977	1562	2140	2717	3097	3458	3230	3067	3144	3438	3527	2837	2436	2265	2044	1685	1104	 48069
07/12/10	Mon	721	412	348	215	253	674	2070	3338	3883	3470	3307	3518	3790	3806	4065	4805	5898	5276	5347	3539	2670	2333	1884	1258	 66880
07/13/10	Tue	719	426	257	215	259	657	2126	3362	4045	3817	3368	3522	3766	3811	4339	4802	5821	5898	4107	4224	2902	2582	1930	1477	 68432
07/14/10	Wed	753	421	318	205	251	679	2088	3444	4000	3773	3383	3502	3793	4087	4324	4830	5706	5964	5550	3702	2948	2667	2150	1905	 70443
07/15/10	Thu	894	477	378	259	269	650	2113	3381	3906	3710	3491	3659	4018	4134	4407	4863	5313	6001	5576	4020	3120	2788	2387	1796	 71610
07/16/10	Fri	1390	628	563	334	312	701	2075	3232	3719	3609	3768	4004	4501	4447	4800	5316	6038	5831	5302	3981	3102	2734	2572	1949	 74908
07/17/10	Sat	1289	951	954	526	368	475	1020	1801	2484	2899	3528	3878	4032	4054	3914	3775	3776	3653	2973	2809	2433	2387	2514	2022	 58515
07/18/10	Sun	1468	1080	1089	563	371	366	647	1064	1489	2062	2753	3117	3536	3480	3552	3291	3124	3077	2813	2416	2257	2338	1904	1440	 49297
07/19/10	Mon	990	501	395	228	249	660	2085	3287	3911	3421	3346	3448	3862	3824	4186	4783	5684	5614	4873	3684	2695	2318	1858	1171	 67073
07/20/10	Tue	635	400	273	229	245	679	2116	3371	4021	3658	3524	3605	4061	4136	4435	5085	5828	5915	5025	3757	2861	2379	1861	1541	 69640
07/21/10	Wed	810	432	310	224	244	654	2101	3444	4170	3827	3565	3502	3882	4069	4271	4544	5700	6175	5678	3716	2939	2747	2152	1584	 70740
07/22/10	Thu	874	499	411	258	280	646	2200	3483	4005	3891	3475	3560	4113	4147	4380	5001	5765	6278	5391	3866	2933	2756	2273	1713	 72198
07/23/10	Fri	962	659	526	329	311	644	1995	3157	3957	3815	3532	3908	4205	4470	4679	5123	5980	5936	5033	3827	3020	2761	2459	1959	 73247
07/24/10	Sat	1311	949	883	476	353	459	990	1680	2436	2983	3431	3878	4150	4249	4149	4101	3993	3851	3414	2782	2443	2585	2601	2077	 60224
07/25/10	Sun	1444	1098	1048	538	361	317	572	1020	1582	2205	2934	3156	3618	3633	3569	3501	3269	3452	2905	2553	2252	2003	1850	1522	 50402
07/26/10	Mon	878	481	368	228	263	694	2070	3365	3744	3516	3223	3542	3858	3938	4112	4586	5416	5105	5307	3425	2685	2336	1740	1287	 66167
07/27/10	Tue	733	365	276	204	244	641	2131	3506	3758	3635	3298	3744	3770	3854	4305	4792	5721	6282	5230	3877	2859	2647	2764	1563	 70199
07/28/10	Wed	802	446	350	250	266	658	2227	3582	4050	3654	3353	3574	3917	3949	4330	4888	5731	6050	5156	3809	2877	2574	2604	1728	 70825
07/29/10	Thu	1161	731	464	289	267	678	2068	3419	3966	3706	3385	3640	3761	4032	3792	4956	5851	5861	5807	4255	3026	2618	2205	1739	 71677
07/30/10	Fri	1032	648	567	319	317	642	1908	3233	3916	3786	3660	3562	4276	4658	4798	5114	5982	6103	4978	3691	3080	2704	2605	2436	 74015
07/31/10	Sat	1582	1059	984	550	384	469	884	1734	2567	3090	3567	3994	3937	3791	4110	3943	3731	3664	3455	3025	2558	3008	2693	2310	 61089
08/01/10	Sun	1526	1070	1040	528	340	319	665	1010	1568	2122	2831	3181	3492	3518	3367	3183	3165	3525	3000	2496	2205	2079	1683	1256	 49169
08/02/10	Mon	742	409	347	230	276	668	1965	3390	3865	3469	3365	3587	3887	3878	4125	4740	5811	6039	5081	3497	2616	2102	1588	984	 66661
08/03/10	Tue	569	355	269	225	232	648	1967	3414	3957	3597	3296	3562	3986	3941	4317	4920	5657	5900	5213	4126	2895	2707	2832	1326	 69911
08/04/10	Wed	740	441	298	223	252	634	2039	3435	4151	3641	3469	3560	3851	3981	4299	4818	5776	5921	4854	3938	2796	2665	2151	1241	 69174
08/05/10	Thu	842	429	350	236	264	676	2053	3424	3990	3617	3351	3735	4093	4186	4451	5009	4658	5862	5754	3906	3107	2705	2260	1465	 70423
08/06/10	Fri	885	606	501	271	294	623	1850	3231	3898	3731	3759	4001	4324	4475	4526	4761	5330	5795	4898	3784	3098	2794	2495	1952	 71882
08/07/10	Sat	1409	972	985	573	368	469	996	1675	2272	2855	3473	3739	3934	3766	4026	3986	3615	3710	3350	2647	2582	2523	2458	1895	 58278
08/08/10	Sun	1355	1039	1023	560	347	301	537	964	1527	2054	2826	3120	3489	3672	3603	3443	3361	3173	2895	2501	2312	2318	1789	1306	 49515
08/09/10	Mon	747	397	369	215	262	652	1930	3239	3969	3394	3236	3537	3822	3835	4214	4764	5710	5494	4896	3480	2384	2126	1597	1141	 65410
08/10/10	Tue	680	390	282	221	238	622	2085	3264	4174	3755	3357	3666	3879	3997	4256	4695	5800	6304	5488	3770	2827	2686	1925	1255	 69616
08/11/10	Wed	727	411	347	241	245	672	2068	3543	4079	3818	3309	3640	3982	3909	4230	4989	5930	6182	5733	3859	2841	2732	2200	1343	 71030
08/12/10	Thu	896	487	455	268	268	660	2056	3503	4091	3765	3502	3616	3963	4097	4382	5043	5979	5951	5457	3881	2999	2674	2172	1511	 71676
08/13/10	Fri	974	597	535	319	291	601	1880	3182	3836	3739	3594	4012	4269	4410	4762	4964	5815	5956	4752	3754	3091	2805	2624	2649	 73411
08/14/10	Sat	1508	984	967	585	374	524	1056	1624	2353	3079	3385	3884	3874	3985	4113	3904	3700	3735	3381	2825	2472	2649	2865	2204	 60030
08/15/10	Sun	1414	964	1054	507	322	337	522	920	1458	2009	2721	3025	3423	3419	3444	3326	3450	3512	2891	2714	2211	2119	1863	1329	 48954
08/16/10	Mon	918	486	368	238	242	613	2066	3358	4199	3414	3340	3473	3808	3694	4132	4812	5779	6225	5441	3642	2594	2116	1633	1106	 67697
08/17/10	Tue	662	398	287	187	246	628	2003	3481	4146	3585	3359	3735	3863	3972	4259	4803	5926	6045	5513	3820	2945	2539	1902	1369	 69673
08/18/10	Wed	792	418	320	232	250	645	2028	3524	4216	3693	3403	3595	3864	4030	4428	4870	5680	6071	5695	4193	3107	2635	1950	1304	 70943
08/19/10	Thu	848	468	384	242	264	618	2070	3519	4150	3688	3468	3579	3861	3849	4375	5138	5936	6139	5590	4031	2997	2665	2050	1358	 71287
08/20/10	Fri	837	528	525	299	289	606	1970	3312	4066	3740	3782	4053	4241	3972	4842	5166	5940	5953	5176	4265	3242	2702	2488	1946	 73940
08/21/10	Sat	1229	967	869	499	338	416	839	1649	2469	3059	3368	3673	3829	3908	3860	3805	3686	3411	2842	2788	2428	2466	2780	2267	 57445
08/22/10	Sun	1335	958	1040	540	308	302	541	978	1529	2047	2688	3026	3423	3459	3425	3253	3267	2993	2792	2423	2269	2095	1558	1005	 47254
08/23/10	Mon	655	351	304	211	240	619	1949	3630	4179	3606	3310	3360	3837	3787	4213	4944	5697	6287	5315	3544	2617	2254	2221	1146	 68276
08/24/10	Tue	576	304	229	141	222	613	2008	3443	4117	3607	3431	3509	3945	4083	4419	5114	5900	6085	5416	4150	3166	2719	2494	1174	 70865
08/25/10	Wed	698	367	292	207	246	620	2107	3702	4223	3721	3463	3618	3866	4003	4621	5070	5806	5872	5596	4167	3074	2611	1984	1230	 71164
08/27/10	Fri	867	564	438	275	292	645	2003	3404	4161	3714	3608	3973	4170	4593	4806	5346	4983	4449	5128	3971	3127	2543	2657	2467	 72184
08/28/10	Sat	1387	896	941	486	359	412	837	1582	2381	3083	3563	4051	4175	4182	4058	3962	3860	3621	3314	2863	2502	2824	2746	1900	 59985
08/29/10	Sun	1396	956	900	506	330	309	517	920	1483	1965	2860	3123	3483	3681	3672	3468	3247	3243	2767	2354	2199	2696	2114	1281	 49470
08/30/10	Mon	706	352	321	221	235	628	2023	3545	4119	3661	3419	3502	3671	3844	4195	4998	6058	6135	5590	3770	2781	2175	1601	1061	 68611
09/03/10	Fri	649	505	405	250	316	1027	2547	3810	3810	3629	3767	4184	4562	4935	5184	5754	5890	5606	4479	3621	3141	2804	2467	1597	 74939
09/04/10	Sat	1094	820	684	372	325	486	992	1765	2430	3010	3310	3518	3700	3781	3978	4508	4051	3623	3096	2713	2416	2495	2096	1458	 56721
09/05/10	Sun	1083	862	807	378	264	368	595	1147	1510	2399	2802	3326	3524	3491	3352	3296	3341	3033	2910	2406	2550	2691	2073	1250	 49458
09/06/10	Mon	751	595	494	273	242	392	645	996	1393	1888	2460	2728	2973	3230	3261	3349	3426	3194	2573	2508	2249	1758	1164	762	 43304
09/07/10	Tue	381	248	201	161	312	1085	2771	4051	3838	3465	3358	3549	3732	4031	4658	5289	6203	6102	4683	3294	2715	2487	1740	892	 69246
09/08/10	Wed	453	310	233	193	305	1120	2739	4107	4009	3473	3305	3799	3939	4075	4690	5434	5988	5952	4769	3277	2858	2516	1906	969	 70419
09/09/10	Thu	521	372	273	227	327	1104	2830	4029	4006	3563	3385	3779	4092	4317	4810	4604	4976	5979	4883	3577	2891	2406	1665	1160	 69776
09/10/10	Fri	653	492	409	238	349	1072	2607	3948	4074	3606	3639	3995	4253	4423	4949	5388	5905	5953	4491	3916	2906	2650	2743	1726	 74385
09/11/10	Sat	1084	826	749	355	317	567	1126	2144	2624	3016	3603	3969	4248	4318	4183	4259	4215	3882	3544	2987	2657	2860	2341	1542	 61416
09/12/10	Sun	1138	862	798	413	252	391	682	1192	1698	2479	3029	3420	3564	3457	3375	3467	3654	3119	2803	2555	2224	1748	1409	791	 48520
09/13/10	Mon	472	300	322	205	343	1072	2717	3965	4000	3356	3148	3532	3746	3831	4669	5253	6268	6224	4667	3123	2483	2119	2027	900	 68742
09/14/10	Tue	519	330	250	192	303	1066	2855	4126	4003	3592	3365	3687	3895	4035	4583	5221	6199	6192	4598	3416	2891	2452	2345	1176	 71291
09/15/10	Wed	547	348	242	187	329	1056	2781	4141	4107	3546	3351	3842	3838	4236	4740	5519	6002	5869	5299	3553	2984	2510	1667	978	 71672
09/16/10	Thu	628	365	312	221	335	1060	2765	4036	4050	3598	3536	3900	3915	4165	4808	4545	6227	5896	4872	3874	3126	2607	1939	1116	 71896
09/17/10	Fri	732	528	397	239	372	1018	2603	3443	2726	3462	3558	4365	4558	4369	4698	5456	5940	5923	4783	3757	2943	2593	2179	1584	 72226
09/18/10	Sat	1073	861	763	462	374	514	1047	1906	2681	3182	3554	3984	3884	3971	4218	3857	3834	3571	3182	2955	2566	2476	2433	1682	 59030
09/19/10	Sun	1103	934	776	404	237	350	577	1263	1765	2426	3090	3386	3341	3460	3338	3105	3309	3631	3185	2552	2236	1846	1310	874	 48498
09/20/10	Mon	506	329	254	203	358	1045	2738	4029	4001	3329	3346	3605	3873	3932	4459	5240	5849	5961	4530	3172	2425	2008	1312	824	 67328
09/21/10	Tue	425	302	217	197	327	1074	2797	4084	3952	3548	3323	3754	3789	3987	4735	5345	5588	5059	5018	3386	2668	2260	1431	881	 68147
09/22/10	Wed	501	318	254	193	336	1099	2790	4064	3597	3389	3307	3743	3887	3987	4528	5221	5450	5268	4777	3316	2661	2657	1720	928	 67991
09/23/10	Thu	531	360	265	204	331	1082	2738	4118	4088	3651	3457	3839	3997	4044	4673	5493	6266	5969	4688	3937	2988	2653	1806	1178	 72356
09/24/10	Fri	657	487	374	281	343	1027	2634	3842	3990	3490	3726	4105	4608	4491	4914	5587	5955	5540	4264	3791	2984	3219	3144	1721	 75174
09/25/10	Sat	1248	921	769	405	341	502	1092	1999	2962	3472	3828	4275	4312	4281	4098	4074	4035	3679	3284	2852	2637	2597	2848	1967	 62478
09/26/10	Sun	1305	972	999	545	290	343	686	1358	1856	2721	3170	3440	3393	3572	3506	3313	3644	3502	3011	2677	2205	1962	1314	839	 50623
09/27/10	Mon	529	343	292	218	352	1033	2777	3953	3927	3501	3313	3660	3902	3852	4485	5295	5557	5942	4632	3378	2410	2507	1668	818	 68344
09/28/10	Tue	489	307	243	218	308	1081	2679	3989	3956	3636	3439	3740	3891	3982	4639	5459	5445	5675	4978	3618	2869	2587	2264	984	 70476
09/29/10	Wed	539	322	261	201	320	1057	2748	3999	3994	3582	3479	3914	3999	4051	4478	5172	6072	5781	5142	3661	2861	2420	1697	1083	 70833
09/30/10	Thu	603	400	276	198	351	1062	2867	4047	3883	3641	3432	3897	3901	4128	4644	4822	5387	5944	5185	3682	3123	2608	1879	1162	 71122
10/01/10	Fri	711	512	409	268	324	1044	2385	3773	3937	3695	3748	4121	4337	4640	5011	5720	6019	5611	4695	3682	2829	2712	2390	1704	 74277
10/02/10	Sat	1107	853	816	385	313	479	1127	1761	2591	3269	3525	4128	4203	4177	4260	3993	3976	3735	3094	2656	2274	2523	2267	1708	 59220
10/03/10	Sun	1152	878	797	411	300	413	754	1302	1705	2713	3439	3596	3533	3428	3355	3348	3193	3099	2973	2366	2050	1702	1279	800	 48586
10/04/10	Mon	499	316	268	191	311	1026	2638	3997	4018	3380	3291	3568	3843	3947	4497	5357	6224	5998	4791	3309	2409	2021	1375	856	 68130
10/05/10	Tue	462	271	248	212	324	1006	2705	3926	3893	3573	3396	3716	3926	4251	4550	5558	6254	6004	4836	3525	2677	2221	1539	962	 70035
10/06/10	Wed	514	333	231	222	331	1053	2856	4096	4170	3625	3389	3685	4016	3997	4721	5396	6324	6039	4911	3414	2792	2385	1594	1064	 71158
10/07/10	Thu	574	393	317	219	340	1023	2731	4011	3963	3516	3444	4021	4092	4186	4905	5401	6066	5832	4887	3758	2767	2655	1942	1834	 72877
10/08/10	Fri	755	538	430	265	332	922	2511	3791	3891	3519	3514	4053	4375	4154	4878	5432	5624	5701	4621	3542	2684	2788	2384	1580	 72284
10/09/10	Sat	1061	810	736	398	280	422	900	1758	2711	3028	3524	3935	4283	4183	4034	4009	3804	3820	3112	2803	2291	2448	2313	1576	 58239
10/10/10	Sun	1223	993	826	417	288	298	566	1139	1626	2263	2713	3117	3129	3094	3339	3366	3164	3016	2565	2160	1943	1560	1244	829	 44878
10/11/10	Mon	477	320	239	202	317	841	2246	3453	3690	3056	3188	3650	3640	3886	4459	5188	5793	6027	4540	3122	2407	1949	1348	880	 64918
10/12/10	Tue	469	278	223	199	297	963	2561	3681	3664	3121	3074	3559	3859	3993	4563	5466	6286	6128	4810	3220	2627	2173	1557	886	 67657
10/13/10	Wed	539	307	252	227	298	988	2679	3991	4162	3386	3312	3860	4134	4101	4794	5128	5818	6050	5051	3571	2753	2282	1731	977	 70391
10/14/10	Thu	593	374	279	224	345	998	2719	4032	4182	3571	3370	3907	4180	4310	4936	5477	6233	5926	4817	3782	2941	2339	2056	1262	 72853
10/15/10	Fri	709	510	429	271	352	936	2510	3807	4071	3697	3627	4045	4286	4379	4995	5551	5511	5616	4718	3686	2867	2624	2522	1670	 73389
10/16/10	Sat	1194	870	832	372	283	458	981	1786	2561	3084	3406	3936	4155	4147	4134	3937	4008	3688	3236	2828	2563	2644	2582	1874	 59559
10/17/10	Sun	1261	911	974	400	249	312	664	1108	1462	2263	2873	3102	3395	3810	3307	3172	3120	3560	3311	2570	2186	1686	1364	878	 47938
10/18/10	Mon	541	311	278	203	341	1002	2570	3777	4048	3371	3209	3600	3777	4078	4610	5318	6300	5979	4748	3098	2347	2015	1505	1180	 68206
10/19/10	Tue	492	298	213	202	311	979	2742	3933	4059	3501	3225	3796	3869	4054	4654	5157	5806	5764	5175	3515	2738	2445	1744	1059	 69731
10/20/10	Wed	543	349	219	209	345	1006	2707	3977	4181	3610	3250	3723	3684	3734	4637	5374	6218	5849	5137	3499	2820	2337	1661	996	 70065
10/21/10	Thu	549	357	286	231	308	946	2654	3936	3932	3616	3391	3790	3919	3251	4758	5320	6087	6069	4855	3549	2872	2634	2030	1186	 70526
10/22/10	Fri	717	456	450	276	324	877	2545	3744	3890	3504	3388	4116	4365	4494	4679	4895	5753	5910	4392	3415	2566	2585	2400	1597	 71338
10/23/10	Sat	1106	813	716	377	296	386	782	1530	2311	2860	3276	3805	4120	4044	4062	3968	3469	3477	3430	2899	2485	2738	2923	1955	 57828
10/24/10	Sun	1273	988	840	425	253	324	551	989	1426	2367	2645	3128	3431	3365	3280	3143	3253	3445	3038	2439	1897	1850	1370	988	 46708
10/25/10	Mon	522	328	264	199	280	924	2630	3948	3742	3324	3177	3465	3583	3645	4459	5128	5862	5809	4681	3052	2300	1871	1304	817	 65314
10/26/10	Tue	482	299	223	218	278	933	2451	3053	3923	3502	3216	3633	3900	3974	4522	4936	5590	5633	5151	3397	2618	2187	1447	902	 66468
10/27/10	Wed	477	329	236	214	299	949	2629	3971	4173	3535	3149	3751	3850	4017	4703	5549	6023	5877	4909	3409	2730	2601	1913	1109	 70402
10/28/10	Thu	610	423	303	222	355	922	2549	3816	3991	3449	3354	3776	3958	4122	4929	5407	6063	5809	4607	3793	2811	2423	1838	1225	 70755
10/29/10	Fri	689	513	459	264	305	868	2419	3588	3947	3569	3591	4023	4227	4584	5002	5426	5759	5079	4535	3475	2794	2549	2276	1698	 71639
10/30/10	Sat	1244	895	859	434	322	441	902	1709	2513	2904	3292	3962	4131	4134	3989	3905	3953	3616	3474	2915	2420	2554	2434	1768	 58770
10/31/10	Sun	1429	1229	1253	681	387	352	521	1125	1467	2285	2592	3014	3158	3225	3325	3332	3289	2966	2405	2087	2130	1968	1465	893	 46578
11/01/10	Mon	611	407	418	249	335	936	2378	3261	4040	3509	3324	3607	3910	3947	4511	5248	6222	6074	4871	3200	2370	1953	1333	851	 67565
11/02/10	Tue	478	296	238	181	292	947	2705	3982	3961	3498	3318	3691	3879	3955	4653	5596	6249	5791	5119	3393	2635	2262	1528	1182	 69829
11/03/10	Wed	611	363	282	232	309	937	2707	4052	4098	3611	3303	3688	4004	4021	4673	5483	6143	5970	4931	3367	2749	2472	1815	1172	 70993
11/04/10	Thu	557	406	274	236	312	930	2640	4002	4133	3563	3424	3481	3841	4108	4683	5428	6037	5832	4839	3584	2865	2516	1907	1249	 70847
11/05/10	Fri	650	457	361	243	319	929	2500	3982	4135	3684	3531	3949	4369	4159	5111	5616	5856	5590	4815	3745	2826	2696	2607	2044	 74174
11/06/10	Sat	1159	862	761	390	311	428	977	1929	2668	2936	3303	3899	4359	4192	4045	4049	4069	3693	3177	2901	2466	2908	2487	1730	 59699
11/07/10	Sun	736	915	698	556	269	200	308	645	1440	1726	2730	2933	3301	3761	3778	3529	3394	3530	3338	2719	2209	1886	1533	1195	 47329
11/08/10	Mon	421	286	252	182	323	1022	2781	4135	3952	3526	3392	3650	3947	3891	4534	5206	6035	5875	4306	2793	2232	1759	1353	764	 66617
11/09/10	Tue	426	262	223	200	287	978	2769	4195	4019	3557	3329	3664	3890	3528	4252	4628	5530	5412	4173	2760	2280	1989	1766	849	 64966
11/10/10	Wed	482	268	254	177	293	930	2630	4038	4247	3596	3363	3845	4083	4150	4751	5541	6166	6176	4866	3208	2765	2150	1429	983	 70391
11/11/10	Thu	604	358	295	216	310	819	2073	3313	3381	2994	3038	3355	3463	3683	4306	4943	5696	5573	4015	2823	2328	1944	1452	1330	 62312
11/12/10	Fri	781	463	388	241	294	902	2402	3852	4009	3664	3637	3974	4527	4530	5120	5441	5855	5950	4817	3216	2618	2477	2321	1602	 73081
11/13/10	Sat	1102	815	716	371	287	382	1016	1975	2712	3033	3496	3924	3659	3999	3920	3951	3841	3805	3265	2600	2264	2344	2252	1834	 57563
11/14/10	Sun	1176	904	869	406	236	331	617	1228	1477	2295	2451	3013	3242	3375	3315	2981	3138	3277	2531	2375	1839	1459	1166	776	 44477
11/15/10	Mon	505	274	288	192	317	931	2632	3793	3859	3407	3106	3538	3615	3770	4106	5337	6112	6046	4304	2876	2372	2007	1340	848	 65575
11/16/10	Tue	486	289	215	184	294	915	2695	4040	4070	3187	3475	3773	3869	3738	4264	5272	5056	5739	3899	3102	2462	2142	1792	950	 65908
11/17/10	Wed	468	314	231	196	317	938	2563	4007	4049	3816	3305	3768	3868	4100	4664	5376	5771	5783	4930	3209	2733	2412	1852	966	 69636
11/18/10	Thu	537	339	283	200	315	966	2670	4182	4275	3745	3492	3881	3947	4138	4725	5442	5814	5807	4947	3609	2785	2349	1895	1204	 71547
11/19/10	Fri	680	490	442	369	321	922	2623	4169	4305	3793	3657	3945	4419	4451	5000	5445	5934	5817	4483	3572	2665	2960	2598	1624	 74684
11/20/10	Sat	1241	869	798	375	321	463	1383	2321	2741	2987	3343	3701	4097	3924	4175	4100	4004	3791	3069	2548	2211	2684	2317	1636	 59099
11/21/10	Sun	1120	906	850	399	272	343	855	1548	1662	2340	2745	3120	3284	3420	3349	3234	3339	3028	2420	2000	1791	1445	1293	767	 45530
11/22/10	Mon	500	315	269	195	299	913	2623	4059	4168	3493	3345	3607	3768	3856	4513	5153	5991	5710	4501	2577	1960	1694	1337	846	 65692
11/23/10	Tue	499	308	225	189	307	967	2629	4132	4238	3556	3349	3877	4048	4074	4472	5289	5972	5995	4599	3127	2335	2045	1755	1390	 69377
11/24/10	Wed	669	383	271	223	307	873	2335	3413	3695	3241	3334	3969	4403	4315	5114	5467	5506	4780	3133	2584	2008	1755	1582	1050	 64410
11/25/10	Thu	782	601	509	235	171	291	582	962	1190	1778	2313	2930	3402	3324	3027	2587	2392	2356	2417	2520	2365	2027	1577	1023	 41361
11/26/10	Fri	631	401	405	345	424	633	1421	2206	2401	2683	3125	3419	3606	3636	3637	3741	3722	3543	2773	2380	2097	1938	2104	1122	 52393
11/27/10	Sat	846	628	655	301	236	408	977	1768	1982	2484	2731	3202	3421	3378	3427	3520	3370	3400	2811	2478	2061	2275	2231	1284	 49874
11/28/10	Sun	993	829	775	349	238	319	651	1184	1399	2073	2358	2812	3019	3147	2934	2769	3058	3031	2684	2125	1916	1543	1096	664	 41966
11/29/10	Mon	436	269	230	191	312	921	2430	3918	3909	3254	2946	3431	3527	3566	4365	5315	6085	6149	4295	2786	2070	1684	1264	739	 64092
11/30/10	Tue	438	304	218	211	279	899	2603	4032	4052	3581	3195	3787	3941	4135	4600	5334	6054	6043	4784	3370	2437	2143	1756	1001	 69197
12/01/10	Wed	524	304	261	210	305	944	2636	4147	4420	3586	3329	3724	3982	4079	4628	5358	5869	5888	5208	3350	2602	2538	1708	1063	 70663
12/02/10	Thu	558	377	315	235	312	967	2596	4192	4055	3675	3438	3835	3884	4027	4810	5249	6073	5656	5133	3251	2473	2252	1737	1171	 70271
12/03/10	Fri	630	485	327	240	292	783	2460	4162	4401	3794	3574	4010	4195	4585	5005	5625	5371	5004	4143	3487	3038	3409	3664	1860	 74544
12/04/10	Sat	1143	831	750	423	296	472	1563	2316	2768	3207	3660	3815	4065	3894	3977	3816	3907	3662	3145	3257	3074	2668	2361	1481	 60551
12/05/10	Sun	1155	922	836	392	255	311	826	1531	1630	2313	2619	2888	3206	3152	3415	3326	3409	3010	2563	2176	2174	1947	1226	782	 46064
12/06/10	Mon	446	275	236	194	326	891	2573	3984	4105	3506	3243	3565	3600	4043	4544	5399	6324	6134	4482	3104	2341	1866	1321	859	 67361
12/07/10	Tue	430	299	216	208	299	888	2621	4124	4286	3599	3311	3858	3762	4018	4402	4997	5748	5659	5130	3230	2574	2292	1667	947	 68565
12/08/10	Wed	507	316	242	215	310	901	2683	3998	4398	3793	3471	3850	4133	4007	4639	5399	5760	5813	5067	3225	2764	2373	1708	1113	 70685
12/09/10	Thu	528	353	283	226	303	962	2632	4119	4348	3813	3416	3852	3969	4253	4539	5267	6010	6033	4624	3591	2897	2779	1890	1184	 71871
12/10/10	Fri	763	526	472	294	322	876	2484	4033	4148	3778	3603	4149	4452	4805	5165	5537	6123	5598	4720	3428	2714	3056	2611	1718	 75375
12/11/10	Sat	1167	802	763	371	259	625	1999	2244	2457	2981	3449	3892	4138	4170	4105	3961	4238	3899	3054	2846	2314	2836	2583	1911	 61064
12/12/10	Sun	1377	915	854	399	238	313	1027	1581	1525	2316	2614	3161	3398	3490	3596	3377	3333	3162	2619	2457	1956	1933	1344	793	 47778
12/13/10	Mon	452	290	249	196	286	880	2586	4085	4109	3678	3252	3575	3919	3960	4525	4618	5791	5969	4582	3230	2333	2141	1756	892	 67354
12/14/10	Tue	491	292	236	243	317	946	2645	4175	4272	3573	3460	3842	3841	4151	4851	5350	6054	5840	4602	3439	2684	2714	1877	910	 70805
12/15/10	Wed	512	323	268	232	327	930	2699	4263	4277	3551	3602	3840	4072	4323	4910	5588	5555	5580	4918	3277	2548	2389	1714	1086	 70784
12/16/10	Thu	623	403	299	235	331	946	2657	4111	4246	3581	3381	3894	3992	4304	4578	5477	5967	4223	4857	3395	2826	2599	1972	1549	 70446
12/17/10	Fri	928	575	469	305	357	887	2319	4000	4235	3517	3568	4183	4475	4519	4944	5476	6006	5746	4459	3704	2969	3018	2983	1807	 75449
12/18/10	Sat	1243	883	744	404	303	493	1681	2100	2419	2850	3517	4071	4256	4245	4175	4031	4173	3584	3139	3065	2525	2758	2861	1844	 61364
12/19/10	Sun	1342	1046	884	449	252	404	1115	1410	1637	2402	2626	3156	3503	3594	3439	3063	3337	3227	2920	2375	2571	2650	1534	1040	 49976
12/20/10	Mon	592	430	327	205	295	925	2469	4035	3841	3481	3382	3767	3949	4070	4635	4974	6043	5887	4375	2981	2243	2106	1461	1095	 67568
12/21/10	Tue	590	445	267	235	312	947	2596	3885	3966	3454	3422	4054	4005	4135	4458	4970	5581	5799	4616	3181	2588	2370	2103	1197	 69176
12/22/10	Wed	699	416	311	205	331	883	2441	3788	3823	3467	3438	3886	4153	4508	4672	5219	6136	5612	4341	3181	2681	2420	1833	1625	 70069
12/23/10	Thu	753	464	418	240	305	770	2178	3306	3423	3307	3490	4077	4209	4944	5270	5167	5208	4616	3517	2879	2482	2561	2189	1320	 67093
12/24/10	Fri	893	662	565	317	252	447	1179	1708	1953	2364	2968	3391	3685	3822	3751	3833	3881	3316	2981	2479	2295	2277	1943	1379	 52341
12/25/10	Sat	916	657	443	198	139	227	508	893	1088	1520	2054	2352	2761	2934	2781	2592	2521	2328	2279	2288	2156	1860	1496	946	 37937
12/26/10	Sun	568	403	378	218	164	304	722	1106	1214	1781	2339	2770	3088	3170	3233	3035	2874	3427	2648	2276	2186	2088	1344	862	 42198
12/27/10	Mon	602	421	381	201	243	730	2003	3008	3153	3053	3130	3511	3700	3895	4305	4725	5367	4841	3368	2595	1952	1873	1985	939	 59981
12/28/10	Tue	540	325	245	184	275	754	2178	3387	3644	3285	3329	3616	3854	4075	4472	5124	5652	5726	3919	2767	2140	2556	1624	1029	 64700
12/29/10	Wed	620	441	319	204	288	752	2248	3592	3670	3333	3396	3848	4007	4212	4714	5262	5712	5762	4226	2900	2404	2255	1640	1054	 66859
12/30/10	Thu	737	541	450	268	306	738	2135	3198	3219	3275	3324	3222	3412	3076	3380	3247	3257	2802	1885	1398	1146	1017	913	712	 47658
12/31/10	Fri	514	380	440	240	240	371	901	1166	1282	1438	1738	2126	2667	2711	2960	3185	3046	2519	2357	1993	1784	1609	1358	962	 37987