01/01/10	Fri	968	1281	1135	691	477	454	606	677	796	1118	1488	2066	2316	2606	2595	2975	3003	2882	2825	2400	1790	1537	1333	971	 38990
01/02/10	Sat	693	537	453	285	278	436	780	1073	1540	2044	2397	2983	3317	3511	3715	3545	3588	3560	3255	2803	2237	2239	2079	1600	 48948
01/03/10	Sun	1178	733	627	355	280	380	654	742	1133	1806	2705	3193	3744	4074	3453	3159	3221	3317	3095	2403	1906	1632	1145	680	 45615
01/04/10	Mon	451	343	356	254	448	1382	3877	5067	5912	4108	3488	3400	3674	3786	3798	4302	4635	4776	3748	2484	1719	1498	1382	707	 65595
01/05/10	Tue	424	228	174	239	468	1432	4018	6504	5653	4576	3728	3606	3753	3927	4055	4657	4721	4964	4063	2599	1783	1607	1306	760	 69245
01/06/10	Wed	433	273	235	221	444	1457	3992	6222	5795	4558	3477	3327	3500	3482	3516	3378	2973	2755	2934	1856	1132	975	815	475	 58225
01/07/10	Thu	306	196	200	259	447	1278	3173	3912	3848	3743	3130	3046	3267	3458	3560	4040	4359	4523	3592	2566	1675	1556	1356	742	 58232
01/08/10	Fri	410	295	258	252	415	1244	3562	5678	5382	4478	3761	3892	4104	4057	4149	4541	4874	4905	4298	3312	2288	2069	1878	1220	 71322
01/09/10	Sat	832	607	514	328	342	494	998	1445	2221	2794	3138	3529	3766	3918	3970	4094	4254	4260	3982	3264	2367	2173	2029	1409	 56728
01/10/10	Sun	890	663	712	392	294	365	693	839	1332	2033	2762	3119	3675	3796	3818	3531	3532	3590	3210	2600	2103	1796	1187	717	 47649
01/11/10	Mon	439	263	292	233	457	1416	3954	6161	5677	4667	3670	3587	3600	3873	3893	4383	4717	4907	4061	2635	1722	1435	1203	632	 67877
01/12/10	Tue	349	248	197	246	447	1382	4115	6331	5763	4656	3728	3756	3784	3856	4005	4473	4841	5003	4054	2760	1861	1691	1244	730	 69520
01/13/10	Wed	386	277	212	211	430	1449	4106	6385	5821	4772	3777	3845	3901	3978	4035	4572	4905	5167	4458	2941	1889	1786	1344	734	 71381
01/14/10	Thu	450	247	225	258	445	1419	4030	6374	6032	4636	3692	3929	3805	4041	3977	4459	4931	4919	4072	2890	2097	1880	1415	854	 71077
01/15/10	Fri	437	317	259	257	447	1316	3700	5965	5824	4694	3942	4112	4231	4152	4265	4854	4965	5013	4123	3167	2306	2279	2206	1305	 74136
01/16/10	Sat	866	654	555	377	333	496	960	1465	2243	2882	3500	3785	4377	4078	3968	3829	3876	4592	4286	3015	2381	2340	2148	1497	 58503
01/17/10	Sun	879	704	778	414	284	363	659	782	1341	2088	2820	3105	3410	3630	3646	3570	3548	3558	3264	2506	1854	1963	1624	915	 47705
01/18/10	Mon	532	466	466	289	425	1123	3070	4498	4326	3808	3650	3865	4039	4046	4155	4439	4389	4412	4073	2729	1849	1659	1263	690	 64261
01/19/10	Tue	401	252	163	250	425	1413	4139	6416	6322	5033	3943	3896	3902	3919	4048	4595	4659	4861	3973	2560	1965	1729	1222	759	 70845
01/20/10	Wed	381	254	202	239	442	1400	4119	6424	6368	4800	3828	4003	3866	3846	3979	4498	4863	5073	4156	2785	2070	1849	1345	641	 71431
01/21/10	Thu	384	266	230	253	442	1447	4022	6508	6408	4953	3845	3877	3712	3773	4059	4613	5036	4490	3978	2932	2339	2008	1423	762	 71760
01/22/10	Fri	508	278	283	283	443	1327	3781	6454	6080	4681	3880	4024	4143	4165	4251	4765	4900	4855	4302	3181	2219	2226	1970	1289	 74288
01/23/10	Sat	848	644	665	339	336	486	986	1554	2426	2876	3248	3433	3783	3889	3875	4100	4019	4345	4222	3203	2472	2202	2075	1427	 57453
01/24/10	Sun	901	699	739	397	287	368	678	846	1289	1897	2656	2907	3456	3573	3326	3217	3425	3390	2908	2182	2061	2115	1442	787	 45546
01/25/10	Mon	443	324	333	261	450	1397	3974	6483	6060	4830	3815	3678	3881	3870	3930	4466	4830	5030	4052	2664	1824	1592	1173	616	 69976
01/26/10	Tue	351	234	174	217	470	1387	4071	6400	6433	4927	3772	3825	3785	3851	4016	4461	4918	5030	3976	2678	1944	1837	1275	714	 70746
01/27/10	Wed	368	212	201	221	450	1409	4114	6028	6207	4859	3720	3877	3819	3909	3893	4372	4430	4788	3853	2631	2021	1811	1271	727	 69191
01/28/10	Thu	408	230	241	273	472	1350	3861	6080	5826	4726	3693	3674	3766	3750	3824	4410	4805	4834	4062	2718	2087	1907	1429	753	 69179
01/29/10	Fri	477	298	261	277	458	1282	2554	3448	5597	4755	3830	3733	4000	4089	4267	4775	4641	4924	4243	3162	2357	2129	2041	1360	 68958
01/30/10	Sat	909	664	647	424	334	515	956	1510	2366	2949	3338	3549	3697	3925	3979	4193	4338	4577	4461	3617	2794	2360	2213	1548	 59863
01/31/10	Sun	1007	749	802	440	292	386	634	825	1421	2168	2916	3427	3773	3967	3868	3854	4052	4120	3455	2639	2283	1967	1241	816	 51102
02/01/10	Mon	487	360	321	281	462	1360	4027	6206	6204	4802	3745	3740	3868	3862	4079	4302	4601	5067	4134	2590	1816	1654	1240	664	 69872
02/02/10	Tue	386	263	178	232	439	1388	4099	6372	6172	4955	3911	3795	3825	3874	4028	4568	4905	5171	4317	2827	1939	1887	1368	719	 71618
02/03/10	Wed	403	265	183	219	447	1437	4169	6476	6196	4935	3847	4099	3859	3930	4054	4586	4891	5143	4241	3071	2184	1862	1359	771	 72627
02/04/10	Thu	450	259	268	240	461	1395	3980	6244	6033	4768	3776	3913	3825	3973	4092	4421	4828	4955	4035	2979	2115	2025	1520	816	 71371
02/05/10	Fri	465	273	251	265	449	1302	3718	6211	5851	4777	3740	4079	4121	4347	4334	4824	5034	5009	4496	3371	2382	2298	1946	1333	 74876
02/06/10	Sat	857	669	537	398	306	505	982	1618	2501	2965	3346	3612	3889	4078	4031	4250	4349	4643	4424	3547	2470	2360	1926	1473	 59736
02/07/10	Sun	968	709	738	421	269	352	641	801	1187	1676	2233	2558	2843	3246	3429	3498	3441	2121	1708	1306	2225	1953	1180	656	 40159
02/08/10	Mon	400	255	290	263	477	1238	3384	3998	3687	3797	3121	2839	2860	3010	3092	3683	3898	3803	3144	2115	1326	1218	958	555	 53411
02/09/10	Tue	331	191	192	233	452	1324	3769	5631	5642	4723	3729	3682	3765	3720	3956	4322	4727	5049	4283	2946	1975	1801	1315	747	 68505
02/10/10	Wed	364	228	223	221	433	1418	3929	6153	6124	4917	3843	3777	3907	4032	4070	4461	4860	4986	4247	3075	2163	1969	1399	752	 71551
02/12/10	Fri	513	305	308	277	468	1341	3688	6018	5573	4635	4096	4275	4260	4272	4442	4793	4845	4836	4286	3339	2397	2255	2125	1337	 74684
02/13/10	Sat	895	605	576	417	324	491	987	1477	2304	2956	3424	3699	4003	3962	3960	4215	4285	4236	3995	3374	2790	2534	2079	1546	 59134
02/14/10	Sun	929	740	773	403	271	349	538	680	964	1464	2187	2562	3112	3467	3287	3323	3398	3366	3263	2503	1960	1747	1376	977	 43639
02/15/10	Mon	592	493	466	300	429	1032	2928	4374	4386	3894	3639	3959	4169	4162	4214	4214	4351	4347	3913	2948	1951	1817	1267	710	 64555
02/16/10	Tue	411	268	187	248	440	1323	3964	6093	5883	5128	3990	4038	4049	4044	4119	4446	4963	5078	4329	2940	2078	2005	1402	768	 72194
02/17/10	Wed	447	295	219	244	460	1382	4067	6528	6268	4934	3943	3981	3836	3989	3996	4636	4845	5035	4048	2892	2096	2087	1384	745	 72357
02/18/10	Thu	423	310	241	233	457	1328	4024	6632	6061	5003	3949	4096	4022	4122	4288	4647	4666	4349	3456	2396	1729	1539	1155	627	 69753
02/19/10	Fri	395	242	234	290	442	1194	3339	5066	5128	4280	3455	3666	3820	3941	4092	4353	4625	4356	3671	2986	2082	1891	1583	1098	 66229
02/20/10	Sat	744	506	511	326	324	463	904	1426	2185	2611	2821	3333	3399	3513	3668	3776	3803	4086	3796	3201	2451	2063	1694	1305	 52909
02/21/10	Sun	724	526	579	392	279	384	591	794	1157	1731	2367	2766	3205	3586	3215	2865	3028	3006	2651	2319	1779	1851	1135	681	 41611
02/22/10	Mon	365	317	296	260	493	1260	3091	4479	4850	4552	3410	3436	3588	3623	3739	4372	4603	4944	4232	2786	1782	1575	1300	669	 64022
02/23/10	Tue	367	252	175	234	470	1382	4016	6176	6041	4865	3816	3746	3786	3818	3939	4445	4808	4972	4316	2777	1995	1814	1390	795	 70395
02/24/10	Wed	402	258	206	239	451	1439	4140	6262	6375	4867	3917	3891	3856	3853	3951	4623	4816	5178	4159	2932	2094	2004	1419	806	 72138
02/25/10	Thu	470	272	252	285	456	1419	4110	6683	6095	4964	3920	3943	3947	3960	3985	4463	4814	4795	3569	2739	2131	1847	1428	795	 71342
02/26/10	Fri	427	284	270	257	444	1235	3629	5566	5730	4688	3818	3858	4111	4175	4215	4756	4808	5277	3974	2356	2638	2277	2060	1460	 72313
02/27/10	Sat	902	629	611	406	334	475	1045	1803	2597	3075	3402	3623	3818	4021	4176	4271	4478	4686	4455	3719	2658	2437	2204	1582	 61407
02/28/10	Sun	989	760	743	424	316	376	645	918	1465	2121	2860	3304	3647	4093	3868	3569	3778	3525	2942	2326	1812	1672	1394	838	 48385
03/01/10	Mon	416	337	283	243	447	1366	4021	6276	6020	4825	3787	3621	3861	3880	3936	4528	4779	4995	4439	2766	1831	1668	1299	729	 70353
03/02/10	Tue	400	273	234	208	433	1376	4105	6121	6325	5109	3835	3892	3892	3970	4012	4471	4990	5166	4199	2957	2093	1854	1421	762	 72098
03/03/10	Wed	426	260	225	243	422	1394	4171	6315	6308	4934	3923	4002	3890	3884	4103	4525	4962	5152	4422	3152	2183	1864	1460	813	 73033
03/04/10	Thu	489	274	273	262	451	1388	4159	5985	6204	4877	3872	4006	3975	3924	4178	4576	4946	5131	4405	3183	2211	2024	1580	925	 73298
03/05/10	Fri	483	329	319	288	465	1281	3735	6410	5799	4875	3946	4059	4290	4156	4382	4812	5186	5129	4959	3824	2486	2206	2027	1441	 76887
03/06/10	Sat	920	644	584	374	304	517	1058	1769	2708	3282	3644	3707	3994	4004	4133	4402	4516	4636	4770	3496	2410	2309	2023	1468	 61672
03/07/10	Sun	999	715	746	440	287	350	654	915	1422	2172	2975	3473	3685	4024	3777	3717	3825	3836	3462	2839	2148	1744	1402	823	 50430
03/08/10	Mon	519	340	346	251	436	1364	4030	6386	6297	4758	3779	3697	3727	3813	3876	4425	4917	4916	4126	2770	1835	1613	1183	695	 70099
03/09/10	Tue	447	256	217	208	455	1384	3999	6511	6140	4964	3836	3900	4002	4034	4007	4422	4898	5065	4337	2971	2066	1834	1383	714	 72050
03/10/10	Wed	404	257	238	222	456	1416	4169	5665	6221	4820	3858	3874	4019	3940	4097	4701	4771	4934	3976	2854	2007	1847	1308	697	 70751
03/11/10	Thu	452	264	257	252	443	1394	4113	5996	6360	4849	3953	4016	3815	4063	4164	4815	5049	5222	4607	3161	2193	1914	1641	883	 73876
03/12/10	Fri	511	328	322	285	451	1286	3794	6207	6153	4883	3905	4156	4087	4356	4418	4807	4843	4884	4670	3554	2445	2339	2076	1452	 76212
03/13/10	Sat	890	641	602	370	328	536	1042	1803	2834	3814	4075	3831	3899	3959	4204	4419	4388	4542	4495	3495	2520	2342	2027	1629	 62685
03/15/10	Mon	487	288	307	232	460	1309	3722	5921	6107	4872	3808	3673	3797	3877	3905	4470	4864	4927	4019	2968	2194	1892	1400	819	 70318
03/16/10	Tue	494	280	236	253	446	1366	3893	5957	6111	5256	3977	3863	3804	4023	4146	4727	5055	4226	4578	3304	2409	2040	1549	954	 72947
03/17/10	Wed	535	289	236	242	469	1406	3900	5817	6236	5159	4037	4057	4002	4095	4184	4696	5054	5090	4519	3484	2532	2247	1647	977	 74910
03/18/10	Thu	632	368	368	291	492	1394	3968	5761	6161	4988	4063	4035	4179	4189	4181	4695	5041	5353	4431	3443	2466	2144	1665	974	 75282
03/19/10	Fri	564	348	300	251	440	1147	3104	4865	4194	3568	2929	2913	2921	3065	3134	3485	3211	2377	2136	1736	1333	1153	1121	784	 51079
03/20/10	Sat	529	363	294	250	247	460	773	1172	1750	2287	2601	3051	3583	3643	3751	4031	3903	4192	4082	3274	2554	2399	2185	1543	 52917
03/21/10	Sun	998	794	773	447	293	414	672	892	1353	2075	2815	3154	3688	3904	3921	3790	3794	3683	3359	2736	2266	1966	1429	897	 50113
03/22/10	Mon	509	419	357	297	409	1356	3855	5854	5046	5107	3835	3761	3870	3934	4032	4564	4853	4992	4016	2967	2168	1768	1356	806	 70131
03/23/10	Tue	507	287	241	234	460	1331	3923	5936	5650	4842	3920	3773	3974	4005	4043	4300	4372	3989	2724	1597	1192	775	579	408	 63062
03/24/10	Wed	258	170	150	207	358	920	2164	2582	2162	2603	2313	2319	2599	2580	2676	3014	3347	3671	3325	2413	1800	1593	1201	736	 45161
03/25/10	Thu	463	312	269	235	503	1344	3666	5077	4985	4961	3907	3854	3879	4107	3958	4626	4959	5043	4327	3171	2303	2104	1665	953	 70671
03/26/10	Fri	539	362	311	284	479	1290	3666	6140	5590	4667	3939	4037	4210	4341	3982	4561	4681	4595	3814	2843	2190	2078	1893	1220	 71712
03/27/10	Sat	802	603	601	315	329	498	876	1383	2133	2679	3059	3379	3661	3587	3744	3906	3835	3955	3786	3215	2467	2237	2030	1583	 54663
03/28/10	Sun	1023	769	764	415	308	376	704	899	1352	2004	2878	3238	3582	3792	3599	3669	3644	3626	3265	2741	2247	2130	1370	940	 49335
03/29/10	Mon	517	373	409	250	441	1255	3551	5636	4249	4554	3813	3740	3802	3869	4019	4239	4563	4892	3957	2720	1972	1724	1330	766	 66641
03/30/10	Tue	435	280	214	220	422	1340	3725	6071	5657	4640	4147	4034	4120	4027	4153	4396	4784	4991	4062	3005	2179	2014	1498	816	 71230
03/31/10	Wed	515	312	259	201	453	1278	3830	5887	5784	4699	4122	4030	4019	4166	4091	4529	4762	5254	4317	3112	2291	1701	1457	818	 71887
04/01/10	Thu	498	327	237	250	438	1288	3760	5915	5785	4684	4096	4066	4035	4147	4209	4482	4851	5002	4164	3240	2477	2065	1670	880	 72566
04/02/10	Fri	597	371	317	272	446	1159	3123	4934	4993	4298	4016	4083	4359	4345	4293	3990	4350	4845	4497	3729	2671	2259	1996	1401	 71344
04/03/10	Sat	894	595	539	371	305	461	942	1443	2180	2943	3335	3761	3948	4186	3987	4032	4047	4031	4042	3201	2548	2373	2138	1558	 57860
04/04/10	Sun	1016	736	775	407	287	378	569	955	1719	2278	2914	3130	3784	3876	3857	3532	3727	3835	3425	3127	2627	2101	1442	937	 51434
04/05/10	Mon	564	390	324	227	456	1352	3897	6500	6048	4779	4062	3771	3882	3862	4029	4484	4744	4839	3963	2883	2059	1699	1480	760	 71054
04/06/10	Tue	441	274	191	225	450	1343	4047	6028	6168	5097	4009	3806	3926	4020	3974	4481	4900	5010	4305	2919	2075	1767	1360	779	 71595
04/07/10	Wed	465	270	218	214	425	1318	3689	5604	5754	4833	3866	3766	3835	3930	4061	4443	4898	5347	4648	3108	2287	2061	1462	891	 71393
04/08/10	Thu	474	311	264	240	449	1346	3969	6132	6350	5284	4099	4018	3967	4104	4329	4715	5204	5342	4663	3521	2881	2300	1700	931	 76593
04/09/10	Fri	582	370	336	278	485	1241	3833	6099	6216	4913	4243	4775	4804	4524	4265	4535	5126	4804	4472	3508	2653	2301	2052	1444	 77859
04/10/10	Sat	955	597	577	371	312	515	1154	1796	2789	3372	3669	3804	4198	4016	4090	4183	4583	4716	4286	3345	2633	2304	2291	1650	 62206
04/11/10	Sun	1084	795	894	497	315	369	713	1073	1567	2359	3064	3767	4430	4012	3725	3499	3617	3570	3262	2621	2392	1942	1331	847	 51745
04/12/10	Mon	546	398	295	260	450	1326	3931	6587	6348	4799	3952	3768	3802	3895	3980	4435	4826	4885	4356	3087	2117	1869	1369	749	 72030
04/13/10	Tue	456	244	220	202	469	1365	4019	6195	6295	5208	4061	3949	4023	4117	4097	4391	3941	5003	4167	3008	2317	2020	1508	807	 72082
04/14/10	Wed	433	287	229	238	471	1361	4097	6371	6204	4818	3889	3904	3953	4089	4114	4744	4858	5087	4465	3185	2360	2074	1583	847	 73661
04/15/10	Thu	491	327	241	252	451	1357	4057	6389	6096	4620	4219	4213	4396	4028	4118	4547	4836	4973	4163	3350	2613	2147	1760	912	 74556
04/16/10	Fri	580	356	312	298	464	1284	3823	6397	6072	4860	4128	3989	4055	4052	4102	4715	4880	4966	4457	3704	2610	2405	2151	1476	 76136
04/17/10	Sat	946	571	588	414	352	521	1118	1764	2742	3307	3540	3682	3818	4115	3930	3751	3941	3922	3980	3480	2902	2452	2126	1688	 59650
04/18/10	Sun	1180	795	728	490	291	366	693	1012	1571	2263	2937	3308	3657	3954	3914	3780	3839	3943	3784	3103	2460	2101	1432	943	 52544
04/19/10	Mon	480	356	311	252	444	1366	4032	6510	6266	4931	3969	3795	3857	3807	3938	4471	4723	4952	4011	3112	2465	1896	1371	707	 72022
04/20/10	Tue	503	288	193	247	457	1366	4140	6493	6422	4924	3937	3862	3869	3985	4138	4484	4737	5042	4368	3387	2318	1902	1545	803	 73410
04/21/10	Wed	444	326	204	237	436	1433	4124	6642	6419	5057	4000	3920	3938	3953	4000	4395	4846	4929	4185	3121	2313	1908	1346	802	 72978
04/22/10	Thu	458	283	257	234	442	1369	3922	6387	6188	4787	4014	3951	4013	4068	4289	4396	4598	4933	4052	2898	2220	1990	1640	865	 72254
04/23/10	Fri	509	326	307	250	443	1245	3460	5271	5425	4465	3725	3439	3152	3613	3719	4129	4154	4306	4064	3044	2172	1896	1804	1320	 66238
04/24/10	Sat	794	569	472	339	308	530	963	1527	2405	2777	3204	3501	3802	3856	3922	3952	4093	4103	4259	3515	2666	2395	2190	1785	 57927
04/25/10	Sun	1050	722	756	463	296	399	793	1245	1725	2190	3082	3055	3475	3652	3688	3464	3358	3359	3017	2373	1846	1547	1094	818	 47467
04/26/10	Mon	487	337	266	234	433	1272	3830	6283	6264	4816	3854	3770	3810	3889	3958	4408	4772	4909	4067	2852	2061	1894	1305	790	 70561
04/27/10	Tue	371	258	205	213	416	1372	4075	5979	6390	5036	4010	4017	3871	3928	3925	4561	4824	5154	4426	2963	2415	1937	1492	812	 72650
04/29/10	Thu	565	299	277	248	458	1335	3922	6074	5821	4927	3925	3704	3857	4085	3959	4320	4687	4981	4103	2939	2157	1905	1751	916	 71215
04/30/10	Fri	504	334	358	268	438	1288	3898	6173	6066	4952	4185	4086	3993	3973	4091	4418	4355	4468	4016	3093	2432	2000	1688	1304	 72381
05/01/10	Sat	791	512	485	308	251	488	1043	1561	2426	2648	2976	3037	3151	3169	3177	3230	3133	3175	3015	2629	2120	1928	1813	1625	 48691
05/02/10	Sun	970	669	700	384	279	382	700	1026	1336	1945	2669	2871	3371	3473	3372	3283	3323	3334	2851	2223	1955	1630	1246	823	 44815
05/03/10	Mon	522	368	343	235	433	1350	4010	6390	6348	4756	3869	3614	3836	3879	4017	4424	4543	4685	3845	2787	2334	1816	1394	740	 70538
05/04/10	Tue	398	262	215	214	433	1348	4104	6519	6384	4821	4031	3942	3838	4037	4059	4333	4662	4914	4073	3018	2338	2088	1517	806	 72354
05/05/10	Wed	488	308	230	213	406	1383	4229	6405	6128	4980	4015	3880	3970	3989	4136	4272	4638	4968	4218	3187	2526	2018	1544	928	 73059
05/06/10	Thu	526	329	337	235	437	1384	4127	6255	6134	5015	4070	4007	4098	4124	4088	4510	4762	4971	4144	3002	2408	2145	1638	883	 73629
05/07/10	Fri	561	338	299	264	437	1279	3801	6209	6029	4691	4097	4165	4296	4239	4338	4620	4764	4728	4483	3702	2744	2406	2084	1547	 76121
05/08/10	Sat	868	643	597	355	305	526	1185	1809	2778	3410	3587	3751	4083	3976	3973	4142	4127	3961	3815	3331	2586	2409	2017	1780	 60014
05/09/10	Sun	1069	714	732	425	300	352	683	989	1610	2320	3193	3463	3752	3987	3829	3701	3907	3618	3344	2964	2589	2169	1522	960	 52192
05/10/10	Mon	602	373	383	217	481	1348	4035	6481	6201	4908	3857	3690	3831	3796	3882	4393	4691	4981	4196	2942	2103	1834	1361	764	 71350
05/11/10	Tue	403	295	210	205	443	1337	4148	6606	6338	5012	4090	3644	3791	4122	3923	4563	4581	4888	3893	2568	1775	1572	1175	648	 70230
05/12/10	Wed	404	242	215	194	405	1261	3799	6002	6004	4576	3702	3698	3990	3874	3840	4239	4578	4664	3742	2538	1932	1732	1369	784	 67784
05/13/10	Thu	476	272	229	223	420	1233	3908	6450	6421	5018	4047	4182	3837	3968	4093	4414	4839	5134	4389	3103	2174	2082	1617	937	 73466
05/14/10	Fri	601	335	294	269	448	1261	3761	6286	6079	4932	4022	4049	4145	4369	4262	4565	4175	4396	3816	3047	2324	2368	2051	1270	 73125
05/15/10	Sat	885	533	563	368	338	522	1105	1903	2835	3367	3588	3927	4224	3866	3953	3893	3669	4295	3920	3199	2459	2412	2268	1682	 59774
05/16/10	Sun	1068	753	875	424	341	572	871	1290	1986	2534	3217	3349	3933	3966	3725	3764	3767	3707	3271	2896	2455	2064	1468	985	 53281
05/17/10	Mon	568	365	368	253	461	1361	4037	6437	5836	4675	3771	3515	3860	3715	3756	4360	4541	4584	3875	2905	2113	1910	1390	841	 69497
05/18/10	Tue	486	306	229	234	441	1376	4102	6580	6178	4867	3930	3723	3910	3994	3871	4233	4700	4820	4195	2983	2146	2008	1498	799	 71609
05/19/10	Wed	468	270	214	236	443	1377	4193	6574	6183	4966	3909	3740	3973	4042	4062	4388	4691	4915	4275	3141	2485	2099	1523	941	 73108
05/20/10	Thu	508	346	270	276	429	1352	4236	6505	6219	5041	4020	3877	4081	4286	3278	4262	4886	5117	4447	3616	2776	2645	1836	1101	 75410
05/21/10	Fri	600	431	332	281	445	1270	3798	6253	5828	4756	4026	4085	4200	4352	4519	4708	4906	4947	4217	3337	2667	2542	2317	1714	 76531
05/22/10	Sat	1155	734	614	419	335	592	1256	1969	2959	3245	3497	3725	4036	4075	4155	4282	4492	4346	3957	3327	2639	2624	2438	1812	 62683
05/23/10	Sun	1074	738	602	429	311	408	775	1029	1561	2193	3036	3288	3469	3719	3605	3678	3570	3649	3273	2577	2352	2185	1559	1088	 50168
05/24/10	Mon	591	377	312	267	442	1382	4019	5572	6020	4724	3862	3515	3796	3824	3906	4228	4396	4576	3758	2786	2042	1873	1433	850	 68551
05/25/10	Tue	481	293	223	239	439	1329	4099	6482	6091	4989	3944	3741	3890	4103	3987	4454	4022	4839	4379	3041	2395	2002	1587	853	 71902
05/26/10	Wed	495	322	233	243	456	1339	4129	6558	5358	5070	4053	3848	4020	4000	4032	4481	4635	5046	4288	3210	2426	2192	1670	967	 73071
05/27/10	Thu	548	357	295	262	448	1338	4081	6363	6056	4931	4279	4128	4388	4218	4086	4360	4532	4797	4068	3277	2567	2396	1958	1091	 74824
05/28/10	Fri	613	413	353	314	462	1197	3535	5802	5570	4660	4073	4053	4245	4215	4451	4499	4397	4209	4058	3451	2641	2313	2264	1559	 73347
05/29/10	Sat	998	630	592	395	308	529	1074	1552	2333	2902	3362	3297	3448	3440	3683	4004	3904	4185	3843	3077	2349	2235	2078	1767	 55985
05/30/10	Sun	1091	780	887	582	295	363	727	1020	1399	2080	2829	3185	3875	3586	3460	3550	3337	3305	3258	2807	2428	2331	1908	1462	 50545
05/31/10	Mon	1023	618	605	386	314	452	871	1127	1344	1828	2216	2777	3171	3318	3381	3492	3321	3131	3015	2760	2435	2146	1608	955	 46294
06/01/10	Tue	499	330	214	224	452	1344	4047	6487	6089	4988	4065	3832	3934	3991	4028	4410	4765	4973	4040	3126	2298	2003	1582	956	 72677
06/02/10	Wed	874	417	266	234	459	1357	4116	6371	6114	4856	3994	3813	3999	4162	4175	4377	4496	4951	4206	3312	2391	2154	1709	1232	 74035
06/03/10	Thu	587	343	285	238	482	1338	4101	6417	5815	4828	4056	3903	3940	4109	4071	4434	4630	5039	4042	3293	2581	2225	1831	1196	 73784
06/04/10	Fri	1031	478	330	309	472	1278	3851	6095	5608	4649	4141	4097	4199	4209	4278	4585	4585	4746	4259	3650	2801	2426	2250	1649	 75976
06/05/10	Sat	1201	972	488	385	346	644	1342	2113	2727	3137	3319	3491	3637	3841	3854	3886	3947	4023	3932	3072	2600	2354	2256	1806	 59373
06/06/10	Sun	1333	738	625	385	301	436	823	1152	1550	2263	2891	3240	3597	3832	3846	3834	3681	3615	3400	2742	2254	2165	1717	1052	 51472
06/07/10	Mon	637	378	315	282	453	1362	3965	5629	5415	4679	3907	3710	3884	4022	3948	4235	4449	4813	3993	2925	2240	2066	1604	912	 69823
06/08/10	Tue	549	330	248	260	462	1296	4120	6483	5973	4755	3921	3815	3973	4017	4092	4281	4565	4809	4576	3150	2364	2062	1620	1526	 73247
06/09/10	Wed	809	333	257	226	449	1357	4188	5813	5910	4928	3979	3745	4045	3995	4068	4258	4638	5032	4266	3177	2574	2277	1876	1312	 73512
06/10/10	Thu	1014	346	298	247	470	1362	4081	6101	5900	5000	4116	4095	4340	4229	4120	4270	4734	4755	4184	3041	2427	2290	1938	1290	 74648
06/11/10	Fri	914	405	332	317	475	1281	3749	5868	4995	4685	4283	4001	4318	4145	4412	4580	4890	4791	4524	3330	2423	2134	2002	1684	 74538
06/12/10	Sat	1314	591	554	363	301	525	1080	1646	2270	2674	3153	3507	3728	3543	3508	3632	3762	3728	3506	2839	2295	2266	2132	1595	 54512
06/13/10	Sun	1046	634	700	455	308	390	678	974	1293	1821	2560	2844	3396	3434	3155	3347	3261	3304	2959	2290	1885	1706	1346	959	 44745
06/14/10	Mon	513	373	375	256	467	1388	3930	6205	5967	4718	3832	3664	3871	4012	3907	4140	4358	4724	3907	2903	2270	1924	1573	895	 70172
06/15/10	Tue	525	325	248	262	471	1373	4159	6342	5764	4767	3938	3887	4044	4137	3960	4430	4560	5028	4156	3097	2369	2217	1897	1550	 73506
06/16/10	Wed	701	328	299	253	449	1470	4141	6272	6171	4926	3946	3819	3944	4037	3989	4309	4560	4914	4191	3248	2552	2220	1763	1060	 73562
06/17/10	Thu	615	366	285	255	433	1368	4171	6075	5893	5014	4083	3831	3969	4000	4087	4462	4728	5023	4333	3267	2645	2343	2077	1278	 74601
06/18/10	Fri	645	393	370	317	448	1335	3853	6077	5605	4550	4064	3964	4310	4231	4384	4503	4755	4708	4314	3566	2682	2570	2395	1601	 75640
06/19/10	Sat	1019	656	574	434	348	596	1263	1834	2563	2968	3315	3560	3737	3730	3881	4054	4362	4422	3893	3172	2594	2570	2384	1993	 59922
06/20/10	Sun	1251	763	805	475	310	482	796	1090	1634	2442	3070	3484	3960	3894	3692	3740	3805	3646	3527	2991	2617	2481	1854	1188	 53997
06/21/10	Mon	661	465	369	259	469	1366	4060	6246	5778	4746	3969	3640	3810	3958	3995	4350	4427	4768	4060	2915	2357	2149	1527	982	 71326
06/22/10	Tue	528	347	267	234	444	1385	4082	6405	6039	4714	3996	3976	3943	4082	4120	4514	4785	5260	4400	3188	2376	2228	1772	1217	 74302
06/23/10	Wed	653	372	287	273	462	1414	4164	6248	6040	4758	4095	3843	3899	4053	4117	4537	4817	5238	4529	3299	2486	2358	1816	1086	 74844
06/24/10	Thu	569	336	271	265	493	1428	4066	6204	4500	2597	4408	3875	4181	4093	4217	4579	4863	5410	4740	3407	2516	2524	1982	1223	 72747
06/25/10	Fri	686	408	360	270	476	1302	3840	5995	5652	4786	4029	4134	4169	4064	4317	4455	4492	4657	4169	3441	2667	2445	2259	1725	 74798
06/26/10	Sat	1537	751	590	408	367	659	1260	1828	2459	2972	3461	3640	3733	3563	3466	3631	3957	3991	3775	3055	2381	2484	2361	1922	 58251
06/27/10	Sun	1645	877	799	448	309	408	758	1216	1630	2217	2947	3097	3475	3545	3511	3651	3684	3647	3534	2853	2497	2707	1980	1153	 52588
06/28/10	Mon	717	424	408	296	469	1450	3975	6094	5043	3904	3979	3716	3970	3870	3863	4381	4422	4534	4113	3012	2396	2070	1587	995	 69688
06/29/10	Tue	947	432	269	236	444	1412	4140	6285	6094	5011	4112	3953	4051	4044	4100	4457	4542	4923	4188	3195	2525	2213	1822	1200	 74595
06/30/10	Wed	947	335	352	346	473	1405	4142	6198	5674	5018	4299	3947	4088	4038	4221	4394	4400	4741	4206	3396	2743	2571	1952	1568	 75454
07/01/10	Thu	914	363	310	259	475	1402	4094	6327	5792	4825	4149	3998	4066	4090	4081	4364	4573	4946	4567	3317	2636	2529	2007	1236	 75320
07/02/10	Fri	721	413	356	308	518	1237	3531	5503	5230	4350	4056	3881	4100	4168	4457	4310	4393	4519	3963	3419	2662	2415	2114	1533	 72157
07/03/10	Sat	1029	681	597	405	358	527	1070	1429	2028	2546	3140	3111	3360	3293	3357	3561	3629	3798	3638	3120	2514	2236	2339	2228	 53994
07/04/10	Sun	1369	960	802	443	307	374	618	837	1207	1816	2492	2751	3220	3079	3116	3142	3222	2970	3053	2486	2176	2080	1943	1882	 46345
07/05/10	Mon	1125	603	517	319	277	523	1009	1467	1795	2383	2979	3319	3444	3595	3632	3529	3544	3339	3100	2892	2673	2435	2212	1159	 51870
07/06/10	Tue	643	343	230	283	453	1348	4061	6243	5976	4880	4089	3924	4104	4171	4011	3961	4459	5009	4227	2995	2196	2089	1699	1157	 72551
07/07/10	Wed	545	338	237	255	444	1290	3905	6029	5794	4937	4151	3977	3970	4003	4100	4431	4382	5030	4368	3109	2275	2144	1602	1011	 72327
07/08/10	Thu	566	351	241	250	445	1367	3991	6370	6099	4945	4111	4114	4493	4227	4027	4247	4577	4860	4035	3116	2468	2311	1996	1171	 74378
07/09/10	Fri	625	368	344	299	499	1276	3786	6058	5017	4287	4081	4074	4152	4159	4372	4460	4747	4820	4517	3583	2641	2601	2425	2044	 75235
07/10/10	Sat	1013	610	516	418	367	599	1273	1786	2475	3136	3441	3591	3600	3641	3992	4050	4201	4506	4001	3379	2709	2813	2687	1964	 60768
07/11/10	Sun	1423	967	646	431	360	400	839	1122	1570	2256	2889	3465	4091	3663	3436	3413	3923	3424	3451	3018	2431	2169	1592	1088	 52067
07/12/10	Mon	576	366	305	277	433	1341	3973	6057	6005	4718	3849	3707	3818	3795	4004	4034	4426	4695	4062	2891	2290	1956	1559	993	 70130
07/13/10	Tue	658	331	238	227	413	1343	4115	6303	6079	4904	4120	3972	4137	4097	4012	4325	4505	4725	4181	3111	2327	2100	1715	1267	 73205
07/14/10	Wed	788	316	251	239	459	1324	4095	6382	6319	4936	4186	3884	4020	4027	4169	4292	4495	5028	4391	3594	2672	2403	1869	1106	 75245
07/15/10	Thu	627	367	317	246	470	1387	4027	6218	6122	4912	4185	3879	4143	4102	4171	4412	4634	5085	4493	3604	2609	2515	2080	1600	 76205
07/16/10	Fri	1070	494	442	304	524	1280	3709	6075	5758	4723	4104	4102	4264	4603	4462	4534	4466	4504	4025	3420	2793	2598	2374	1697	 76325
07/17/10	Sat	1132	810	933	710	470	622	1250	1743	2465	3045	3301	3449	3539	3531	3659	3745	3949	4116	3924	3326	2914	2825	2510	1910	 59878
07/18/10	Sun	1187	879	1235	621	346	436	765	1143	1501	2047	2915	3207	3589	3684	3669	3608	3622	3570	3533	3087	2737	2654	2071	1274	 53380
07/19/10	Mon	709	389	345	280	461	1319	3938	6253	5767	4717	4022	3702	3856	3854	4005	4360	4350	4604	3987	2962	2295	2091	1601	1396	 71263
07/20/10	Tue	616	329	262	272	436	1315	4058	6472	6214	4831	4174	3860	3904	4169	4149	4335	4643	4686	4293	3241	2123	2021	1617	1141	 73161
07/21/10	Wed	804	354	277	244	450	1311	4071	6337	6014	4944	4191	3954	4117	4102	4057	4360	4381	4905	4279	3221	2566	2434	1835	1081	 74289
07/22/10	Thu	804	400	328	261	453	1370	4050	6264	5940	4921	4124	3848	4182	4182	4323	4383	4574	4887	4372	3386	2530	2611	2018	1204	 75415
07/23/10	Fri	694	449	365	295	459	1304	3638	5964	5691	4612	4061	4082	4137	4098	4239	4427	4481	4661	4065	3590	2698	2558	2492	1821	 74881
07/24/10	Sat	1425	1016	617	448	383	591	1186	1738	2307	2882	3300	3431	3639	3722	3839	4033	3946	4154	4172	3462	2857	2823	2403	2008	 60382
07/25/10	Sun	1470	1143	864	499	343	408	717	1078	1489	2123	2829	3015	3565	3487	3873	3848	3873	3822	3593	3098	2701	2575	1875	1234	 53522
07/26/10	Mon	901	760	425	300	472	1327	3957	5972	5455	4734	3999	3772	3923	3919	4056	4420	4383	4580	4041	3269	2364	2098	1545	971	 71643
07/27/10	Tue	514	335	258	225	422	1309	4010	6113	5902	4877	3888	3837	3981	4002	4163	4517	4568	5132	4577	3242	2387	2154	1789	1259	 73461
07/28/10	Wed	588	337	254	225	445	1381	4102	6310	6158	4890	4216	4068	4151	4088	4170	4519	4592	5196	4888	3641	2552	2230	1764	1052	 75817
07/29/10	Thu	637	365	294	282	429	1330	3961	6205	6018	4992	4328	4109	4324	4172	4220	4366	4675	4829	4281	3487	2663	2451	2080	1504	 76002
07/30/10	Fri	682	429	344	291	497	1213	3669	5880	5804	4690	4257	4078	4323	4367	4470	4717	4797	4983	4793	3912	2829	2577	2362	1854	 77818
07/31/10	Sat	1220	770	636	484	370	597	1180	1670	2467	3021	3358	3617	3862	4069	3875	4238	4284	4439	4056	3210	2698	2690	2551	2040	 61402
08/01/10	Sun	1671	961	827	523	384	461	821	1108	1555	2159	3039	3376	3996	3915	3565	3705	3656	3467	3432	3012	2517	2462	1824	992	 53428
08/02/10	Mon	609	424	360	276	500	1298	3948	5975	5912	4808	3950	3784	3993	3881	3935	4462	4843	4296	4208	3403	2226	1925	1392	901	 71309
08/03/10	Tue	500	288	271	194	444	1314	4104	5886	5851	4956	4185	3883	3993	4163	4071	4389	4642	4769	4601	3013	2232	2112	1740	1497	 73098
08/04/10	Wed	598	345	273	223	468	1349	4005	6149	5987	4949	4228	4202	4567	4189	4029	4232	4518	4726	4173	3209	2394	2295	1665	1040	 73813
08/05/10	Thu	592	341	296	259	482	1352	4056	6265	4129	5113	4135	3958	4066	4065	4265	4503	4655	4941	4302	3564	2662	2446	1945	1166	 73558
08/06/10	Fri	878	426	357	295	474	1232	3657	5941	5612	4730	4106	4124	4287	4217	4212	4364	4505	4467	3996	3434	2706	2624	2391	1704	 74739
08/07/10	Sat	1095	706	658	489	376	554	1176	1800	2371	2951	3382	3436	3637	3664	3674	3866	4190	4216	3995	3218	2828	2823	2399	2041	 59545
08/08/10	Sun	1343	934	1052	498	334	413	748	1076	1525	2198	2994	3243	3530	3691	3667	3734	3589	3961	3482	2944	2786	2639	1860	1186	 53427
08/09/10	Mon	627	408	398	306	451	1267	3792	6176	5909	4820	3922	3680	3819	3951	3982	4177	4531	4138	4084	2919	2135	1949	1423	877	 69741
08/10/10	Tue	527	313	259	235	419	1347	4019	4729	6048	4705	4015	3913	4021	4024	4092	4247	4461	4757	4227	3289	2481	2261	1652	1065	 71106
08/11/10	Wed	872	402	263	262	418	1309	4031	5701	5816	4808	4235	3923	3844	4091	4193	4265	4520	4950	4494	3461	2651	2436	1808	1236	 73989
08/12/10	Thu	1017	432	310	283	485	1275	3956	6302	6034	4862	4136	4044	3983	4140	4242	4292	4535	4798	4259	3264	2622	2556	1915	1254	 74996
08/13/10	Fri	889	827	461	342	454	1186	3581	5895	5618	4597	4058	4147	4228	4207	4555	4562	4853	4898	4579	3691	2742	2660	2395	1845	 77270
08/14/10	Sat	1101	706	644	447	383	574	1140	1794	2505	3026	3280	3706	4020	3825	3799	3973	4326	4406	3926	3188	2759	2797	2614	1927	 60866
08/15/10	Sun	1130	788	808	470	347	393	731	1094	1526	2254	3006	3375	4065	4077	3834	3666	3632	3580	3228	2795	2700	2629	1829	1133	 53090
08/16/10	Mon	616	454	424	278	460	1292	3832	6340	6053	4684	3903	3671	3752	4076	3912	4280	4441	4636	4013	3070	2184	1965	1477	986	 70799
08/17/10	Tue	855	355	268	242	399	1295	4028	6297	5948	4931	4014	3840	3977	4018	4141	4410	4525	5001	4336	3294	2499	2247	1744	1057	 73721
08/18/10	Wed	567	366	235	241	417	1300	4098	6178	5997	4863	4186	3821	3802	4039	4169	4409	4561	4972	4241	3358	2820	2372	1704	1076	 73792
08/19/10	Thu	905	429	294	293	440	1296	4048	6146	6120	5015	4096	3895	3958	4145	4125	4371	4530	4986	4436	3554	2725	2255	1841	1390	 75293
08/20/10	Fri	641	372	349	290	436	1212	3725	6123	5832	4606	4095	3773	4302	4269	4371	4601	4751	4539	4174	3642	2728	2541	2265	1689	 75326
08/21/10	Sat	1426	933	666	403	375	560	1111	1761	2418	2961	3413	3435	3683	3695	3901	4046	4117	4331	4326	3235	2645	2619	2463	2091	 60614
08/22/10	Sun	1132	804	903	498	345	372	724	1012	1496	2171	3040	3326	3503	3792	3629	3654	3574	3701	3420	3080	2827	2674	1846	1076	 52599
08/23/10	Mon	635	384	332	265	455	1237	3856	6343	6285	5322	4083	3833	3875	3875	4127	4452	4644	5082	4485	2971	2314	1831	1329	856	 72871
08/24/10	Tue	462	289	230	234	433	1294	4005	6114	5610	5175	4134	3887	3842	4074	4078	4531	4826	5128	4679	3286	2453	2166	1593	1047	 73570
08/25/10	Wed	689	350	302	239	430	1286	3997	6169	6084	5487	4217	4122	4325	4039	3804	4321	4358	4848	4347	3286	2544	2366	1597	1077	 74284
08/27/10	Fri	642	415	336	293	447	1202	3776	6130	6084	4854	4034	4086	4222	4136	4394	4786	4642	4928	4511	3584	2775	2488	2192	1702	 76659
08/28/10	Sat	1035	851	817	428	353	518	1092	1671	2516	3149	3462	3585	3846	3769	3970	4188	4183	4550	3998	3147	2758	2724	2294	1917	 60821
08/29/10	Sun	1214	830	807	528	327	352	718	977	1478	2175	3072	3450	3951	3999	3933	3841	4197	4164	3557	2646	2604	2165	1646	954	 53585
08/30/10	Mon	574	341	321	267	455	1300	3841	5817	6135	4963	3979	3769	3797	3933	4017	4357	4619	4684	3971	2890	2251	1948	1495	1282	 71006
09/03/10	Fri	487	349	305	325	630	2002	4585	6101	5350	4330	3883	4169	4234	4279	4510	4777	4413	4247	4012	3342	2717	2481	1973	1750	 75251
09/04/10	Sat	844	617	501	357	388	692	1281	1730	2713	3423	3695	3593	3570	3368	3486	3481	3437	3579	3372	2769	2679	2437	1995	1444	 55451
09/05/10	Sun	1034	711	568	379	303	471	754	1059	1526	2321	2838	3175	3313	3504	3407	3534	3564	3671	3469	2948	2641	2258	1758	1512	 50718
09/06/10	Mon	913	702	624	354	314	586	875	1141	1548	2222	3100	3501	3975	3566	3633	3583	3571	3320	3063	2805	2429	1936	1224	691	 49676
09/07/10	Tue	377	199	206	278	644	2328	5096	5833	6081	4733	3779	3874	4052	3900	4326	4568	4697	5049	4122	2760	2228	1817	1207	618	 72772
09/08/10	Wed	359	288	221	282	679	2318	5346	6340	6014	4679	3912	3912	3873	3908	4100	4603	4735	4946	4184	2758	2255	1900	1250	682	 73544
09/09/10	Thu	408	288	261	315	597	2306	4430	5759	5999	4747	4030	4130	4459	4060	4278	2310	3285	4757	4025	2981	2360	2155	1575	750	 70265
09/10/10	Fri	447	357	314	326	671	2147	4875	6083	5546	4593	3948	4109	4230	4278	4519	4916	4664	4863	4553	3403	2626	2539	2007	1306	 77320
09/11/10	Sat	900	916	687	393	380	798	1545	2083	2745	3446	3521	3774	3885	3947	4016	4160	4447	4488	3808	3232	2688	2431	2039	1404	 61733
09/12/10	Sun	943	982	833	426	337	521	898	1317	2019	2653	3196	3356	3602	3447	3490	3495	3677	3394	3192	2731	2363	1875	1369	729	 50845
09/13/10	Mon	469	370	303	317	677	2272	5091	6365	6048	4392	3587	3728	3821	3673	3978	4464	4593	4906	4005	2141	503	1774	1149	788	 69414
09/14/10	Tue	424	248	240	281	612	2331	5318	6339	6034	4685	3723	4019	3908	3921	4187	4550	4934	5381	4364	2811	2178	1857	1239	661	 74245
09/15/10	Wed	387	314	205	279	619	2293	5088	5679	6303	4685	4010	4221	4425	3978	4289	4584	4752	4759	4111	3023	2282	2072	1300	665	 74323
09/16/10	Thu	412	315	253	304	629	2266	5215	5992	5785	4719	3864	3986	4128	4056	4333	4769	4795	4923	4011	3056	2494	2072	1516	799	 74692
09/17/10	Fri	453	374	283	327	637	2096	4806	5381	5106	4444	3936	4141	4303	4149	4348	4806	4784	4655	4139	3263	2650	2505	2137	1379	 75102
09/18/10	Sat	989	671	480	373	389	733	1421	2245	3010	3469	3516	3682	3759	3709	3839	3945	4185	4354	3845	3153	2710	2489	2084	1353	 60403
09/19/10	Sun	933	794	645	388	310	488	884	1198	1963	2643	3333	3740	4048	4059	3557	3375	3213	3316	3364	2829	2544	2035	1428	1072	 52159
09/20/10	Mon	588	418	288	334	684	2168	4957	5628	6130	4473	3709	3841	3958	3887	4172	4403	4409	4751	3821	2570	1949	1714	1226	639	 70717
09/21/10	Tue	386	263	207	272	612	2226	5172	5931	6110	4618	3741	3816	3974	3740	4165	4562	4630	4711	3960	2762	2145	1872	1292	676	 71843
09/22/10	Wed	381	286	195	282	655	2213	5105	5667	4765	4803	3768	3841	3955	3865	4244	4512	4711	4845	4108	2707	2096	1873	1220	663	 70760
09/23/10	Thu	412	274	237	283	655	2250	5217	6256	5761	4723	3875	3936	4066	3988	4338	4711	4626	4899	4187	3112	2408	2301	1552	801	 74868
09/24/10	Fri	465	355	278	323	643	2133	4838	5840	5592	4425	3806	4078	4186	4252	4434	4694	5026	5247	4558	3495	2662	2528	1918	1381	 77157
09/25/10	Sat	1240	855	544	384	411	702	1461	2151	3310	3361	3505	3757	3967	3955	4191	4302	4694	4927	4203	3409	2792	2533	2176	1527	 64357
09/26/10	Sun	1273	1057	648	455	336	475	800	1206	1842	2636	3298	3767	4492	4156	3522	3237	3417	3689	3711	3198	2670	2260	1595	941	 54681
09/27/10	Mon	474	351	289	305	668	2196	5049	5734	5963	4486	3779	3739	3787	3847	4075	4594	4614	4999	3998	2689	1942	2064	1334	618	 71594
09/28/10	Tue	356	282	209	285	638	2163	5254	5896	6026	4594	3799	3908	4003	3937	4213	4685	4821	5118	4450	2978	2086	2039	1326	671	 73737
09/29/10	Wed	402	292	210	272	656	2231	5130	5885	6027	4764	3799	4111	4422	4130	4305	4494	4658	4751	4200	3158	2216	2115	1236	741	 74205
09/30/10	Thu	423	339	224	301	652	2253	5236	5927	6111	4841	3961	3976	4130	4086	4346	4814	4834	4917	4170	3110	2388	2330	1583	830	 75782
10/01/10	Fri	535	535	366	356	701	2090	4488	5888	5496	4558	3883	2685	3529	4135	4401	4775	4735	4817	4502	3492	2598	2594	1933	1243	 74335
10/02/10	Sat	822	593	544	366	415	730	1378	2030	3048	3363	3592	3745	3857	3884	3959	4026	4036	4355	4156	3191	2579	2524	2205	1420	 60818
10/03/10	Sun	886	722	562	340	338	624	1375	1695	1886	2523	3086	3167	3198	3352	3685	3710	3675	3728	3314	2746	2233	1800	1224	654	 50523
10/04/10	Mon	429	368	286	288	645	2183	5055	6200	5966	4567	3630	3749	3797	3797	4220	4618	4567	4757	3824	2624	1897	1731	1261	899	 71358
10/05/10	Tue	437	272	199	287	653	2203	5207	5601	6042	4837	3823	3937	3942	3946	4204	4598	4637	4752	3974	2876	2098	1821	1305	684	 72335
10/06/10	Wed	385	280	223	279	653	2244	5212	6437	5989	4732	3986	3949	4011	4039	4251	4481	4725	4968	4213	2980	2194	1832	1215	668	 73946
10/07/10	Thu	427	298	261	299	663	2157	5176	6117	6108	4656	3864	3969	4088	3989	4448	4765	4925	5166	4688	3327	2309	2304	1498	733	 76235
10/08/10	Fri	506	357	321	328	642	2049	4899	6013	5605	4498	3954	4077	4268	4241	4485	4789	4662	4718	4344	3388	2511	2356	1955	1227	 76193
10/09/10	Sat	827	560	562	335	374	705	1400	2107	3057	3512	3613	3895	3952	3848	3957	3921	4062	4240	3792	3077	2490	2348	1927	1343	 59904
10/10/10	Sun	829	758	607	360	331	489	851	1217	1702	2373	3103	3187	3042	3349	3473	3294	3491	3277	2973	2308	1921	1516	1127	672	 46250
10/11/10	Mon	406	347	268	292	615	1994	4736	5568	5450	4410	3638	3691	3778	3824	3983	4208	4214	4272	3772	2653	1919	1660	1135	638	 67471
10/12/10	Tue	395	274	213	275	618	2133	4966	5072	5175	4657	3706	3757	3767	3821	3972	4525	4622	4666	3820	2658	1971	1829	1252	602	 68746
10/13/10	Wed	391	294	241	258	619	2188	3741	5340	5922	4654	3896	4040	3969	4098	4261	4421	4442	4875	4132	2993	2312	1877	1246	662	 70872
10/14/10	Thu	394	313	239	300	652	2167	5228	6203	6013	4772	3858	3922	4067	4072	4354	4453	4795	4879	4386	3272	2350	2270	1493	817	 75269
10/15/10	Fri	504	349	290	342	663	2001	4719	5967	5333	4612	4120	4415	4360	4343	4484	4806	4614	4881	4637	3437	2616	2356	2052	1275	 77176
10/16/10	Sat	818	648	514	382	387	763	1377	2041	2991	3431	3610	3805	4075	4044	4105	3948	4250	4299	4128	3071	2625	2410	2033	1421	 61176
10/17/10	Sun	987	800	627	403	322	838	1099	1224	1855	2584	3146	3707	4086	4043	3465	3178	3226	3256	3357	2588	2001	1614	1085	660	 50151
10/18/10	Mon	409	339	274	283	642	2105	5089	5122	6159	4500	3710	3688	3832	3893	4228	4381	4498	4850	3833	2472	1881	1363	1173	577	 69301
10/19/10	Tue	377	286	196	267	634	2139	5183	5955	6120	4810	3749	3952	3882	3996	4120	4473	4590	4855	4447	2760	1981	1858	1279	670	 72579
10/20/10	Wed	377	269	213	267	629	2152	5126	5653	6048	4599	3838	3930	3971	3849	4278	4409	4779	4353	4324	3023	2303	1867	1252	638	 72147
10/21/10	Thu	399	300	253	317	648	2165	5174	6185	6046	4933	3942	3916	3947	3664	4364	4569	4915	5240	4534	3073	2292	2092	1514	757	 75239
10/22/10	Fri	510	367	297	302	654	1994	4827	5250	5813	4556	3870	4059	4201	4360	4332	4547	4511	4659	4333	3178	2317	2281	1926	1227	 74371
10/23/10	Sat	823	629	523	360	418	738	1305	1881	2830	3276	3371	3666	3978	3940	3909	4097	4118	4390	4312	3290	2341	2310	2029	1534	 60068
10/24/10	Sun	989	739	685	385	284	433	842	1120	1722	2545	3106	3624	3933	4075	3430	3240	3130	3334	3271	2417	1850	1580	1051	633	 48418
10/25/10	Mon	455	328	254	275	631	2128	5090	5835	5627	4446	3464	3492	3769	3715	4081	4222	4233	4459	3606	2306	1796	1538	1134	586	 67470
10/26/10	Tue	366	219	212	256	585	2109	5095	5263	6069	4584	3761	3738	3943	3885	4088	4561	4488	4737	3960	2589	2032	1841	1300	644	 70325
10/27/10	Wed	363	237	204	293	636	2147	4957	6221	5995	4751	3768	3969	3989	4007	4290	4491	4662	4842	4597	2879	2110	1869	1302	694	 73273
10/28/10	Thu	473	309	251	320	600	2068	5024	6056	5632	4803	3790	3889	3963	4104	4262	4673	4782	4870	4206	3043	2185	2232	1459	787	 73781
10/29/10	Fri	496	420	321	329	632	1911	4636	5690	5411	4467	3866	4057	4228	4116	4362	4540	4790	3923	4677	3237	2570	2576	1964	1288	 74507
10/30/10	Sat	906	685	534	397	408	684	1332	1774	2857	3164	3516	3702	4032	3989	4092	4041	4027	4214	4318	3307	2839	2669	2229	1531	 61247
10/31/10	Sun	1114	934	716	519	363	427	733	1129	1619	2238	2819	2961	3143	3149	3486	3473	3582	3368	2704	2037	2073	1874	1270	774	 46505
11/01/10	Mon	490	399	312	294	626	2072	4880	5313	5961	4562	3609	3827	3947	3755	4128	4528	4406	4566	3879	2411	1814	1649	1205	598	 69231
11/02/10	Tue	382	265	212	303	638	2111	5227	6257	5986	4854	3829	3833	4015	3934	4223	4425	4737	4924	4347	2788	1969	1805	1318	694	 73076
11/03/10	Wed	435	321	214	297	639	2150	5215	6338	6062	4780	3825	3938	3930	4001	4157	4573	4557	5159	4407	2741	2071	1842	1227	685	 73564
11/04/10	Thu	440	319	231	301	624	2102	4760	5904	6134	4797	3875	3924	4033	4093	4290	4674	4712	5228	4401	2837	2153	2041	1497	750	 74120
11/05/10	Fri	488	340	303	291	649	1949	4843	6191	5675	4696	4057	4162	4222	4263	4526	4782	4839	5133	4867	3471	2554	2387	2025	1223	 77936
11/06/10	Sat	809	561	499	359	381	726	1414	2072	3067	3370	3542	3719	4076	4013	3947	4040	4250	4668	4539	3054	2297	2296	1879	1322	 60900
11/07/10	Sun	593	666	587	423	275	243	449	902	1241	1879	2793	3282	3662	4013	4185	3715	3618	3743	3598	2884	2121	1822	1434	939	 49067
11/08/10	Mon	354	302	247	277	602	2165	5337	5752	6089	4539	3753	3737	3888	3905	4239	4306	4626	4815	3584	2233	1613	1476	1040	562	 69441
11/09/10	Tue	344	256	199	279	618	2235	5447	5862	6301	4677	4040	3839	4137	4006	3880	4055	4471	4382	3616	2206	1686	1444	984	555	 69519
11/10/10	Wed	302	258	178	263	584	2084	5061	6038	5198	4783	3902	4015	4260	4234	4202	4664	4898	4926	3879	2598	2029	1758	1154	640	 71908
11/11/10	Thu	405	327	244	296	596	1806	4352	5472	4813	4115	3376	3584	3706	3592	3772	4134	4176	4391	3568	2397	1883	1727	1175	695	 64602
11/12/10	Fri	417	333	262	273	586	1897	4677	6257	5766	4424	3918	4015	4264	4303	4514	4751	4953	4963	4281	2872	2282	2357	1891	1153	 75409
11/13/10	Sat	816	542	501	365	345	626	1370	2009	2813	3354	3419	3758	3922	4017	4179	4155	4340	4431	4198	2885	2191	2020	1733	1566	 59555
11/14/10	Sun	887	654	558	379	264	427	789	1063	1750	2529	3094	3597	4051	4136	3459	3186	3339	3242	2933	2090	1729	1349	954	617	 47076
11/15/10	Mon	375	302	277	269	637	2092	5127	5863	5872	4437	3394	3603	3711	3734	3966	4224	4399	4880	3501	2170	1668	1551	1046	546	 67644
11/16/10	Tue	308	252	155	262	608	2129	5161	5641	5646	4663	3704	3915	4100	3949	3925	4236	4594	4570	3776	2315	1794	1707	1107	567	 69084
11/17/10	Wed	344	266	183	273	597	2084	4860	5347	5975	4701	3866	3970	3914	4206	4326	4590	4902	4977	4125	2570	2010	1746	1215	642	 71689
11/18/10	Thu	367	287	244	281	618	2149	5179	6086	5958	4723	3871	3901	4090	3954	4535	4733	5013	5083	4089	2690	2167	2012	1444	703	 74177
11/19/10	Fri	414	353	382	401	683	2023	4885	6560	5768	4723	4065	4101	4224	4306	4555	4971	5176	4767	4739	3048	2221	2407	1813	1210	 77795
11/20/10	Sat	822	613	530	384	416	747	1384	2111	2945	3308	3703	3886	3928	3929	3979	4250	4358	4654	3987	2618	2346	2182	1925	1305	 60310
11/21/10	Sun	855	676	637	361	309	463	806	1123	1770	2499	2983	3168	3356	3727	3654	3587	3674	3492	2938	2052	1653	1351	1080	625	 46839
11/22/10	Mon	388	315	268	298	605	1977	4932	6237	5731	4329	3691	3653	3787	3974	4049	4434	4651	4651	3528	2202	1646	1599	1246	600	 68791
11/23/10	Tue	364	274	219	275	630	2034	4907	5931	5690	4443	3825	4002	4062	4161	4316	4564	4896	4025	4811	2742	1976	1778	1332	766	 72023
11/24/10	Wed	445	349	283	329	637	1887	4350	5508	4797	4037	3834	3916	4133	4341	4435	4366	3988	3787	3130	2316	1879	1738	1389	864	 66738
11/25/10	Thu	556	456	362	258	249	416	650	665	1009	1420	1985	2767	3171	3134	2915	2657	2629	2609	2702	2600	2463	2049	1542	1040	 40304
11/26/10	Fri	597	443	339	325	453	1053	1912	2417	2398	2738	2927	3137	3410	3499	3542	3661	3852	3789	3664	2400	1961	1865	1552	1019	 52953
11/27/10	Sat	649	525	490	295	368	568	1014	1356	1861	2391	2910	3184	3459	3551	3616	3764	3992	4097	3922	2992	2419	2187	1764	1157	 52531
11/28/10	Sun	755	678	563	351	299	434	784	972	1496	2173	3061	3508	3950	4202	3416	3341	3159	2968	2545	1981	1541	1337	878	555	 44947
11/29/10	Mon	322	258	266	300	599	1968	4767	6347	5811	4354	3470	3515	3759	3804	4062	4324	4302	4496	3339	2247	1617	1451	1028	525	 66931
11/30/10	Tue	319	252	196	263	641	2048	5036	5447	6133	4645	3765	3857	4031	4072	4269	4669	4632	4883	3939	2554	1853	1669	1192	611	 70976
12/01/10	Wed	357	303	224	283	632	2040	5074	6654	6031	4674	3868	3949	4011	4033	4259	4718	4747	5176	4200	2538	2098	1863	1260	678	 73670
12/02/10	Thu	449	314	256	289	600	2078	4760	6155	6175	4671	3860	3976	3993	4129	4266	4657	5001	3686	4153	2684	2267	2107	1464	766	 72756
12/03/10	Fri	430	353	307	291	613	1960	4795	6250	5579	4631	3954	4195	4305	4340	4468	4861	3223	5101	4948	3696	2372	2331	1930	1232	 76165
12/04/10	Sat	843	546	500	362	382	711	1355	1955	2733	3174	3494	3720	4057	4160	4220	4632	4793	5004	4313	2804	2226	2273	1926	1355	 61538
12/05/10	Sun	924	656	543	332	273	453	758	1059	1575	2350	2897	3167	3378	3533	3697	3705	4021	3973	3053	2281	1901	1547	1074	669	 47819
12/06/10	Mon	351	288	293	280	580	2068	4826	6048	6173	4633	3745	3824	3797	3913	4249	4443	4571	4630	3627	2283	1713	1534	1132	583	 69584
12/07/10	Tue	354	266	205	266	580	2091	5035	5536	6171	4745	3799	3950	3800	3899	4095	3764	4723	4859	3941	2451	2018	1736	1268	605	 70157
12/08/10	Wed	379	279	218	242	628	2054	5017	6037	6186	4675	3797	3941	4073	4254	4491	4497	4684	4998	4110	2648	2053	1930	1237	697	 73125
12/09/10	Thu	410	319	245	283	604	2067	4987	6550	5957	4690	4143	4112	4057	4187	4266	4231	4949	5090	4269	2594	2124	2132	1420	761	 74447
12/10/10	Fri	470	342	325	309	587	1873	4747	6438	5695	4650	4110	4298	4249	4290	4380	4812	4931	4713	4585	3378	2535	2245	2023	1163	 77148
12/11/10	Sat	789	587	508	314	344	633	1254	1797	2672	3078	3542	3831	4084	4222	4186	4290	4482	4962	4515	3090	2403	2413	2065	1517	 61578
12/12/10	Sun	928	698	603	316	269	440	745	998	1590	2335	2978	3249	3756	4137	3755	3574	4041	3778	3248	2461	2319	1956	1338	661	 50173
12/13/10	Mon	375	290	272	269	623	1938	3971	5374	4945	4275	3510	3429	3579	3686	4221	4411	4536	3984	3223	2262	1808	1570	1163	600	 64314
12/14/10	Tue	375	259	232	277	610	2070	4997	5762	4676	4212	3900	3969	4143	4152	4338	4725	4908	5042	4191	2746	1945	1723	1276	637	 71165
12/15/10	Wed	366	326	225	281	584	1876	4086	4807	3686	4233	3431	4295	4150	4329	4314	4475	4548	3894	3012	2391	1915	1820	1230	715	 64989
12/16/10	Thu	383	308	287	267	625	1971	4907	6262	5648	4297	3882	3685	3558	4004	3708	3814	4124	3076	4078	2856	2287	2054	1418	880	 68379
12/17/10	Fri	522	375	336	321	583	1770	4058	5477	5363	4536	3900	4287	4433	4156	3721	3849	4653	4486	4671	3044	2311	2344	2061	1277	 72534
12/18/10	Sat	886	601	467	343	377	663	1211	1763	2579	3017	2979	3276	3343	3463	3597	3698	4209	4104	4147	3123	2378	2571	2193	1549	 56537
12/19/10	Sun	945	697	606	386	289	475	789	911	1466	2288	2920	2915	3122	3835	3708	3651	3384	3638	2963	2546	2094	1887	1340	811	 47666
12/20/10	Mon	477	370	314	310	576	1683	3742	4480	3872	4590	4030	4087	4156	4160	4237	3921	3922	4030	3094	2634	1844	1601	1250	749	 64129
12/21/10	Tue	418	451	302	313	586	1891	4616	5899	5309	4268	3612	3703	3533	3821	3455	3411	3528	3233	2827	2571	1946	2037	1353	852	 63935
12/22/10	Wed	430	310	295	299	616	1870	4279	5548	5088	3763	4048	4123	3890	4181	4691	4332	3664	4314	3151	2707	1888	1842	1428	904	 67661
12/23/10	Thu	509	383	308	321	558	1605	3557	4703	4267	3219	3365	4111	4350	4360	4680	4584	3570	4014	4058	2795	2081	2330	1772	1060	 66560
12/24/10	Fri	681	439	394	319	374	680	1178	1397	1777	2246	2454	3169	3330	2974	3127	3451	3432	3518	3151	2321	2215	2480	1948	1287	 48342
12/25/10	Sat	868	549	367	210	172	282	514	511	727	1223	1549	1988	2493	2695	2726	2693	2808	2683	2458	2274	2036	1987	1579	973	 36365
12/26/10	Sun	589	465	403	299	266	414	705	800	1158	1762	2614	2917	3183	3201	2840	2788	2972	3025	2600	1975	1656	1463	1196	788	 40079
12/27/10	Mon	547	404	344	296	525	1505	3445	4493	3695	3020	2801	2954	3193	3246	3336	3524	3573	4271	3752	2393	1679	1568	1206	721	 56491
12/28/10	Tue	393	273	219	303	531	1660	3940	5015	4423	3257	3083	3319	3286	3472	3504	3615	3852	3614	3346	2566	1811	1659	1275	769	 59185
12/29/10	Wed	453	335	258	320	575	1736	3832	4243	4120	3272	3205	3303	3437	3652	3706	3822	3799	3647	3526	2623	1939	1755	1318	827	 59703
12/30/10	Thu	487	399	336	322	527	1531	3518	4563	4034	3284	3368	3286	3238	2659	2999	2762	2395	2146	1927	1500	1013	918	753	505	 48470
12/31/10	Fri	337	304	264	251	359	639	1096	1291	1478	1743	1919	2221	2495	2666	2832	2947	2805	2932	2896	2443	2139	1645	1357	917	 39976