01/01/10	Fri	2134	1957	1347	914	634	750	1209	1498	1966	2853	3717	4486	4642	4782	4928	4591	4340	3971	3714	2902	2629	2563	1906	1186	 65619
01/02/10	Sat	780	673	455	381	453	952	1801	2549	3418	4468	5254	5944	6158	5561	6368	5860	5588	5375	4602	3670	3241	3516	2887	1799	 81753
01/03/10	Sun	1118	1036	661	410	442	803	1533	2073	2704	4158	5286	6523	7819	6413	5014	4977	5156	5247	4012	3135	2532	2146	1444	838	 75480
01/04/10	Mon	533	452	333	443	1066	3652	8124	8607	6305	6082	6088	6556	6688	6946	7515	7861	7618	6987	5480	3594	2916	2412	1667	909	 108834
01/07/10	Thu	502	401	373	490	1067	2816	4159	5419	5637	5687	5780	5923	6317	6719	7132	7454	7017	6535	5285	3503	3060	2661	2139	1008	 97084
01/08/10	Fri	677	541	410	454	984	3286	7564	6396	7334	7282	7162	7722	7644	7830	7886	6882	7112	6769	6723	1348	4229	3522	3042	1839	 114638
01/09/10	Sat	1223	953	632	450	523	1444	2976	3785	4981	6077	6620	7448	7893	7659	6965	6694	6854	6404	5615	3966	3519	4170	2935	1851	 101637
01/10/10	Sun	1204	1161	750	396	390	864	1928	2347	3113	4669	5108	5741	6246	6102	5699	5481	5483	5064	4249	3373	2675	2261	1345	840	 76489
01/11/10	Mon	521	447	334	426	1128	3835	8169	8474	7125	4715	6711	6663	6921	6877	7668	7659	7245	7465	6238	3585	2938	2511	1661	932	 110248
01/12/10	Tue	546	366	344	441	1043	3792	7616	8461	8196	7115	6969	7178	7151	7455	7994	7585	6885	6298	6141	3871	3344	2943	1742	974	 114450
01/13/10	Wed	585	398	376	425	1107	3836	8447	8644	8142	6889	6975	6932	5168	7843	8114	7872	7130	7336	6976	3972	3443	2979	1862	1043	 116494
01/14/10	Thu	603	485	407	433	1147	3736	8197	8874	8113	7044	7098	7306	7523	7610	8008	8043	7244	6924	6317	4139	3692	3243	2096	1171	 119453
01/15/10	Fri	708	577	434	455	1061	3525	7727	8900	7974	7426	7557	8318	8141	6441	7353	6453	6959	5591	6597	5220	3963	3714	3079	1883	 120056
01/16/10	Sat	1297	1055	650	437	541	1327	2619	4019	5547	6602	7559	8524	8575	7692	7290	6928	7196	7345	6488	4454	3969	3629	3242	2066	 109051
01/17/10	Sun	1371	1234	763	452	431	794	1563	2324	3236	4587	5295	5848	6307	6186	5771	5791	6061	5765	5458	3331	2703	2461	1827	998	 80557
01/18/10	Mon	634	514	376	447	1008	3152	6607	7343	6677	6694	7085	7572	7479	7471	7837	7263	7884	7337	5709	3637	3006	2475	1512	785	 110504
01/19/10	Tue	488	308	317	420	1110	4004	8302	8807	8566	7346	7183	7135	7453	7621	8062	8079	7435	7026	5476	3818	3359	2743	1724	930	 117712
01/20/10	Wed	487	366	326	405	1134	3882	8408	8748	8658	7161	7060	7239	7317	7585	8022	7553	7747	7372	5980	3740	3570	3026	1841	953	 118580
01/21/10	Thu	616	418	401	442	1161	3852	8425	9030	8357	7436	7239	4363	3327	7385	7968	7498	7377	7036	6711	4810	3894	2987	2125	1211	 114069
01/22/10	Fri	705	546	460	462	1137	3527	8099	8990	8256	7325	7433	7881	8144	8334	8253	7179	7254	7113	7362	4963	3721	3649	2964	1826	 125583
01/23/10	Sat	1174	951	648	450	565	1397	2624	3890	5348	6594	7120	6559	4967	6127	7123	6911	7221	7875	6838	4418	3749	3699	3129	1952	 101329
01/24/10	Sun	1376	1159	763	579	586	939	1722	2151	2957	4195	4792	5558	6095	5511	5077	5402	5690	5291	3825	2865	3501	2330	1463	815	 74642
01/25/10	Mon	473	429	320	397	1187	3884	8564	8759	7898	7022	6571	6797	6998	7191	7567	8053	7854	7456	5927	3569	2979	2461	1502	836	 114694
01/26/10	Tue	470	367	343	421	1102	3822	8479	9403	8125	7135	6739	7014	7044	7217	7947	8214	7782	7278	5618	3846	3372	2768	1796	930	 117232
01/27/10	Wed	534	347	335	389	1098	3674	8325	8711	8289	7231	6828	6947	7223	6626	2936	3370	6443	5078	5620	3723	3356	2854	1678	939	 102554
01/28/10	Thu	550	460	366	433	1142	3687	7887	8501	7748	6809	6665	6888	6917	7259	7790	8014	7628	7182	6040	4062	3511	2994	2055	1101	 115689
01/29/10	Fri	692	545	438	471	1020	3565	7764	8971	7890	7150	7162	7591	8003	8249	7910	7048	6988	7246	6996	5189	4109	3901	3016	1812	 123726
01/30/10	Sat	1270	987	679	442	584	1388	2795	4199	5679	6343	6890	7443	7774	7282	7196	6907	7263	7561	6637	4550	3728	3734	3245	2118	 106694
01/31/10	Sun	1320	1186	762	434	401	810	1798	2229	3437	4683	5174	5901	6214	6092	5895	6020	6653	5904	4337	3400	2881	2303	1541	905	 80280
02/01/10	Mon	541	414	334	398	1126	3842	8402	8808	7989	6906	6608	6781	7063	7019	7423	7710	6833	7827	6057	3539	3120	2462	1628	814	 113644
02/02/10	Tue	526	331	326	408	1127	3932	8533	8884	8426	7012	6837	7010	7083	7217	7944	7440	7790	7578	6235	3901	3389	2738	1794	920	 117381
02/03/10	Wed	522	392	309	386	1090	3930	8522	9214	8244	7450	7125	7153	7477	7294	6358	7050	7242	7498	6447	4907	3565	2795	1872	1037	 117879
02/04/10	Thu	575	465	356	450	1138	3866	8410	8910	8270	7233	6951	7063	7409	7505	8057	7965	6544	7514	6204	4265	3736	3204	2071	1121	 119282
02/05/10	Fri	685	529	464	442	1133	3694	8001	8875	4360	6482	7559	7688	7905	8411	8377	7373	7567	7793	7350	4962	3941	3977	2829	1878	 122275
02/06/10	Sat	1177	995	655	451	563	1516	3017	4715	5730	6408	6226	7623	7579	7171	6868	6990	7036	7200	6746	4953	3712	3725	2981	2024	 106061
02/07/10	Sun	1269	1122	663	453	403	924	1789	2200	2756	3550	3746	4343	4730	4802	5320	5695	3488	2528	2185	2601	4662	2595	1386	736	 63946
02/08/10	Mon	420	376	335	455	1178	3677	5662	5211	5002	6073	5081	5287	5549	6006	6409	6970	6671	5729	4735	2822	2389	2027	1398	757	 90219
02/09/10	Tue	437	355	328	442	1135	3722	7847	8335	8068	6959	6789	6861	7049	7127	7220	7256	6860	7718	6637	3973	3425	2657	1742	936	 113878
02/10/10	Wed	483	379	322	390	1125	3903	8394	8551	8438	7464	7093	7095	7315	7588	8177	7636	7272	7518	6500	4274	3397	2825	1827	978	 118944
02/11/10	Thu	566	439	348	461	1195	3862	8718	8786	8369	7868	7365	7568	7818	7829	8306	7563	7253	7523	6903	5477	4021	3171	2175	1310	 124894
02/12/10	Fri	764	569	457	486	1127	3609	7718	9052	8106	7575	7616	8015	8226	8355	7361	6808	7103	6843	7427	5140	4164	4140	3208	1957	 125826
02/13/10	Sat	1288	989	634	468	604	1381	2800	4053	5585	6836	7407	7942	8254	7703	7547	7466	7440	6973	6564	4631	4107	4271	3234	2094	 110271
02/14/10	Sun	1357	1188	688	412	373	664	1347	1834	2369	3676	4157	5339	6149	5996	5679	5403	5323	4901	4254	3355	3059	2575	1845	1058	 73001
02/15/10	Mon	592	544	373	433	1010	3043	6600	7629	6404	6881	7319	7387	7506	7653	7805	8218	7719	6531	5240	3525	2949	2438	1505	827	 110131
02/16/10	Tue	507	329	317	412	1120	3909	8640	8591	8374	7202	7195	4813	6346	7206	7957	8325	7867	7520	5926	4008	3423	2944	1753	922	 115606
02/17/10	Wed	578	452	348	407	1148	4058	8933	8988	8506	7315	7312	7502	7361	7607	8079	7811	7729	7620	5747	4019	3435	2802	1817	950	 120524
02/18/10	Thu	543	448	365	441	1136	3855	8515	9452	8344	7450	7209	7484	7624	7904	7480	6152	4907	3766	5520	3355	2856	2606	1625	948	 109985
02/19/10	Fri	562	489	444	463	1134	3506	6924	7450	7276	6423	6510	7277	7358	7629	8085	7092	5651	5527	6299	4004	3549	3340	2771	1566	 111329
02/20/10	Sat	964	750	580	425	573	1538	2811	3658	4562	5732	6070	6876	6919	6727	6568	6389	6322	6574	5561	3904	3210	3478	2730	1664	 94585
02/21/10	Sun	1079	882	602	385	427	950	1628	1931	2576	3838	4310	5510	6814	5450	4937	4774	4705	4273	3365	2519	2245	1721	1200	695	 66816
02/22/10	Mon	417	395	297	405	1097	3484	6425	6957	7277	6376	6054	6399	6770	6724	7253	7762	7706	7488	6358	3556	2892	2319	1399	826	 106636
02/23/10	Tue	420	326	302	409	1141	4038	8107	7900	8309	7399	7046	6937	7182	7354	7797	6295	6569	7021	6164	4020	3583	2764	1717	954	 113754
02/24/10	Wed	531	383	329	428	1209	4046	8495	8411	8414	7360	7163	7266	7445	7496	8227	7547	7399	7622	6094	4282	3526	2978	1846	1015	 119512
02/25/10	Thu	582	488	385	453	1171	3918	7802	8724	8188	7540	7386	7293	7446	7790	8091	7561	6452	6515	5923	4183	3365	2985	1881	1184	 117306
02/26/10	Fri	658	527	420	481	1081	3558	7811	8360	8056	7399	7371	7798	8039	8464	8441	7149	7634	7442	7671	5541	4177	4018	3119	2133	 127348
02/27/10	Sat	1104	979	633	457	531	1569	3429	4341	5655	6419	7201	7549	8032	7664	7490	7435	7623	7739	6957	4693	4236	4220	3394	2112	 111462
02/28/10	Sun	1300	1158	771	485	449	879	2005	2452	3238	4586	5030	5930	6532	6191	5625	5513	6270	5424	4200	3187	2557	2065	1344	783	 77974
03/01/10	Mon	446	384	346	464	1235	4113	8673	8707	7949	6962	6599	6721	7071	7225	7718	8106	8168	7995	6328	3595	3178	2501	1567	831	 116882
03/02/10	Tue	507	353	293	425	1128	4062	8728	8879	8393	7501	7183	6762	7430	7481	8010	7906	8045	7577	6051	4001	3567	2965	1860	1093	 120200
03/03/10	Wed	530	393	333	421	1200	4006	8732	8489	7685	7660	7175	7315	7415	7507	7891	7295	7528	8043	7034	4149	3588	2883	1856	971	 120099
03/04/10	Thu	592	468	340	492	1205	4062	8810	9314	8215	7406	7401	7444	7708	7851	8213	7478	7366	7471	6691	4470	3807	3202	2183	1128	 123317
03/05/10	Fri	619	638	431	478	1151	3814	8550	8947	8000	7559	7657	8183	8299	8408	6639	6823	7275	7820	7780	5767	3935	3805	3098	1963	 127639
03/06/10	Sat	1230	1008	569	453	590	1607	3344	4720	6187	7135	7826	8238	8413	8136	7746	8016	8153	8161	6835	4497	3987	3759	3256	2151	 116017
03/07/10	Sun	1382	1135	686	501	387	910	1915	2651	3433	5060	5735	6543	6829	6977	6659	6503	6432	6040	5024	4517	3003	2412	1754	1092	 87580
03/08/10	Mon	601	383	348	463	1244	4094	8856	8976	7943	7036	6880	7078	7112	7269	7958	8200	7779	7674	6195	3784	3158	2414	1591	951	 117987
03/09/10	Tue	535	347	311	437	1210	4238	8917	8973	8507	7446	7125	7224	7525	7581	7975	7433	7769	8004	6525	3913	3535	2846	1850	965	 121191
03/10/10	Wed	545	431	307	445	1151	4286	8600	9021	8486	7449	7020	7558	7422	7557	7753	7216	6590	6236	6422	3953	3497	2820	1782	1000	 117547
03/11/10	Thu	583	479	379	478	1204	4130	8990	9136	8372	7541	7403	7265	7635	8201	7980	7330	7395	7693	7460	4420	3734	3278	1995	1113	 124194
03/12/10	Fri	700	562	454	506	1222	3948	8197	8896	8344	7698	7671	7989	7438	8294	7872	6326	6850	7510	7417	5218	4080	4109	3078	1938	 126317
03/13/10	Sat	1235	1080	632	479	573	1656	3321	4823	6742	8226	7215	7724	8035	7789	7797	7628	7929	8281	7217	4800	4192	4113	3154	2176	 116817
03/15/10	Mon	500	402	314	475	1237	3934	8070	8450	7796	6819	6796	6967	7400	7595	7970	7961	7176	7394	5741	4013	3506	2641	1753	944	 115854
03/16/10	Tue	556	396	360	477	1251	4161	8118	8478	7651	7905	7268	7474	7517	7943	8334	7997	7442	6859	7115	4481	3823	3176	2026	1064	 121872
03/17/10	Wed	640	441	388	488	1230	4100	8579	8707	8371	7797	6851	7191	7723	7708	8215	7700	7403	7288	6958	4533	3923	3249	2189	1258	 122930
03/18/10	Thu	741	653	474	572	1278	4111	7768	8307	8445	7914	6058	5176	7444	8150	8325	7146	7224	7857	7885	5139	4120	3449	2413	1358	 122007
03/19/10	Fri	769	566	429	508	1103	3515	6573	6901	5711	5466	5576	5508	5568	6589	5281	4644	4601	3985	3299	2645	2088	2038	1533	1098	 85994
03/20/10	Sat	723	627	479	392	540	1335	2175	2813	3834	4821	5643	6402	7786	7398	6980	7218	7317	7518	6916	4581	4132	3925	3098	2118	 98771
03/21/10	Sun	1230	1053	698	477	479	981	2047	2317	3345	4744	5607	6344	6834	6704	6491	6216	6205	5359	4588	4006	3405	2588	1626	1064	 84408
03/22/10	Mon	569	481	343	561	1181	3956	7769	8832	7493	6828	6998	7219	7301	7386	8159	7709	7766	7566	5986	4234	3233	2734	1744	1033	 117081
03/23/10	Tue	582	391	361	465	1245	4064	8377	8846	7756	6993	7260	7378	4912	4543	5462	5677	5027	4224	3915	2703	1558	1035	687	541	 94002
03/24/10	Wed	344	241	219	311	833	2263	3615	3148	3171	3763	3960	4122	4513	4945	5400	6024	6117	5732	4867	3094	2867	2406	1626	961	 74542
03/25/10	Thu	591	484	326	427	1187	3946	8144	8911	7800	6959	7392	7469	7447	7779	7319	7281	7179	8013	6297	4524	3829	3242	2197	1130	 119873
03/26/10	Fri	675	525	372	512	1234	3796	7998	8841	7563	7457	7736	8041	8105	5810	7281	6634	6127	7057	6626	4215	3540	3274	2536	1531	 117486
03/27/10	Sat	1064	854	634	462	562	1417	2417	3339	4427	5621	6364	7128	7209	6933	7059	7010	7127	7215	6814	4744	3931	3676	3135	2119	 101261
03/28/10	Sun	1288	1090	727	475	467	979	1815	2469	3520	4995	5504	6320	6590	6224	6044	6067	5970	5645	4520	3878	3405	2650	1681	936	 83259
03/29/10	Mon	523	476	350	453	1268	3983	8180	8925	7388	7102	7036	6943	7327	7492	7936	8593	8187	7259	5555	3805	3247	2647	1781	969	 117425
03/30/10	Tue	518	384	327	457	1198	4212	8395	9320	7878	7438	7427	7331	7653	7854	8184	7597	7498	6622	6950	4774	3703	3085	1989	1063	 121857
03/31/10	Wed	609	399	365	466	1154	4171	8291	8925	8062	7702	7623	7396	7776	7927	8383	8139	7608	7988	7053	4523	3798	3088	1955	1129	 124530
04/01/10	Thu	644	503	384	476	1206	4114	8471	8885	8089	7564	7647	7584	7863	8213	8257	7122	6822	7318	7374	5596	4143	3235	2145	1292	 124947
04/02/10	Fri	763	623	450	515	1142	3600	7127	8314	7591	7375	7676	7877	8326	8517	7748	7482	8310	7809	7541	4971	4170	3785	2837	1719	 126268
04/03/10	Sat	1151	912	617	450	529	1391	2637	4103	5339	6380	6837	7750	8016	7597	7352	7283	7213	7238	6757	4504	3997	3785	2932	1879	 106649
04/04/10	Sun	1248	1070	681	454	614	894	1381	2189	3283	5012	6126	6903	7424	6651	6441	6653	7336	7426	6519	6092	4637	3199	1850	990	 95073
04/05/10	Mon	553	407	303	441	1292	4345	8897	9247	8076	7358	7081	7166	7754	7481	7968	8129	7532	7507	5746	4016	3309	2782	1650	826	 119866
04/06/10	Tue	487	363	309	475	1255	4345	8902	8610	8619	7538	7432	7224	7545	7614	8422	7472	7520	8056	6972	4172	3656	2917	1979	1011	 122895
04/07/10	Wed	596	373	298	416	1105	3849	7351	7577	7335	7488	6797	7113	7124	7601	8103	8291	8483	5919	7342	4573	3983	3213	2073	1096	 118099
04/08/10	Thu	618	439	347	467	1285	4337	8948	8735	8556	7934	7504	7538	7753	8109	8392	7102	7364	7778	7419	6076	4107	3579	2272	1314	 127973
04/09/10	Fri	751	563	413	536	1252	3967	8429	8777	8374	7885	8021	6066	7484	7710	6271	7009	7078	7296	7460	5343	4227	3963	2858	1937	 123670
04/10/10	Sat	1243	915	626	468	625	1503	3424	5031	5723	6170	7792	8202	8473	7864	8141	8343	8727	8358	7244	4795	4037	3911	3249	2126	 116990
04/11/10	Sun	1202	1035	704	465	459	963	2163	3045	4093	5927	7020	8383	5782	6154	6199	6045	5697	5176	4524	4012	3381	2552	1736	954	 87671
04/12/10	Mon	565	386	343	475	1299	4413	8993	9203	8172	7356	6923	7084	7298	7390	7944	8322	7931	8202	6699	4123	3410	2664	1687	888	 121770
04/13/10	Tue	457	366	306	479	1270	4370	8563	8794	8135	7737	7284	7266	7625	7780	8254	7842	7121	7750	6492	4410	3736	3026	1838	991	 121892
04/14/10	Wed	604	411	349	461	1297	4508	8771	8012	7999	7772	7462	6002	7382	7721	8258	7178	7297	7719	6887	4574	3970	3009	1968	1038	 120649
04/15/10	Thu	605	476	353	465	1246	4521	8797	8989	8255	7786	7729	8234	8097	7975	8221	6867	4630	6074	7063	3211	2862	2956	2317	1213	 118942
04/16/10	Fri	735	572	427	535	1266	4196	8554	9079	8176	7640	7600	7757	8159	7749	7608	6914	7418	7356	8156	5252	4267	3827	2840	1840	 127923
04/17/10	Sat	1087	897	610	477	587	1561	3102	4903	5954	6961	7244	8048	7937	7396	7654	7417	7399	7701	7339	6146	4327	3833	3215	2301	 114096
04/18/10	Sun	1369	1095	715	483	441	931	1921	2852	3865	5306	5936	6417	6735	6576	6267	6433	6637	6495	6152	4079	3350	2500	1698	881	 89134
04/19/10	Mon	496	378	283	467	1286	4599	8992	8996	8038	7201	6936	7132	7546	7409	8016	8020	7058	6321	6783	3394	2828	2590	1567	985	 117321
04/20/10	Tue	540	391	298	472	1292	4594	9074	9201	8150	7363	7270	7399	7689	8107	8438	6785	7440	8169	7274	4934	3699	2768	1902	1165	 124414
04/21/10	Wed	609	414	333	475	1241	4487	8857	8826	8532	7472	7366	7353	7382	7673	8301	7527	7362	7852	6472	4321	3774	2815	1812	971	 122227
04/22/10	Thu	564	369	370	512	1315	4439	8211	8364	8130	7075	7353	7355	7823	7606	7339	7320	7917	7417	5808	3990	3676	3115	2206	1100	 119374
04/23/10	Fri	683	499	375	495	1139	3722	7161	7559	7110	6594	5609	6034	6555	6976	7669	7631	8137	7580	6597	4144	3639	3258	2685	1686	 113537
04/24/10	Sat	1045	948	579	441	539	1270	2530	4189	5138	6062	6622	7600	7937	7668	7685	7379	7964	7957	7280	5452	4265	3884	3313	2580	 110327
04/25/10	Sun	1468	1162	733	530	532	999	1886	2613	3827	5459	6224	6836	7190	7612	6860	6164	5996	5368	4583	3555	3051	2277	1467	803	 87195
04/26/10	Mon	455	382	278	459	1305	4396	8537	8732	8253	7074	6982	7123	7294	7567	8103	7836	7750	7748	6267	4069	3400	2626	1595	924	 119155
04/27/10	Tue	482	393	315	498	1290	4609	8897	8999	8266	7628	7421	7362	7437	7401	8134	7268	7683	8199	6627	4539	3874	2894	2048	1030	 123294
04/28/10	Wed	560	404	328	463	1337	4617	8453	8394	8243	7819	7547	8059	7126	6073	7999	7407	7571	6614	7239	5870	4179	3170	1888	1260	 122620
04/29/10	Thu	591	450	358	505	1261	4467	8233	7870	7660	7701	7329	7452	7728	7851	8407	7419	7034	7903	6195	4519	3943	3192	2128	1162	 121358
04/30/10	Fri	747	624	448	533	1253	4352	8502	8932	8002	7407	7668	7996	8139	8037	7306	6230	5903	7987	7200	5322	4161	4004	2974	2131	 125858
05/01/10	Sat	1142	976	636	418	642	1446	2785	4430	5681	6808	7874	8043	8039	7888	7876	7362	7725	7580	6397	5188	4352	4056	3597	2350	 113291
05/02/10	Sun	1422	1184	693	499	482	1050	2165	2942	3665	5242	5751	6603	7098	6654	6342	6270	6242	5343	4731	3881	3219	2401	1744	819	 86442
05/03/10	Mon	509	420	336	495	1344	4739	8674	8851	7899	7045	6871	7163	7249	7513	8170	6629	6826	7722	5678	4169	3714	2641	1655	1018	 117330
05/04/10	Tue	523	394	351	505	1379	4691	8951	7864	7533	7662	7299	7127	7261	7662	8028	7011	6492	7061	6454	4532	3970	2865	1809	1013	 118437
05/05/10	Wed	548	400	335	471	1346	4816	8691	8765	8145	7375	7431	7397	7667	7872	7225	7161	7305	7624	6913	4747	4155	3180	2038	1065	 122672
05/07/10	Fri	659	577	547	513	1294	4541	8566	8593	8049	7671	7863	8162	8360	8188	6861	6616	6948	7789	6854	5705	4550	3932	3039	2047	 127924
05/08/10	Sat	1188	921	627	474	662	1530	3009	5087	6459	7234	7859	8271	8252	7879	7917	7044	7773	7493	6377	4927	4500	4108	3314	2317	 115222
05/09/10	Sun	1267	1109	731	443	447	996	1636	2613	4100	5993	6814	7436	7631	7207	6960	6904	6779	6226	5678	4946	4278	3164	2000	993	 96351
05/10/10	Mon	557	425	371	517	1444	4819	8866	8185	8170	7162	6970	7265	7443	7383	8196	8099	7481	7868	6496	4191	3478	2696	1748	922	 120752
05/11/10	Tue	496	445	353	548	1334	4777	9142	8780	8015	7426	7371	7463	7635	7777	8263	7393	6075	5519	6234	3691	3156	2558	1584	832	 116867
05/12/10	Wed	567	354	304	487	1265	4366	7984	8274	7593	6729	7086	7374	7801	7661	8010	7934	6614	6772	5853	4039	3500	2859	1836	975	 116237
05/13/10	Thu	603	474	386	520	1314	4515	9055	8954	8273	7489	7975	7654	8110	8185	8603	7306	7189	7874	6837	4638	4105	3371	2240	1234	 126904
05/14/10	Fri	748	535	446	572	1347	4366	8772	7555	8327	7745	7977	8226	8426	7919	6990	5149	5436	5921	6313	4826	4270	4097	3113	1858	 120934
05/15/10	Sat	1170	957	659	502	676	1675	3186	5229	6383	7202	7889	8456	8432	7978	7881	8235	8664	8306	6628	4771	4576	4318	3417	2405	 119595
05/16/10	Sun	1459	1202	754	532	607	1265	2609	3661	4556	5664	6383	6577	5590	6611	6456	6221	6048	5355	4795	4117	3152	3186	2012	1042	 89854
05/17/10	Mon	601	450	356	567	1407	4843	8969	8515	7300	7073	6791	7135	7330	7430	7958	7472	7373	7101	5603	4169	3720	2809	1812	950	 117734
05/18/10	Tue	563	437	360	527	1389	4754	9219	9243	7878	7032	7186	7319	7212	7466	8070	7839	7473	7527	6109	4524	4300	3032	1931	1065	 122455
05/19/10	Wed	597	471	355	486	1406	4754	9247	8942	8090	7189	7486	7486	7140	6902	7920	7402	7222	7514	6285	4913	4405	3217	2217	1169	 122815
05/20/10	Thu	685	523	405	568	1410	4834	9227	8812	8390	7501	7590	7459	7880	8070	7892	5659	7105	6197	7474	5690	4490	3923	2486	1401	 125671
05/21/10	Fri	768	617	484	578	1406	4396	8589	8785	7804	7037	7572	6265	6914	7384	6921	6709	7087	7177	7415	5395	4727	4596	3247	2085	 123958
05/22/10	Sat	1238	1042	646	534	753	2039	3853	5424	6379	7365	6590	7728	7962	7918	8048	8132	7932	7864	6693	5302	5003	5046	3678	2238	 119407
05/23/10	Sun	1316	1145	683	493	515	1109	1979	3018	4330	5364	5892	6641	6974	6747	6443	6409	6087	5930	5094	4184	3769	2667	1753	711	 89253
05/24/10	Mon	428	342	310	420	1426	4847	8183	8598	7567	6912	6757	6960	7111	7333	7729	7419	7202	6849	5687	4016	3537	2022	1304	698	 113657
05/25/10	Tue	388	290	257	394	1184	4808	8817	8733	7894	7087	7117	7143	7367	7537	7927	7659	6823	7586	6840	4484	3091	2036	1258	696	 117416
05/26/10	Wed	463	336	293	396	1303	4715	8916	8843	8016	7478	7308	7464	7685	7720	6421	6526	3733	6355	7038	4768	4159	3198	1669	1003	 115806
05/27/10	Thu	635	540	409	547	1334	4765	7898	8548	8021	7708	8234	7964	7929	6956	6752	6089	6088	6844	6787	5037	4393	3423	2399	1255	 120555
05/28/10	Fri	768	672	463	608	1280	4255	7896	8257	7443	7727	8119	8240	7731	7216	6949	6598	7288	6147	6951	5090	4155	3723	3011	1971	 122558
05/29/10	Sat	1200	938	647	517	671	1503	2816	4264	5675	6937	7321	7397	7209	7016	7620	7302	7943	7658	6196	4324	4031	3869	3072	2270	 108396
05/30/10	Sun	1240	1059	642	440	460	958	1836	2734	3918	5636	6704	8080	7508	6538	6066	5963	5962	5760	5208	4478	4130	3642	2451	1571	 92984
05/31/10	Mon	853	618	467	419	862	2445	2642	2610	3467	4695	5269	5680	5840	5725	5705	5395	4694	4835	4540	3992	3625	2760	1582	933	 79653
06/01/10	Tue	507	385	345	509	1417	4876	8783	8857	7886	7445	7160	7357	7486	7732	7743	7304	7330	7497	6111	4435	3537	2764	1856	1048	 120370
06/02/10	Wed	607	444	351	563	1426	4815	8798	8863	7964	7418	7185	7272	7531	7540	8008	6276	6659	5866	6839	4676	3916	3099	1918	1094	 119128
06/03/10	Thu	623	476	406	586	1463	4801	8646	8829	7758	7620	7431	7505	6534	7360	7875	7076	7150	7963	6737	4967	3880	3160	2309	1321	 122476
06/04/10	Fri	767	578	460	627	1467	4537	8352	8630	7628	7548	7425	8118	8081	8150	7171	6933	7137	8038	7081	5365	4504	4106	3045	1965	 127713
06/05/10	Sat	1218	934	679	541	732	1985	3974	5518	6464	7330	6426	7351	7872	7571	7594	7435	7761	7162	6159	4751	4619	4216	3300	2170	 113762
06/06/10	Sun	1389	1104	719	464	511	1138	2189	3277	4316	5789	6148	6778	6867	7010	6544	6390	6148	5526	4730	3919	3482	2998	1984	1125	 90545
06/10/10	Thu	706	528	413	621	1501	4973	8748	8735	8212	7926	8042	8160	7580	6400	6398	6959	5995	6223	6749	4828	3656	3289	2381	1240	 120263
06/11/10	Fri	740	569	456	579	1488	4581	8347	8677	7608	7617	7823	7949	6402	7647	6384	5378	6844	7549	7044	3258	2269	4805	3999	1920	 119933
06/26/10	Sat	1539	1020	873	634	890	1630	2865	4238	5384	6580	7376	7806	7705	7120	6951	7414	7420	7218	6512	5512	4157	4403	3958	2809	 112014
06/27/10	Sun	1687	1203	1019	596	498	863	1786	2703	3476	4928	6071	6520	6638	6521	6295	6439	6193	5959	5383	4793	4052	3376	2515	1399	 90913
06/28/10	Mon	814	511	473	453	989	3104	7445	8654	8248	7684	7393	7390	7676	7444	6844	6953	3941	7555	6811	5073	3954	3435	2410	1471	 116725
06/29/10	Tue	799	498	415	443	891	3175	7429	8934	8521	8172	7644	7639	7501	7851	7588	4957	6226	6865	7612	5606	4420	3698	2725	1638	 121247
06/30/10	Wed	839	499	597	489	955	3169	7409	8742	8476	8323	7818	8033	7265	7896	7856	6545	6002	6494	7652	5649	4476	3581	2914	1641	 123320
07/01/10	Thu	963	559	555	536	988	3148	7306	8687	8559	7397	7791	6931	7248	8031	7699	6718	6573	7072	7647	5709	4528	3541	3172	1784	 123142
07/02/10	Fri	1049	686	575	515	897	2797	6587	8250	7546	7570	8128	8042	3816	7072	6222	6294	6875	7344	7162	5595	4540	4131	3266	2245	 117204
07/03/10	Sat	1387	938	790	559	577	1127	2402	3488	4428	5652	6698	7046	6939	6617	6641	6760	7616	7559	6181	5010	4044	3885	3650	2804	 102798
07/04/10	Sun	1539	1018	813	502	423	693	1320	1823	2491	3846	4823	5869	2645	2208	5711	5327	5599	5385	5296	3868	3620	2955	3111	1968	 72853
07/05/10	Mon	1212	703	549	385	457	1028	1889	2543	3313	4527	5438	5879	6059	5930	5877	5738	5329	5152	4687	4009	3698	3328	2414	1373	 81517
07/06/10	Tue	714	439	318	399	957	3101	7206	8603	8331	7425	7385	7500	7486	7503	7779	7423	6627	6511	7381	5190	3840	3213	2306	1431	 119068
07/07/10	Wed	752	489	405	403	916	3041	6856	8436	7792	7500	7394	7551	7465	7528	7713	5824	7064	6608	7520	5298	3852	3366	2468	1506	 117747
07/08/10	Thu	874	552	443	430	925	3142	7315	8859	8628	7850	7890	8065	7973	7974	8086	7185	4354	4471	6391	5918	4501	3500	2962	1723	 120011
07/09/10	Fri	978	618	517	519	960	2944	6940	8700	8384	7777	7934	7454	7289	7813	6723	6536	6765	7585	7931	6430	4749	4331	3643	2521	 126041
07/10/10	Sat	1662	1034	858	500	753	1437	2663	4140	5464	7162	7382	6365	7520	7634	7763	7911	7874	8164	7178	5317	4354	4621	4059	2720	 114535
07/11/10	Sun	1807	1220	982	569	665	885	1807	2486	3371	5123	6226	7647	7931	6194	5488	5987	6014	5364	5039	4667	4140	3553	2606	1373	 91144
07/12/10	Mon	804	491	472	433	951	3124	7480	8778	8500	7580	7232	7331	7337	7500	7701	7321	6715	7097	6742	4832	3879	3616	2540	1459	 119915
07/13/10	Tue	768	453	389	433	948	3146	7304	8950	8449	7985	7735	7291	7488	7345	7958	7032	6750	3729	5433	5737	4270	3466	3006	1849	 117914
07/14/10	Wed	889	499	432	434	944	3064	7439	8878	8594	8082	7712	7435	7667	7813	7967	6871	6507	7225	7680	5717	4532	3848	2697	1604	 124530
07/15/10	Thu	893	551	507	502	975	3098	7536	8826	8430	8047	7558	7989	7897	7928	7606	5203	5422	7139	7888	6036	4607	4590	3238	2025	 124491
07/16/10	Fri	1080	663	573	554	930	2889	6862	8010	7718	7226	8021	7864	7804	7237	6834	6770	6943	7283	7206	6018	4830	4586	3704	2535	 124140
07/17/10	Sat	1469	1031	950	642	648	1305	2752	3845	5312	6784	7332	7461	6795	7550	7223	7181	7168	7130	6622	5344	4516	4733	3968	2891	 110652
07/18/10	Sun	1834	1215	1049	632	527	873	1563	2369	3204	5166	6091	6214	6318	6330	6311	6229	6070	5803	5373	4245	3459	3798	2953	3031	 90657
07/19/10	Mon	1436	624	470	467	973	3167	7486	8662	8151	7593	7296	7378	7287	7355	7711	7256	6361	6583	6298	4798	3900	3550	2745	1575	 119122
07/20/10	Tue	878	486	512	508	981	3127	7493	9031	8436	7750	7381	7459	7760	7713	8044	7295	6985	6188	6575	5112	3993	4032	3109	2996	 123844
07/21/10	Wed	1141	637	497	526	1018	3137	7488	8998	8634	8004	7926	7883	7744	7938	7247	6303	6451	7405	7178	5430	4528	4040	2767	1527	 124447
07/22/10	Thu	913	624	551	490	1012	3164	7462	8972	8120	8056	7702	7031	8011	7882	7953	7080	6451	7101	7162	5656	4573	4219	3044	1921	 125150
07/23/10	Fri	1074	786	681	547	926	2985	6975	8474	8147	8120	7901	8037	7542	7668	7197	6578	6220	7445	7334	6184	4689	4426	3595	2563	 126094
07/24/10	Sat	1490	1068	884	601	677	1358	2698	4089	5488	6960	7650	7774	7945	7618	7943	7591	7599	7592	6840	5474	4659	4678	4076	3168	 115920
07/25/10	Sun	1775	1241	954	645	517	847	1571	2570	3501	5205	6076	6395	6806	6762	6555	6179	5993	6045	5437	4588	4128	2937	2044	1401	 90172
07/26/10	Mon	810	516	463	456	949	3193	7328	8194	8350	7421	7285	7315	7340	7280	7764	6897	5700	7082	6721	4767	3885	2656	2216	932	 115520
07/27/10	Tue	620	435	413	424	750	2904	7704	8194	5367	7990	7923	7742	7630	7727	7824	6640	6284	7175	7855	5525	4052	3615	2815	1467	 119075
07/28/10	Wed	895	552	415	437	924	3182	7728	9035	8468	7945	7781	7785	7867	7801	7582	5968	7076	7418	7902	6152	4055	2335	2161	935	 122399
07/29/10	Thu	688	475	411	444	921	3143	7288	8838	8286	7576	7886	7924	7703	6374	4880	6342	5455	5475	7336	5843	4183	2574	2187	937	 113169
08/01/10	Sun	1881	1182	926	607	506	868	1600	2299	3347	5449	6816	7693	7764	6737	6020	6152	5971	5892	5180	4553	3875	2147	1878	1320	 90663
08/02/10	Mon	731	498	417	440	945	3168	7492	8533	8084	7588	7382	7472	7380	7374	7873	7098	6788	7500	6466	4701	3651	2687	1823	807	 116898
08/03/10	Tue	613	356	376	355	758	3104	7318	8846	8090	7229	7853	7677	7639	7658	7863	7177	6588	6831	7586	5456	3916	3276	2090	836	 119491
08/04/10	Wed	677	402	370	369	726	3102	7485	8801	8366	7935	7791	8085	7593	7908	7474	6582	5344	4608	6425	5322	3936	3359	2091	873	 115624
08/05/10	Thu	636	408	409	419	744	3184	7224	8815	8524	7676	7919	7918	7724	8015	8009	6826	6627	6598	7481	5669	4503	3933	2764	1637	 123662
08/06/10	Fri	924	608	527	480	921	2934	7036	8581	7784	7950	7985	7953	7896	7198	7105	6714	5239	6339	7354	5919	4917	4467	3523	2494	 122848
08/07/10	Sat	1518	1004	851	583	671	1326	2813	4204	5603	7345	7838	8127	7594	7481	7475	6809	7789	7878	6715	4754	4351	4299	3680	2814	 113522
08/08/10	Sun	1767	1177	946	627	631	868	1650	2483	3605	5704	6694	6698	6871	6819	6383	6142	6000	5713	5128	4496	4053	3468	2411	1270	 91604
08/09/10	Mon	747	474	430	439	953	3135	7092	8854	8066	7156	7032	7095	7182	7462	7735	7056	6013	5372	6491	4266	3463	2499	1886	1269	 112167
08/10/10	Tue	707	448	410	422	919	3163	7256	7778	8571	8143	7505	7455	7448	7705	7248	7135	6638	7389	6212	5368	4457	3524	2379	1489	 119769
08/23/10	Mon	661	430	388	395	986	3195	7563	8879	8415	7546	6894	7128	7356	7173	7729	7384	6804	7340	6919	4482	3404	2939	2343	1216	 117569
08/24/10	Tue	674	442	372	394	919	3156	7175	8173	8444	8202	7052	7227	7568	7660	7870	7244	6626	6296	7614	5021	4133	3368	2213	1289	 119132
08/25/10	Wed	743	439	384	392	926	3360	7850	8681	8448	8105	7425	8086	7074	6001	6204	5003	6080	6229	6723	4734	3383	2435	2120	1730	 112555
08/26/10	Thu	787	535	432	471	908	3257	7757	8502	8288	8031	7281	7518	7510	7598	7812	7505	6970	7505	6752	5215	4563	3773	2577	1558	 123105
08/27/10	Fri	856	635	496	510	917	3117	7123	8388	8284	7526	7416	7594	6444	7722	7247	6642	6613	7377	7823	6038	4521	3986	3404	2315	 122994
09/01/10	Wed	658	424	360	414	1030	3290	7699	8751	8411	7534	7120	7084	7473	7335	7576	6437	4094	7355	6426	5295	4217	3383	2206	1394	 115966
09/02/10	Thu	776	525	435	457	966	3229	7702	8627	8229	7421	7396	7490	7528	6894	7966	7090	6823	7414	6915	5481	4297	3815	2685	1470	 121631
09/03/10	Fri	803	630	545	516	971	2872	6883	8620	7665	7624	7488	7954	7958	7982	7462	6961	7142	7185	6973	5891	4822	4317	3471	2217	 124952
09/04/10	Sat	1339	919	727	517	574	1082	2076	3612	5196	6892	7725	7584	7171	6668	6651	6045	6446	6166	5904	4929	4435	4088	3499	2369	 102614
09/05/10	Sun	1486	1032	765	487	444	648	1238	1922	2929	4867	6038	6374	6703	6451	6108	5937	5769	5563	5185	4742	4309	3536	2963	1814	 87310
09/06/10	Mon	1263	777	633	422	424	820	1393	1875	2725	4201	5595	6803	7374	6318	5865	5854	5601	5237	4921	4731	3985	3034	1809	1060	 82720
09/07/10	Tue	597	359	314	414	911	3295	7792	8804	8245	7704	6998	7256	7362	7266	7886	7626	6501	6468	7322	4955	3876	3160	2112	1175	 118398
09/08/10	Wed	667	400	366	438	906	3346	7708	8864	8452	7935	7118	7270	7435	7550	7899	7407	6627	7188	7446	4830	3938	3317	2128	1300	 120535
09/09/10	Thu	696	467	440	447	931	3278	7909	8766	8328	8152	6865	7343	7679	7878	7898	7793	6206	5878	7111	5243	4521	3725	2630	1426	 121610
09/10/10	Fri	851	548	513	434	1024	3187	7407	8481	8064	7669	7479	7781	7824	8014	7634	6691	6734	6929	4971	5661	4544	4156	3399	2205	 122200
09/11/10	Sat	1335	957	816	594	640	1384	2685	4623	6254	6788	7408	7649	8053	7848	7509	7759	8026	7930	6939	5598	4626	4363	3702	2476	 115962
09/12/10	Sun	1594	1200	920	554	519	838	1585	2694	3940	4989	6062	6443	7398	6313	6205	6062	6125	5584	5235	4466	3718	2852	2024	1077	 88397
09/13/10	Mon	595	407	393	432	946	3238	7937	9090	8524	7355	6821	6820	7123	7273	7611	7878	7657	7553	6902	4429	3492	2979	1890	1067	 118412
09/14/10	Tue	664	470	357	395	912	3232	7973	8886	8506	7961	6889	7358	7274	7492	7970	7633	7196	7315	7486	5177	4007	3325	2794	2233	 123505
09/15/10	Wed	758	471	397	413	935	3285	7881	8858	8351	8016	7446	7856	8051	7718	7930	7594	4251	5930	7200	5340	4178	3524	2208	1327	 119918
09/19/10	Sun	1613	1143	934	513	492	779	1499	2450	3794	5499	7096	7690	7533	7278	6092	5503	5491	4884	4915	4589	3851	2872	1918	1288	 89716
09/20/10	Mon	626	452	360	450	1001	3337	7740	8642	8344	7393	6856	6889	7194	7133	6996	6999	6739	7409	6391	4480	3394	2844	1922	1092	 114683
09/21/10	Tue	511	423	343	412	948	3432	7880	8922	8389	7580	6866	7259	7216	7322	7825	7392	5448	6583	7070	4962	3954	3240	2031	1096	 117104
09/22/10	Wed	667	403	397	400	978	3316	7752	8700	8170	7564	7177	7552	7262	7340	7828	6603	6160	5637	7518	5245	3871	3281	2121	1260	 117202
09/23/10	Thu	705	430	402	438	991	3291	7970	8915	8441	7772	7168	7582	7519	7251	7387	7042	6351	7072	6475	5755	4328	3854	2579	1457	 121175
09/24/10	Fri	784	570	490	491	951	3219	7435	8671	8407	8001	7717	8106	7985	6741	6529	7058	7225	7352	7552	6556	4736	4410	3691	2449	 127126
09/25/10	Sat	1379	1017	847	544	614	1213	2528	4767	6826	7318	7785	8261	8123	7867	7761	7740	8055	7319	7329	5957	4944	4512	4240	3943	 120889
09/26/10	Sun	1651	1199	898	623	513	842	1553	2507	3823	5655	7329	7820	7925	7562	5725	5303	5347	5027	5420	4742	3800	2851	2089	1098	 91302
09/27/10	Mon	686	465	384	421	958	3267	7916	8744	8315	7513	6864	6892	7272	7049	7524	7819	6762	6348	6102	4806	3345	2866	1946	1013	 115277
09/28/10	Tue	624	396	336	388	975	3302	7453	8699	8059	8047	6938	7246	7194	7380	7828	5586	2831	4651	7748	5429	3864	3222	2110	1159	 111465
09/29/10	Wed	655	412	370	411	969	3297	7766	8578	8324	8020	7219	7969	8020	7540	6931	6790	7199	6677	7244	5399	4120	3337	2193	1212	 120652
09/30/10	Thu	677	497	394	445	1012	3288	7947	8288	8203	7990	7195	7581	7378	7655	8115	5752	5242	7085	7445	5532	4629	3930	2692	1509	 120481
10/05/10	Tue	585	414	385	376	939	3328	8015	8540	7748	8178	6980	7303	7367	7374	7986	7613	7109	7424	7076	5121	3850	3166	2051	1143	 120071
10/06/10	Wed	631	412	380	396	945	3414	7921	9044	8085	7844	6998	7192	7261	7435	7872	7923	7368	7341	7306	5072	4000	3388	2155	1243	 121626
10/07/10	Thu	700	469	432	421	979	3314	7969	8696	7681	7990	7151	7606	7497	7685	8115	7102	7170	7672	8046	6001	4160	3598	2545	1530	 124529
10/08/10	Fri	831	594	484	518	979	3071	7603	8643	8077	7578	7433	7730	7690	7687	7933	6163	6422	7158	7816	6151	4288	4047	3349	2081	 124326
10/09/10	Sat	1398	945	740	537	564	1125	2348	4081	6305	7012	7403	7682	7675	7867	7773	7338	7440	7834	6947	5354	4511	4302	3585	2455	 113221
10/10/10	Sun	1533	1118	878	529	442	682	1430	2745	3416	4809	5734	5759	5926	5943	6180	5929	6092	5768	5261	4014	3362	2492	1635	1073	 82750
10/11/10	Mon	601	388	357	398	974	3128	7542	8728	7328	6837	6831	7143	7029	7225	7833	8087	7136	7627	6523	4247	3144	2582	1769	970	 114427
10/12/10	Tue	553	369	372	399	945	3224	7240	7471	7132	7176	6914	7014	7235	7254	7635	8182	8029	7569	6459	4329	3523	2878	1976	1043	 114921
10/18/10	Mon	654	461	383	446	963	3371	7245	8561	8336	7282	6748	6989	7058	7085	7631	8050	8032	8029	6696	3946	2985	2613	1731	1041	 116336
10/19/10	Tue	604	376	359	415	951	3220	7989	8768	8410	7439	7059	7209	7244	7391	7875	7169	6162	6424	7686	4533	3610	3045	2026	1110	 117074
10/20/10	Wed	622	390	340	410	924	3323	7930	8560	8329	7951	7077	7250	7041	7044	7774	7814	7016	7482	7077	4578	3544	2290	1802	810	 117378
10/21/10	Thu	552	443	380	392	693	3133	7546	8397	8369	7928	7202	7472	7513	7654	7614	6952	7654	7891	7727	4611	3777	2473	2114	1405	 119892
10/22/10	Fri	785	557	508	469	884	2967	7453	8714	7844	7579	6309	7796	7969	7856	6580	6025	6740	7210	6480	5372	4144	3967	3534	2186	 119928
10/23/10	Sat	1485	965	768	571	553	1028	2134	3655	5691	6674	7340	7948	8052	7963	7663	7611	4487	6052	7802	5424	4652	4459	3778	2952	 109707
10/24/10	Sun	1756	1214	925	561	472	648	1266	1984	3275	5014	6543	6847	7859	7117	5690	5459	5604	5065	5175	4221	3298	2536	1767	1144	 85440
10/25/10	Mon	652	454	398	430	935	3312	7903	8502	6992	7084	6810	6745	6792	6905	7581	7129	6142	7517	6036	4149	3282	2650	1768	952	 111120
10/28/10	Thu	702	473	425	474	929	3205	7814	8616	8130	7423	7171	7319	7475	7713	7971	7777	7017	5376	5688	5624	4023	3736	2386	1352	 118819
10/29/10	Fri	802	563	464	510	888	2976	7457	8633	7873	7489	7379	8053	7973	7979	7623	7270	6788	7375	7729	6291	4684	4330	3414	2472	 127015
10/30/10	Sat	1461	1204	878	579	574	1062	2131	3623	5286	6413	7025	7685	7883	7673	7215	7167	7368	7468	7965	6101	5194	4887	4109	2913	 113864
11/01/10	Mon	545	434	385	353	706	3094	5031	5665	8219	7502	6624	6943	7150	6947	7578	7882	7642	7339	6313	3802	3059	2585	1563	775	 108136
11/02/10	Tue	505	274	314	343	688	3290	8037	8765	8209	7404	6686	7064	7235	7315	7635	7977	6615	6634	7127	4554	3281	2976	1108	832	 114868
11/03/10	Wed	536	374	310	346	734	3233	7987	8868	8404	7399	6862	7139	7217	7250	7793	7927	7229	8095	7805	4706	3367	2982	1888	805	 119256
11/04/10	Thu	573	401	367	387	737	3197	7950	8791	8258	7723	7168	7043	7389	7670	7990	7530	6822	7161	7583	5264	3720	2560	2079	975	 119338
11/06/10	Sat	1387	1027	753	518	606	1221	2455	4139	6016	6856	7334	7702	8361	8032	7508	7908	7840	8216	7138	4137	3535	4059	3578	2484	 112810
11/07/10	Sun	1513	975	581	399	399	731	1524	2441	3695	5475	6111	6575	7033	6887	6141	6018	6119	5943	4818	3518	3014	1889	1472	816	 84087
11/08/10	Mon	505	391	342	409	931	3504	8286	8956	8320	7124	6644	6865	7076	7046	7530	7726	7524	7169	5495	3535	2711	2018	1488	729	 112324
11/09/10	Tue	412	308	307	346	705	3508	8345	8950	8524	7409	6857	7173	7316	6837	6108	5490	5204	5560	6361	3906	2934	2573	1721	921	 107775
11/10/10	Wed	551	347	348	365	849	3367	8087	8834	8260	7583	7102	7238	7395	7648	7817	7607	7037	6070	7081	4038	3315	2329	1786	1065	 116119
11/11/10	Thu	646	443	398	444	864	2951	7120	7922	6735	6622	6540	6940	6851	6920	7157	7986	7910	7498	6099	4853	3359	2363	1918	1190	 111729
11/12/10	Fri	840	505	461	452	831	2993	7396	8933	7493	7568	7562	6839	8057	8040	8160	6928	6937	7144	7431	4743	3962	3834	3337	1988	 122434
11/13/10	Sat	1271	1000	722	502	537	1114	2500	4220	5935	5591	6628	7168	6892	7385	7495	7686	7575	7622	7073	4529	3921	3958	3238	2491	 107053
11/14/10	Sun	1582	1129	808	481	424	699	1442	2393	3441	5137	6175	7429	7826	7165	5484	5240	5446	4993	4569	3528	2849	1992	1488	884	 82604
11/15/10	Mon	465	379	326	436	923	3384	8300	7614	7933	6665	6207	6483	6636	6962	7349	8030	7387	7653	5406	3368	2843	2285	1551	914	 109499
11/16/10	Tue	522	373	359	463	932	3374	8044	8723	8255	5406	7350	7095	7374	5063	3770	5211	5143	6270	5146	4285	3207	2276	1651	988	 101280
11/17/10	Wed	553	392	339	397	864	3331	7525	8541	6585	7870	6700	7484	7301	7588	7909	7670	7403	7327	7364	4266	3309	2260	1929	1026	 115933
11/18/10	Thu	643	434	391	458	961	3391	8342	8954	8191	7996	7172	7467	7472	7914	8047	7325	7008	6150	6357	5035	3364	2378	2107	1275	 118832
11/19/10	Fri	715	518	669	557	913	3274	7768	9153	8207	7724	7280	7511	7970	7958	8249	7137	7381	7250	7860	5764	4079	4140	3316	2117	 127510
11/20/10	Sat	1337	981	780	540	663	1282	2857	4285	5817	7231	7850	7607	7641	6914	7297	7142	7522	7709	7087	4779	3879	4129	3360	2398	 111087
11/21/10	Sun	1450	1146	836	561	455	787	1609	2272	3197	4583	5379	5641	5772	6108	5632	5494	5693	5327	4316	3044	2526	2022	1621	959	 76430
11/22/10	Mon	571	418	358	461	967	3354	8058	8748	7971	6322	6854	6959	6799	6801	7658	7669	6945	6812	5999	3574	2727	2161	1713	939	 110838
11/23/10	Tue	567	365	373	444	868	3388	7877	8735	7716	7176	6931	7419	7544	7575	7945	7327	7018	7164	7183	4871	3437	2958	2133	1298	 118312
11/24/10	Wed	751	523	398	483	952	3033	6780	7366	6983	6901	5984	7202	7946	8000	7847	5983	6889	6138	5403	4031	3273	2908	2233	1424	 109431
11/25/10	Thu	1010	776	513	396	374	636	1141	1513	2251	3608	5215	6721	6507	6320	5106	4385	4652	5049	5617	5792	5241	4229	2757	1476	 81285
12/01/10	Wed	611	412	345	380	963	3427	8037	9141	8355	7303	6872	7205	7351	7415	7870	7838	6874	6994	7343	4475	3515	3067	2122	1163	 119078
12/02/10	Thu	692	489	434	485	964	3347	8078	8843	7222	8119	6357	7391	7239	7417	7837	7859	6938	5605	7171	2589	1521	1343	1164	644	 109748
12/03/10	Fri	457	335	298	343	641	2103	7283	9154	8336	7729	7276	7546	7769	8069	7963	7513	7324	6930	6377	4869	4045	4028	3319	2236	 121943
12/04/10	Sat	1285	933	698	530	618	1243	2654	4074	5527	6393	7236	7601	8351	6135	6153	7232	8051	7863	6649	4293	3908	4118	3542	2440	 107527
12/05/10	Sun	1482	1052	783	522	411	741	1535	2130	3026	4346	5047	5121	5578	5575	5791	5634	6106	6126	4298	3303	2770	2209	1551	632	 75769
12/06/10	Mon	442	327	289	451	935	3159	8131	8870	8132	7175	6548	6707	6300	7206	7555	8343	7707	6587	5324	3532	2996	2470	1596	735	 111517
12/07/10	Tue	464	314	276	381	859	3330	8195	8954	8540	7340	6683	7022	7110	7332	7769	7766	7291	5718	6736	4165	3369	2934	1993	1088	 115629
12/08/10	Wed	623	449	362	431	922	3335	8230	8446	8295	7773	6861	7333	7217	7492	7790	7616	7207	6922	6632	4381	3549	2803	1965	1237	 117871
12/09/10	Thu	657	482	382	440	977	3341	8219	8907	8548	7527	7179	7512	7307	7873	7148	7542	6961	7061	6855	4603	3871	3331	2378	1363	 120464
12/10/10	Fri	782	567	466	482	885	3083	7618	9131	7924	7572	7549	7867	7803	8195	8111	6079	6914	7223	7640	5308	3994	4072	3364	2067	 124696
12/11/10	Sat	1342	1019	680	515	578	1305	2692	3772	5327	6144	7369	7121	7631	7670	7367	6784	7566	7962	5276	4987	4136	4424	3804	2646	 108117
12/12/10	Sun	1501	1123	747	525	428	749	1516	2121	3058	4241	5127	5965	6510	6138	5749	5618	6058	5587	4550	3615	3003	2453	1757	982	 79121
12/13/10	Mon	581	392	340	435	961	3357	8189	8941	8303	7475	6538	6817	7169	7162	7345	7116	7712	5736	4364	4107	3078	2641	1812	997	 111568
12/14/10	Tue	602	388	360	421	950	3389	8290	8988	8507	7576	6916	7372	6205	7494	7934	7645	6330	3608	7741	4495	3554	2997	1870	821	 114453
12/16/10	Thu	801	506	422	402	824	2740	7064	8496	8354	6970	7042	7682	7387	7701	8057	7893	7661	7083	7159	5698	4368	3659	2510	1663	 122142
12/17/10	Fri	937	621	632	465	866	2520	6458	8729	8279	7260	7090	7796	8068	8193	8456	7572	6730	6493	7742	6481	4512	4227	3558	2456	 126141
12/18/10	Sat	1569	1095	863	547	603	1070	2448	3573	4860	5803	6663	7196	7719	7896	7379	7252	7694	6818	6223	5877	4424	4389	4016	2848	 108825
12/19/10	Sun	1846	1185	898	624	402	722	1601	2016	2840	4230	5233	5611	6330	6756	6006	5504	6493	6811	5148	3924	3617	3102	2252	1254	 84405
12/20/10	Mon	799	574	407	422	797	2680	6744	8700	7693	6995	6950	7264	7276	7257	7983	7415	7741	6745	6260	4191	3370	2923	2092	1392	 114670
12/21/10	Tue	759	534	425	443	822	2719	6661	8599	7866	7242	7042	7371	7471	7688	7784	7716	7622	7234	7231	5196	3783	3282	2377	1407	 119274
12/22/10	Wed	835	554	429	427	847	2577	6304	8155	7543	7047	7131	7669	7691	7939	8184	8079	6770	6536	6946	5217	3783	3256	2470	1653	 118042
12/23/10	Thu	974	668	541	478	791	2268	5340	6905	6579	6490	6949	7211	5647	8307	8334	6128	6764	6855	6306	4415	3557	3453	2882	1866	 109708
12/24/10	Fri	1105	744	666	488	573	976	1874	2564	3161	4091	5164	5876	6187	6155	6282	6167	6174	5519	4729	3777	3971	4050	3521	2190	 86004
12/25/10	Sat	1185	789	468	252	222	400	896	1204	1751	2798	3836	4645	5396	5446	4890	4595	4658	4661	4591	4717	4441	3944	2720	1540	 70045
12/26/10	Sun	814	541	450	304	330	632	1234	1629	2415	3713	5186	6392	7510	7394	5675	5325	5405	5860	4630	3902	3304	2789	2047	1206	 78687
12/27/10	Mon	705	571	434	406	749	2138	5090	6339	6007	5914	6264	6751	6699	7036	6413	6450	7205	7066	6515	3840	2941	2607	1955	1147	 101242
12/29/10	Wed	778	567	423	400	759	2340	5632	7334	7098	6773	6938	7367	7302	7555	7867	7882	6956	7119	6432	4552	3666	3168	2256	1449	 112613
12/30/10	Thu	931	623	517	452	763	2131	5097	6498	6185	6302	6398	5180	5304	5108	4699	2581	4078	3408	2803	2141	1717	1574	1235	890	 76615
12/31/10	Fri	588	476	413	358	497	869	1563	1907	2000	2377	3122	3669	4229	4227	5231	4789	5130	4591	4778	4144	3708	2708	2285	1561	 65220