01/01/10	Fri	3075	2988	2063	1235	824	771	901	1191	1618	2561	3570	4586	5037	5306	5186	5216	5080	4582	4101	3525	2905	2591	2084	1404	 72400
01/02/10	Sat	968	888	627	455	500	802	1366	2229	3023	3875	4877	5676	6207	6216	6366	6190	6329	5814	5196	4166	3504	3448	2901	2239	 83862
01/03/10	Sun	1667	1598	1151	590	441	774	1063	1471	2177	3299	4421	5383	5432	5429	5448	5202	5576	7176	5873	3744	4388	2948	1839	1170	 78260
01/04/10	Mon	741	619	406	429	1013	3279	7209	7331	6700	5962	5963	6412	6500	6751	7582	7814	8318	7899	6263	3880	2944	2561	1843	1083	 109502
01/07/10	Thu	717	477	437	483	980	2697	4914	5232	4172	5023	5578	5621	6063	6521	7187	7853	7807	7452	5799	3832	3158	2954	2200	1187	 98344
01/08/10	Fri	822	754	593	496	953	2975	6625	7405	7069	6433	6548	7118	7513	7634	8161	8121	7506	7433	6920	4681	3728	3690	2988	4017	 120183
01/09/10	Sat	1981	1572	1114	611	623	1048	1907	3386	4480	5112	5841	6393	6893	6817	7169	7267	7502	7293	6370	4760	3985	4311	3574	2333	 102342
01/10/10	Sun	1716	1614	1205	594	460	720	1213	1534	2336	3523	4344	5220	5993	5968	6216	6259	6780	6030	5270	4011	3382	2862	1691	1172	 80113
01/11/10	Mon	685	548	363	438	1073	3448	7324	7496	7491	6554	6257	6738	6600	6978	7828	8305	8338	7924	6026	4066	3249	4522	2087	1096	 115434
01/12/10	Tue	657	496	390	425	1095	3425	7324	7510	7748	7099	6529	6826	6917	7542	8116	8512	7980	7800	6411	4412	3727	3451	2156	1216	 117764
01/13/10	Wed	774	534	470	401	1025	3488	7480	8019	7747	7015	6398	7012	6932	7312	8087	8596	8322	7402	6292	4450	3935	5607	2851	1294	 121443
01/14/10	Thu	821	609	497	455	1104	3418	7293	8098	7599	6771	6427	7128	7171	7672	8257	8732	8537	7602	6633	4524	3883	3834	2605	1346	 121016
01/15/10	Fri	1062	900	641	519	1013	3109	6982	8095	7419	6919	7050	7594	7735	7784	8576	7970	8151	7615	6756	5246	4136	4258	3850	2302	 125682
01/16/10	Sat	1754	1600	1122	673	607	1002	1918	3317	4782	5473	6277	6720	6753	7321	7531	7860	7976	7395	6601	5110	4336	5386	4535	2878	 108927
01/17/10	Sun	2182	1921	1382	638	489	695	1054	1639	2503	3918	4859	5467	5859	5924	6186	6330	6774	5919	5205	3979	3624	5121	2849	1492	 86009
01/18/10	Mon	898	704	500	517	986	2943	6142	7013	6461	6188	6383	6944	7161	7571	7950	8264	8440	7821	6158	4211	3596	4373	1941	1063	 114228
01/19/10	Tue	585	484	356	447	1091	3558	7391	8449	7624	6947	6512	7030	7121	7420	8353	8680	8552	8193	4333	3836	3932	3140	2156	1142	 117332
01/20/10	Wed	734	499	390	424	1063	3443	7310	8321	7826	6646	6502	6917	7077	7491	8215	8698	8627	8048	6811	4804	4240	3587	2401	1354	 121428
01/21/10	Thu	861	558	462	451	1087	3442	7416	8108	7519	6921	6542	6395	6548	7426	8514	8618	8538	7924	6891	4884	4463	4057	2817	2517	 122959
01/22/10	Fri	1066	873	662	537	1049	3258	7075	8209	7373	6773	6790	7640	7874	8118	8603	8413	8216	7919	6622	5042	4160	5343	3796	2279	 127690
01/23/10	Sat	1738	1577	1163	576	545	1003	1958	3386	4593	5190	5840	4733	6503	7096	7691	7731	7319	7000	6305	4917	4277	5472	5311	2705	 104629
01/24/10	Sun	2068	1950	1288	627	452	788	1103	1562	2392	3510	4474	5437	6167	5831	5673	5665	6202	5668	4535	3390	5018	3037	1847	1054	 79738
01/25/10	Mon	700	518	434	425	1078	3459	7417	8038	7434	6653	6221	6704	6735	7025	7901	8407	8545	8111	6383	4215	3478	4434	1980	1042	 117337
01/26/10	Tue	618	476	395	422	1084	3371	7396	8551	7526	6906	6482	6905	7144	7137	8102	8766	9087	8090	6613	4505	4017	3212	1968	1108	 119881
01/27/10	Wed	652	477	390	459	1052	3474	7427	8497	7624	6517	6398	6872	6989	7130	6974	7574	8376	6659	6643	4463	3821	3250	2141	1280	 115139
01/28/10	Thu	753	547	466	502	1124	3389	7015	8116	7129	6418	6190	6643	6713	7038	7874	8650	8657	7669	6554	4546	4102	4778	2345	1374	 118592
01/29/10	Fri	887	793	613	502	1010	3149	6464	8026	7193	6816	6726	7486	7769	8134	8512	8229	8248	7950	6774	4987	4020	3941	3226	2234	 123689
01/30/10	Sat	1679	1600	1151	658	591	1055	1928	3442	4828	5462	6141	6948	7284	7310	7591	7474	7568	7523	6289	5000	4265	5288	4046	2604	 107725
01/31/10	Sun	1914	1970	1345	639	475	732	1136	1859	2676	3854	4906	5683	6177	6162	6678	6834	6813	5932	5243	4083	5131	2912	1875	1163	 86192
02/01/10	Mon	697	570	437	453	1113	3436	7322	8032	7584	6546	6293	6738	6763	6814	6999	7403	8328	7746	6449	4155	3592	3602	2751	1103	 114926
02/02/10	Tue	658	463	382	409	1075	3500	7512	7939	7756	6824	6514	6834	6972	7324	7978	8681	8891	8203	6595	4564	3982	4328	2461	1186	 121031
02/03/10	Wed	690	472	409	440	1092	3470	7554	8536	7841	6797	6636	7142	7171	7243	8073	8821	8712	8004	6715	4564	4006	3556	3958	2360	 124262
02/04/10	Thu	839	585	470	498	1061	3513	7394	8476	7465	6946	5740	6241	7122	7221	7817	7899	8328	8047	6772	4783	4331	3660	2602	1353	 119163
02/05/10	Fri	885	834	667	504	1023	3246	7220	8259	7179	6840	6782	7706	7912	8177	8749	8792	8490	7794	6609	5229	4256	5005	3436	2412	 128006
02/06/10	Sat	1713	1607	1113	617	574	1037	1970	3464	4770	5491	4371	5614	7635	7309	7686	8021	8166	7465	6055	4694	4052	4132	5108	2693	 105357
02/07/10	Sun	1842	1812	1276	611	436	802	1096	1634	2357	3140	4048	4823	5154	5393	5813	6566	4571	2800	2521	2323	4812	2913	1743	945	 69431
02/08/10	Mon	644	486	474	444	1068	3142	5393	5488	4296	5407	4668	5182	5354	5616	6654	7199	7413	6285	5026	3387	2715	2795	2320	921	 92377
02/09/10	Tue	577	398	370	439	1077	3271	7101	7490	7385	6488	6335	6767	6848	7208	7888	8533	8121	7792	6632	4554	4138	5214	2412	1153	 118191
02/10/10	Wed	659	476	432	438	1026	3333	7455	7984	7410	6950	6659	6962	7279	7685	8344	8127	8004	7896	6952	4827	4092	4694	2483	1296	 121463
02/11/10	Thu	722	546	465	468	1132	3469	7311	8284	7606	7086	6750	7416	7446	7714	8307	8788	8325	7978	7167	5139	4219	3740	2868	3184	 126130
02/12/10	Fri	1081	914	704	509	1096	3234	7283	8194	7344	6860	7159	7869	8264	7662	8635	8216	8371	8094	6796	5508	4141	5086	3702	2433	 129155
02/13/10	Sat	1709	1536	1092	640	589	1068	2090	3544	4947	5834	6427	7260	7656	7624	7787	8322	7665	7316	6322	5401	4529	5143	3952	2677	 111130
02/14/10	Sun	1953	1774	1176	604	459	583	873	1387	1951	2926	4088	4599	3764	5633	5917	6164	6847	5645	4983	3749	3361	2797	2263	1586	 75082
02/15/10	Mon	940	779	459	483	986	2790	5910	6617	6282	6371	6840	7466	7437	7684	8206	8453	8474	7742	6163	4475	3732	2977	1738	1112	 114116
02/16/10	Tue	648	439	350	441	1076	3487	7545	8181	7228	6976	6544	7085	7049	7271	8260	8605	8168	8224	6898	4756	4107	3509	2057	1212	 120116
02/17/10	Wed	795	587	472	461	1095	3545	7568	8329	7920	7153	6814	7132	7194	7690	8356	8822	9073	8061	6859	4869	4188	3406	2319	1233	 123941
02/18/10	Thu	694	563	472	468	1106	3532	7645	8540	7547	6818	6682	7172	7129	7568	7869	6720	6164	6610	6032	3972	3578	3031	2249	1151	 113312
02/19/10	Fri	753	725	658	562	1094	3138	6149	6930	6286	5952	5987	6772	7175	7819	8355	7950	7493	6343	5426	5025	3513	3543	3086	2081	 112815
02/20/10	Sat	1459	1316	944	584	544	957	1693	3029	4130	4626	5336	6227	6760	6694	6914	7011	7072	6242	5495	4356	3527	3792	4166	2301	 95175
02/21/10	Sun	1641	1488	1264	600	490	758	1032	1523	2069	3072	3838	4725	5194	5470	5395	5425	7212	4997	4192	3551	2809	2297	1502	992	 71536
02/22/10	Mon	630	481	424	502	1055	2907	5401	6272	6442	5895	5831	6171	6413	6652	7776	8340	8414	7996	5985	4151	3357	2935	2326	2941	 109297
02/23/10	Tue	679	451	393	423	1138	3526	7667	7826	7879	6829	6585	7001	6995	7322	8270	8453	7152	6789	6987	4701	4245	3409	2187	1239	 118146
02/24/10	Wed	671	477	409	465	1158	3560	7589	8063	7492	7153	6554	7189	7147	7444	8371	8798	8970	8101	6903	4990	4252	3722	2227	1289	 122994
02/25/10	Thu	774	546	476	491	1072	3585	7691	8481	7115	6994	6776	7113	7388	7593	8371	8656	8144	7499	6620	4791	3994	3514	2252	1340	 121276
02/26/10	Fri	810	738	605	507	1072	3222	7402	7970	7282	6830	7010	7532	7868	8142	8654	7438	7223	8024	6025	5990	4645	5647	4156	2552	 127344
02/27/10	Sat	1754	1640	1104	626	605	1098	2264	3952	5011	5820	6446	7019	7396	7746	8050	8152	8071	7357	5526	5359	4541	5567	4297	2700	 112101
02/28/10	Sun	2008	1866	1364	674	519	660	1165	1744	2754	3756	4766	5694	6187	6512	6426	6170	6762	5630	4794	3983	3400	2718	1861	1077	 82490
03/01/10	Mon	702	563	437	452	1107	3610	7524	7999	7045	6513	6210	6652	7049	7095	8245	8791	8348	8039	6500	4285	3765	5174	2209	1128	 119442
03/02/10	Tue	625	466	398	427	1120	3640	7766	8223	7849	6980	6668	7024	6981	7568	8236	8603	8512	8177	7059	4918	4158	3301	2107	1099	 121905
03/03/10	Wed	721	505	431	458	1108	3644	7971	8309	7776	6865	6740	7016	7411	7523	8383	8743	8760	8177	6938	4900	4439	5361	2523	1412	 126114
03/04/10	Thu	820	638	452	499	1127	3694	7840	8615	7801	7157	6857	7348	7283	7635	8413	8920	8937	8162	7284	5169	4612	3989	2795	1428	 127475
03/05/10	Fri	970	819	662	553	1063	3418	7645	8431	7766	7070	7082	7964	8235	8530	8523	8386	8127	8065	6601	5795	4738	5595	4575	2597	 133210
03/06/10	Sat	1960	1846	1125	648	609	1096	2464	4303	5735	6392	6685	7236	7542	7008	7557	8098	8074	7654	6523	5323	4673	6000	4270	2718	 115539
03/07/10	Sun	2152	2077	1401	668	524	676	1333	2038	2913	4357	5491	6133	6459	6490	7202	7226	7242	6686	5504	4267	3795	3270	2506	2687	 93097
03/08/10	Mon	816	584	429	474	1114	3586	7403	8537	7507	6690	6507	6648	7275	7236	8173	9007	9007	8162	6267	4338	3480	2845	2013	2977	 121075
03/09/10	Tue	777	495	422	481	1117	3610	8095	8314	7833	6907	6521	7304	7422	7454	8326	8886	8909	8244	6668	4744	4200	4147	2411	1215	 124502
03/10/10	Wed	682	550	414	491	1100	3693	7842	8310	7646	7296	6643	7267	7428	7727	8558	9000	8788	7383	7019	4771	4230	3777	2237	1191	 124043
03/11/10	Thu	761	528	470	462	1092	3683	7917	8485	7936	7002	6887	7212	7564	7917	8666	8863	8873	8273	7027	5241	4726	5507	3092	1624	 129808
03/12/10	Fri	1051	916	679	570	1102	3532	7780	8437	7772	7234	7431	7967	8123	8482	8601	7948	4925	7863	5301	5225	5068	4509	4340	2499	 127355
03/13/10	Sat	1674	1633	1060	633	632	1154	2465	4130	5591	6238	6739	7215	7804	7930	8317	8356	8098	7532	6424	5270	4723	5934	4929	3043	 117524
03/15/10	Mon	703	568	419	458	1101	3513	7230	7759	7694	6480	6106	6767	6796	7313	8325	8338	8937	8056	6387	4840	4021	3340	2131	1223	 118505
03/16/10	Tue	745	552	396	500	1094	3589	7615	8357	7799	6909	6629	7410	7376	7695	8577	8413	8207	7339	7140	5133	4433	5207	2723	1515	 125353
03/17/10	Wed	850	611	445	492	1086	3594	7705	8374	7972	7118	6811	7225	7438	7817	8599	7725	7958	8327	7046	5253	4502	4887	2838	1682	 126355
03/18/10	Thu	1159	966	667	602	1177	3761	7409	8299	7993	7613	7163	7509	7682	8298	8633	8680	8584	8389	6994	5476	4875	4429	4329	1921	 132608
03/19/10	Fri	1010	853	592	542	1005	2929	6191	6601	5254	5158	5335	5379	5850	6244	5784	5709	4244	4746	3111	2870	2350	2251	1913	1337	 87258
03/20/10	Sat	1121	829	582	489	523	938	1677	2627	3680	4646	5238	6032	6812	6708	7205	7317	7184	6694	5800	4927	4435	5883	4394	2672	 98413
03/21/10	Sun	1958	1913	1303	686	555	853	1162	1840	2696	4013	4818	5672	6255	6592	6793	6988	6894	6111	5306	4465	3720	3427	2414	1285	 87719
03/22/10	Mon	869	692	469	474	1099	3592	7603	8080	7523	6803	6698	6919	7266	7216	8158	8778	8252	8244	5878	4619	3473	2970	2090	2077	 119842
03/23/10	Tue	882	610	439	516	1116	3669	7632	8279	7724	6875	6989	7367	7569	7488	7193	7656	7526	5462	3586	2855	1912	1239	1123	1306	 107013
03/24/10	Wed	491	314	320	439	788	1871	3255	3104	3187	3847	3748	3992	4386	4734	5250	5937	6272	5720	4490	3615	3126	3833	2395	1224	 76338
03/25/10	Thu	753	655	448	507	1146	3532	7287	8357	5714	6740	7003	7112	7319	7637	8060	8465	8741	8317	6539	4995	3691	3629	2678	1474	 120799
03/26/10	Fri	993	909	627	526	1054	3464	7320	8402	7521	7330	7313	7838	8185	4052	6832	7470	6762	6193	6114	4393	3638	4540	3375	2003	 116854
03/27/10	Sat	1553	1414	959	588	621	1063	1851	3317	4197	5179	5749	6591	6790	7016	7361	7017	7091	6531	5536	4596	4180	4099	4151	4104	 101554
03/28/10	Sun	2090	2094	1338	711	693	902	1194	1743	2727	3988	4934	6062	6333	6537	6618	6742	7035	6212	5257	4202	3737	3266	2196	1216	 87827
03/29/10	Mon	797	636	425	474	1111	3665	7678	8202	7211	6674	6512	6863	7106	7171	7961	8701	8998	8382	6370	4420	3533	3124	2020	1129	 119163
03/30/10	Tue	692	496	404	470	1137	3750	7971	8504	7843	7149	7044	7315	7567	7573	8367	8659	8477	8089	6362	4752	4088	3435	3866	1681	 125691
03/31/10	Wed	887	595	481	471	1127	3554	7361	8516	7639	7324	6900	7282	7541	7915	8596	8985	9117	8165	6587	5075	4356	5023	2608	1383	 127488
04/01/10	Thu	882	639	473	520	1113	3731	7815	8434	7766	7346	7043	7505	7564	7895	8360	8706	8648	8273	6903	5080	4461	3983	2872	3352	 129364
04/02/10	Fri	1177	1013	730	561	1043	3206	6703	8129	7200	7072	7263	7563	6853	8264	8500	8552	8776	7688	6386	5373	4430	4974	4604	2396	 128456
04/03/10	Sat	1680	1594	1049	595	576	1064	2125	3502	4987	6143	6939	7267	7650	7600	7747	7027	7803	7056	5958	4946	4444	6157	3951	2645	 110505
04/04/10	Sun	1742	1785	1136	604	461	686	1061	1931	3076	4477	5823	6609	7454	7232	6700	6603	7006	6600	6386	5744	5055	3627	2082	1241	 95121
04/05/10	Mon	778	640	339	458	1150	3697	8163	8533	7707	6847	6662	6820	7118	7347	8328	8662	8619	8631	6519	4510	3539	3185	1985	1113	 121350
04/06/10	Tue	718	482	392	501	1181	3822	8003	8234	7820	7541	6700	7326	7498	7722	8489	8912	8665	7908	6862	4867	4069	3455	3659	1563	 126389
04/07/10	Wed	708	506	446	489	1127	3419	6860	7795	7117	6814	6317	6935	6896	7518	8517	8926	8330	8304	6938	5162	4429	3916	3829	1506	 122804
04/08/10	Thu	711	599	490	504	1163	3757	7882	8579	8120	7430	6996	7543	7613	7842	8519	8666	7897	8149	7224	5524	4880	4238	2843	3602	 130771
04/09/10	Fri	1415	962	672	542	1091	3569	8050	8398	7869	6445	7599	7619	7601	7858	8594	8815	8403	7740	6764	5467	4948	6086	3868	2687	 133062
04/10/10	Sat	1765	1678	1059	627	679	1242	2889	4750	6133	6484	7094	7497	7832	7771	8169	8164	8088	7088	6251	5332	5156	6827	5149	3236	 120960
04/11/10	Sun	1983	1957	1316	652	513	859	1500	2651	3487	4550	5545	5748	6664	6570	6874	8304	8101	7262	5802	4507	4044	3225	2025	1282	 95421
04/12/10	Mon	780	517	439	452	1196	3838	8014	8685	7783	7012	6587	6977	7093	7332	8408	8943	8737	8089	6528	4624	3972	4733	2322	1142	 124203
04/13/10	Tue	603	485	390	488	1168	3877	8069	8340	8048	7313	6941	7318	7541	7719	8551	8855	8401	8321	6540	5000	4607	4525	2504	1335	 126939
04/14/10	Wed	800	554	473	486	1167	3893	8193	8466	7571	7322	7004	7344	7450	7899	8441	8696	8468	8060	6699	4792	4403	4001	3094	1514	 126790
04/15/10	Thu	867	632	449	562	1166	3864	8115	8127	7379	7411	6943	7353	7703	7840	8711	8603	7919	8279	7225	5538	4853	4004	2600	1497	 127640
04/16/10	Fri	967	815	579	555	1067	3744	8038	8704	7834	7201	7358	7879	8282	8476	8446	8675	8579	8136	6640	5065	4599	5215	3813	2525	 133192
04/17/10	Sat	1812	1779	1143	655	634	1232	2475	4364	5924	6758	6942	7716	7705	7568	7364	8093	7778	6995	6057	5161	4618	4831	4158	5336	 117098
04/18/10	Sun	2156	2017	1390	678	536	877	1345	2217	3192	4385	5431	6302	6923	6994	6956	7405	7124	6617	5335	4744	4097	3340	4333	1563	 95957
04/19/10	Mon	875	591	445	505	1160	3934	8218	8778	7756	6879	6605	7116	7286	7239	8307	8964	9065	7579	6325	4505	3821	3129	2175	3319	 124576
04/20/10	Tue	1369	609	448	539	1162	4008	8224	9012	8088	7186	6846	7167	7390	7572	8381	8859	8948	8330	7007	5460	4520	3794	2990	3813	 131722
04/21/10	Wed	949	627	469	516	1158	4003	8252	8568	8080	7304	6917	7379	5248	8115	8400	8881	7793	8397	6881	5094	4333	3467	2356	1311	 124498
04/22/10	Thu	784	559	477	520	1136	3835	7629	8113	7636	6694	6893	7217	7600	7792	8011	8390	8772	7916	6358	4861	4200	3742	2390	1470	 122995
04/23/10	Fri	982	865	613	513	1083	3315	6663	7475	7051	6366	5859	5992	6737	7080	7400	7433	8372	7327	5947	4791	4089	4719	3210	2193	 116075
04/24/10	Sat	1438	1376	877	574	599	1046	2095	3454	4497	5582	6133	7138	7239	7667	7712	7661	7462	7156	5982	4825	5066	5229	5797	3573	 110178
04/25/10	Sun	2392	1937	364	267	618	922	1657	2356	3106	4287	5112	6100	6426	6710	6673	6829	6974	6841	6297	4273	3560	2654	1800	1052	 89207
04/26/10	Mon	646	489	394	471	1147	3776	7918	8583	7563	7004	6532	7051	7246	7354	8412	8399	6289	8613	6391	4577	4209	3913	2219	1241	 120437
04/27/10	Tue	719	458	381	501	1238	4074	7991	7358	7977	7338	7051	7287	7325	7295	7886	6968	8475	8383	6602	4960	4791	4691	2628	1293	 123670
04/28/10	Wed	800	626	427	512	1195	4124	8194	8286	7845	7043	6341	7315	7382	7418	8326	8455	8497	8176	7295	5237	4688	3694	2734	3714	 128324
04/29/10	Thu	1091	724	478	565	1183	3863	7738	8011	7239	6899	6972	7197	7433	7885	8621	8647	8535	8496	6578	5026	4318	3767	2839	1558	 125663
04/30/10	Fri	940	908	615	551	1169	3798	8054	8343	7873	7391	7504	7844	8001	8073	7567	7989	7941	8119	6875	5343	4607	3995	3655	2479	 129634
05/01/10	Sat	1699	1529	1071	605	668	1313	2832	4833	5937	6484	6796	7028	7408	7706	7731	7753	7712	7087	6289	5324	4739	4567	4350	3413	 114874
05/02/10	Sun	1916	1946	1231	595	512	881	1479	2236	3173	4423	5310	5504	6636	6857	6959	7042	6837	5880	4893	4333	3792	2959	2175	1176	 88745
05/03/10	Mon	843	612	440	445	1185	4159	8100	8704	7647	5159	6124	7044	6970	7369	8469	7673	7256	8570	6619	4702	3927	3096	1860	1074	 118047
05/04/10	Tue	682	480	398	507	1218	4274	8152	8157	7831	7071	6926	7305	7408	7501	8310	8038	8300	5328	5966	4977	4521	3483	2188	1263	 120284
05/05/10	Wed	760	556	449	496	1180	4330	8176	8121	7966	7402	6674	7301	7220	7853	6654	7346	8356	8014	6776	5197	3638	4381	2826	1472	 123144
05/07/10	Fri	927	781	677	531	1126	3861	8033	8077	7432	7269	7448	7922	8106	8164	8047	8229	8236	8073	7225	5860	4830	5007	3920	2698	 132479
05/08/10	Sat	1719	1684	1076	635	665	1443	2817	4551	6095	6761	7173	7501	7649	7714	8265	7991	7663	7555	6615	5635	4858	4771	4518	2949	 118303
05/09/10	Sun	2014	1869	1253	635	482	823	1306	2411	3469	5154	6345	7164	7567	7441	7454	7556	7418	6868	5891	5383	5030	3730	2500	1441	 101204
05/10/10	Mon	815	604	421	507	1220	4216	8251	8311	7266	7112	6736	6992	7178	7500	8340	8562	8808	7961	6030	4139	4125	3870	3346	1336	 123646
05/11/10	Tue	765	529	413	502	1202	4307	8344	8516	7861	7201	7030	7287	7504	8101	8243	7571	7912	5825	5368	4829	3690	3017	1948	1169	 119134
05/12/10	Wed	685	486	337	461	1121	3692	7602	7986	7057	6507	6271	6882	6990	7653	8166	8889	8100	7634	6342	4693	4033	3393	2203	1382	 118565
05/13/10	Thu	784	630	498	461	1095	3958	8312	8629	7974	7272	7015	7528	7585	8065	8650	8103	8022	6958	7274	5063	4488	4207	2960	1853	 127384
05/14/10	Fri	1077	988	658	549	1183	3951	8267	7277	7622	7409	7534	7833	7855	8004	8311	5946	6780	7199	6516	4698	4326	4357	3622	2445	 124407
05/15/10	Sat	1837	1685	1127	705	657	1292	2716	4522	5678	6422	7191	7960	7737	7471	7809	8067	7475	7298	6391	5328	5749	6199	4203	3156	 118675
05/16/10	Sun	2112	2205	1433	699	552	847	1437	2434	3430	4960	5853	6893	7299	7058	6992	7566	8103	5175	5027	4961	4322	3356	2254	1438	 96406
05/17/10	Mon	919	710	501	482	1230	4372	8171	7961	7659	6813	6620	6796	6957	7096	7524	8224	8284	7697	6193	4472	3645	3091	2075	1284	 118776
05/18/10	Tue	782	526	432	485	1228	4412	8482	8701	7660	7017	6903	7229	7211	7665	7750	8353	8580	8308	6763	4750	3858	3400	2285	1369	 124149
05/19/10	Wed	823	590	441	542	1184	4374	8515	8211	8077	7280	7072	7423	7264	7699	8522	8326	8589	8340	6638	5027	4400	3915	2552	1620	 127424
05/20/10	Thu	876	722	530	556	1274	4486	8423	8557	7869	7467	7243	7179	7189	7120	7208	8008	7285	4525	6328	5544	4762	3203	2750	1290	 120394
05/21/10	Fri	981	989	735	583	1154	4066	8227	8297	7197	7075	7036	7101	6219	5330	7179	7667	7918	7542	6733	5329	4722	4810	4056	2697	 123643
05/22/10	Sat	1777	1738	1160	666	733	1506	2982	4482	5816	6607	7043	7264	7685	7678	7802	7000	7340	7268	7270	5661	5264	5551	4627	3251	 118171
05/23/10	Sun	2083	1984	1337	665	572	897	1579	2462	3346	4850	5722	6439	7165	6896	6563	7012	6748	6449	5512	4772	4201	3150	2242	885	 93531
05/24/10	Mon	735	585	443	480	907	4424	6646	7304	7889	7237	6799	6905	7199	7229	7830	6437	7306	8162	5888	4266	3710	2907	1861	857	 114006
05/25/10	Tue	658	446	342	439	1110	4300	8424	8098	7652	7389	7038	7195	7229	7542	8252	8092	7074	6864	6640	4839	4448	3115	2264	1206	 120656
05/26/10	Wed	698	533	417	478	1212	4464	8297	8637	7818	7162	7059	7600	7621	7849	7821	7742	6536	7447	6562	4879	4142	2491	2399	1271	 121135
05/27/10	Thu	817	664	559	548	1213	4489	8098	8002	7812	7186	7366	7669	7519	7949	8280	7928	7787	7814	6685	5221	4685	2864	1739	1640	 124534
05/28/10	Fri	1074	995	742	585	1191	4021	8010	8319	7464	7445	7831	8248	8015	8018	4749	7180	7041	6071	5822	5018	4524	4752	4954	2538	 124607
05/29/10	Sat	1807	1632	1163	667	712	1440	2623	4048	5217	6143	6643	7068	7019	6944	7300	7281	6865	6629	5924	4967	4854	6630	3769	2768	 110113
05/30/10	Sun	1807	1849	1321	650	516	887	1478	2276	3114	4394	5264	5828	5818	6474	6540	7022	8137	6745	5474	4638	4449	3950	3185	2185	 94001
05/31/10	Mon	1324	1120	759	422	551	1019	1532	2041	3011	4076	5280	6244	6585	6699	6632	6501	6285	5524	5277	4773	4199	3429	2112	1274	 86669
06/01/10	Tue	739	518	391	465	1312	4563	8375	8586	7749	6910	6754	7108	7532	7690	8213	8048	8350	7286	6725	4686	3680	2943	1970	1408	 122001
06/02/10	Wed	862	587	452	520	1269	4378	8420	8471	7882	7376	7022	7334	7648	7823	8099	8099	8363	6640	6785	4989	3947	3064	2393	1446	 123869
06/03/10	Thu	881	677	474	510	1325	4433	8160	7932	8014	7275	7097	7472	7040	7381	8287	7695	8023	7958	6725	4986	4513	2932	2721	2126	 124637
06/04/10	Fri	1182	991	692	585	1297	4346	8137	7967	7753	7300	7268	7871	7747	7996	8085	7712	8148	7517	6740	5455	4697	4636	3661	2414	 130197
06/05/10	Sat	1950	1708	1189	621	860	1831	3118	4793	5817	6408	6856	7073	7260	7179	7668	7620	7509	7365	6523	5418	4967	5439	4214	3007	 116393
06/06/10	Sun	2129	1983	1364	654	763	1195	1759	2446	3337	4573	5411	6339	6580	6858	7130	7174	7191	6754	5702	4593	4294	3775	2472	1538	 96014
06/10/10	Thu	1250	764	608	513	1010	3562	7420	7824	7893	7309	7052	7132	7402	7519	7318	7273	8006	6790	7483	5482	4596	3010	2620	2065	 121901
06/11/10	Fri	1287	924	796	611	1008	3238	7001	7906	7633	7020	7220	7780	7398	7458	7839	7120	7852	7784	7167	5563	4530	4191	3886	3437	 126649
06/26/10	Sat	2178	1706	1422	729	711	1293	2691	4137	5371	6075	6688	7216	7218	6795	6924	7594	7659	7107	6756	5193	4617	4730	4475	3378	 112663
06/27/10	Sun	2522	1828	1680	740	608	904	1453	2421	3215	4722	5725	6006	6717	6482	7025	6845	7245	7062	5986	5119	4694	4236	3024	1812	 98071
06/28/10	Mon	1210	694	574	502	1058	3581	7254	7851	7715	6968	6726	6987	7218	7420	7674	7768	7826	8022	6962	5450	4346	4013	2590	1445	 121854
06/29/10	Tue	921	519	520	466	1027	3631	7092	8388	7884	7247	6943	7258	7620	7406	8062	8259	7663	8144	7550	5596	4652	4268	2985	1965	 126066
06/30/10	Wed	1105	667	662	565	1062	3733	7485	7905	7876	6802	7195	7425	7538	7544	7929	7888	7825	7815	7592	5799	4963	4598	3215	2068	 127256
07/01/10	Thu	1249	779	687	530	1059	3779	7485	8109	7834	7120	6929	7508	7622	7688	7886	7664	6327	7213	7604	5691	4977	4907	3960	2120	 126727
07/02/10	Fri	1304	968	933	635	1004	3314	7103	8132	7191	6913	7260	7734	7014	6832	7708	7860	7681	6463	6318	5442	4643	5063	5707	2800	 126022
07/03/10	Sat	1977	1564	1366	711	657	1162	2092	3112	3990	5067	6092	6322	6056	6211	6254	6432	6249	5871	5449	4641	3893	4291	6234	5115	 100808
07/04/10	Sun	2333	1750	1532	700	487	676	1079	1646	2288	3412	4189	4710	5147	5159	5390	5475	5922	5378	4728	3898	3667	4391	5512	3411	 82880
07/05/10	Mon	1901	1060	796	495	545	1089	2109	2752	3294	4260	5241	5908	6196	6231	6406	6390	6241	5863	5613	4752	4275	4126	3099	1673	 90315
07/06/10	Tue	949	512	429	477	1004	3629	7535	8100	7762	7104	6993	7173	7316	7543	7894	7849	7844	7438	6909	5185	4200	4604	3908	1946	 124303
07/07/10	Wed	1016	669	477	459	995	3568	7247	7346	7740	7228	7004	6671	7770	7517	7756	7284	8136	7506	6882	5266	4306	4158	4287	1799	 123087
07/08/10	Thu	998	749	570	540	945	3631	7660	8594	7832	7100	6996	7281	7466	7648	8094	8279	7284	6813	7708	5557	4722	4247	3208	2369	 126291
07/09/10	Fri	1222	964	882	589	1033	3494	7387	8289	7325	7172	7297	6575	6944	7935	7896	7772	7803	7884	6843	5994	4816	4979	4715	4295	 130105
07/10/10	Sat	2185	1724	1453	782	758	1433	2590	3830	5400	6299	6806	7078	7237	7266	7462	7726	7516	6848	6674	5326	4996	7017	5663	4181	 118250
07/11/10	Sun	2709	2021	1738	769	602	865	1418	2090	3167	4360	5324	6164	6485	6121	6228	7173	8008	7583	6218	5186	4459	3787	2855	2052	 97382
07/12/10	Mon	1133	693	575	468	1061	3684	7447	7932	7847	6879	6533	6876	7232	7408	7839	8268	8007	8312	7067	5001	4160	3465	2613	1693	 122193
07/13/10	Tue	928	592	454	471	1042	3794	7544	8151	7888	7067	6790	7213	6892	7851	8093	7728	7932	5587	6706	5451	4395	4070	2875	1906	 121420
07/14/10	Wed	1085	626	571	492	1079	3710	7691	8136	7960	7360	6539	7077	7602	7588	8000	8036	8104	7896	7392	5709	5060	4250	4379	2161	 128503
07/15/10	Thu	1112	760	564	537	1105	3741	7488	7792	8026	7425	7014	7419	7549	7774	7773	7519	7795	7666	7343	5941	4955	4657	3525	3902	 129382
07/16/10	Fri	1562	1067	890	613	1130	3584	7270	7145	7986	7253	7189	7744	7869	7891	8037	7761	7630	7890	7022	5642	4877	4897	3923	2748	 129620
07/17/10	Sat	1997	1721	1657	864	790	1526	2742	3808	5088	5974	6429	6901	6895	6904	7062	7293	7218	6027	5682	5576	4944	5271	4725	3406	 110500
07/18/10	Sun	2339	2039	1821	830	590	892	1593	2474	3085	4456	5397	6399	6947	7191	7036	7052	7194	6697	5960	4933	4061	4428	3087	2014	 98515
07/19/10	Mon	1206	804	582	509	1033	3730	7514	8104	7764	6897	6543	6734	7210	7314	7702	7921	7704	8033	7049	5031	4222	4127	2913	1897	 122543
07/20/10	Tue	1018	707	570	530	1084	3730	7638	8326	8131	7140	6802	7213	7450	7509	8083	7847	7928	5755	6134	6286	4355	4335	2982	2196	 123749
07/21/10	Wed	1152	743	572	579	1118	3753	7676	8330	7988	7271	6876	7313	7551	7778	7092	7668	8154	8080	7264	5275	4895	4483	3007	2135	 126753
07/22/10	Thu	1181	756	602	541	1080	3736	7639	8257	7765	7208	7144	7495	7409	7632	8069	7602	7764	7984	7393	5698	4848	4680	3322	2297	 128102
07/23/10	Fri	1346	1098	936	594	1045	3525	7482	8221	7634	6952	7257	7531	6673	7845	8004	7846	8015	8115	7070	5742	4886	4651	3918	3038	 129424
07/24/10	Sat	2230	1853	1573	744	725	1444	2607	3782	5183	6033	6591	6993	7134	7292	7657	7340	7781	7813	7179	5714	5230	5779	4755	3446	 116878
07/25/10	Sun	2450	2118	1813	772	556	860	1411	2130	2973	4223	5280	5972	6574	6779	7015	7025	7191	7101	6356	5030	4799	3834	2620	845	 95727
07/26/10	Mon	919	757	531	527	847	3487	7512	4784	7974	6937	6711	7028	7282	7546	7699	8015	8229	8146	7140	5345	4284	4250	2471	824	 119245
07/27/10	Tue	806	613	482	499	1111	3731	7515	8042	7384	7200	6817	7203	7247	7742	7976	8045	8011	8159	6773	5342	4618	6124	3639	811	 125890
07/28/10	Wed	812	669	476	467	1082	3796	7829	8557	7667	7028	6963	7556	7413	7709	8068	7906	7368	7403	7204	5959	4789	4793	2877	604	 124995
07/29/10	Thu	493	396	560	494	804	3749	7542	8094	7854	7036	7390	7352	7310	7399	6794	7909	7593	6780	7818	5862	4919	4454	2706	623	 121931
08/01/10	Sun	2655	2143	1728	848	683	1198	1625	2338	3251	4716	5543	6257	5911	6311	6458	7040	7944	7571	6220	5167	4417	3164	2621	1642	 97451
08/02/10	Mon	868	717	529	498	1085	3728	7354	8115	6648	7231	6774	7196	7264	7181	7803	8618	8310	8151	7686	5334	3678	2597	2134	1189	 120688
08/03/10	Tue	796	544	428	387	1061	3723	7677	7670	7672	7294	6958	7061	7373	7586	7864	8534	7039	7196	7176	5256	4498	4676	3835	1745	 124049
08/04/10	Wed	960	636	531	474	1069	3721	7694	8071	7620	7022	7025	7312	7156	7564	7781	8230	7730	4654	5934	5821	4644	3264	2638	1460	 119011
08/05/10	Thu	882	677	533	491	1082	3745	7658	8139	7341	7170	7023	7336	7494	7778	7849	8136	8346	8032	7390	5975	4865	3744	2641	1619	 125946
08/06/10	Fri	1193	963	868	534	1064	3416	7346	8127	7399	7061	7063	7026	7937	7331	5572	7853	7786	7606	6701	5550	4964	5016	3916	2820	 125112
08/07/10	Sat	2048	1676	1501	791	721	1423	2651	3861	5081	6106	6526	7030	6994	7017	7323	7249	7072	6374	6366	5823	6209	5792	4779	3302	 113715
08/08/10	Sun	2268	1853	1612	755	596	897	1431	2150	2974	4351	5436	6346	6626	6760	6978	7292	7128	7213	6121	5360	4977	4349	2854	1828	 98155
08/09/10	Mon	1014	677	546	474	1046	3592	7411	7783	7318	6895	6865	7098	7028	7126	7727	8049	7909	7193	6759	4594	3755	3380	2226	1270	 117735
08/10/10	Tue	888	589	429	435	992	3714	7713	8109	7645	7068	6987	7255	7353	7754	6505	7536	8017	7648	7491	5427	4630	4019	2615	1692	 122511
08/23/10	Mon	864	559	485	442	1060	3520	7657	8427	7690	7065	6284	7055	7057	7221	8088	7271	7992	7861	6945	5038	4031	4161	2896	1255	 120924
08/24/10	Tue	738	548	446	410	1018	3647	7368	7591	7636	7144	6970	7205	7080	7473	7685	8212	7982	8187	6916	5311	4773	5256	2851	1625	 124072
08/25/10	Wed	894	609	480	459	1042	3636	7835	8092	7783	7132	7090	7214	7109	7194	6627	7122	8089	7462	7768	5795	4899	3678	2445	1589	 122043
08/26/10	Thu	1037	650	527	498	1052	3565	7761	8139	7777	7154	6993	7220	7269	7562	7933	7586	7470	7427	7157	5795	4899	4034	2827	1823	 124155
08/27/10	Fri	1068	911	722	544	1025	3408	7529	8062	7658	7214	7298	7757	7516	7619	7755	7945	8078	7705	6257	5630	4596	4621	4945	3337	 129200
09/01/10	Wed	817	607	449	488	1037	3599	7632	8167	7778	7060	6759	7254	7378	7497	8065	7839	7047	7991	7154	5404	4750	4045	2533	1730	 123080
09/02/10	Thu	938	660	580	480	1052	3640	7704	7921	7849	7193	6967	7294	7239	7544	8400	8468	8598	8017	7009	5572	5181	5128	2867	1679	 127980
09/03/10	Fri	1100	914	780	553	1034	3223	7259	8185	7388	7223	7181	7888	8180	8312	8256	8103	8060	7594	6782	6017	5025	4786	3853	2626	 130322
09/04/10	Sat	1715	1524	1283	655	602	1195	2129	3626	5076	5626	5640	5728	6386	6528	7004	8015	7043	6710	5757	5003	4781	4637	3805	2721	 103189
09/05/10	Sun	1980	1737	1432	703	568	708	1210	1908	2730	4128	5007	5718	6021	6221	6397	6573	6575	6086	5788	5017	4968	4621	3574	2291	 91961
09/06/10	Mon	1580	1117	943	519	556	913	1352	2075	2660	3813	4916	5658	5961	6116	6429	6494	7564	6761	5405	4970	4423	3406	2135	1229	 86995
09/07/10	Tue	709	430	360	437	1029	3591	7563	8013	7841	7138	6736	7010	7183	7385	7996	8431	8275	7904	6591	5235	4656	4637	2659	1307	 123116
09/08/10	Wed	786	562	478	431	1050	3542	7695	8176	7739	7454	6951	7319	7303	7347	8231	8480	8422	8231	7013	5352	4588	4901	2952	1378	 126381
09/09/10	Thu	855	617	514	499	1075	3564	7397	7977	7829	7252	7122	7124	7301	7502	8006	7984	7831	7642	7715	5642	4858	4062	2750	1594	 124712
09/10/10	Fri	995	887	719	568	1084	3490	7465	8047	6216	7341	7201	7613	7903	8103	8487	7744	8011	7916	7081	5862	4816	4945	4852	2909	 130255
09/11/10	Sat	2066	1715	1488	752	719	1321	2507	4284	5642	6473	7016	7660	7667	7514	7833	8004	7741	7395	6631	5685	5445	6521	4887	3110	 120076
09/12/10	Sun	2189	1902	1704	774	550	811	1383	2259	3101	4418	5841	6198	5943	6171	4823	6910	7793	6572	5696	5102	4259	3284	2186	1287	 91156
09/13/10	Mon	847	575	474	448	1067	3527	7712	8283	7637	6746	6468	6884	6470	6852	8073	8282	7912	8089	6786	4650	3568	3693	3569	1464	 120076
09/14/10	Tue	800	502	462	475	1004	3557	7611	7962	7687	7151	6844	7326	7398	7796	8320	8439	8291	8282	7032	5584	4631	4624	3863	1548	 127189
09/15/10	Wed	818	628	483	457	1053	3599	7700	8017	7863	7042	6881	7060	7224	7534	8278	8110	8075	7880	7707	5851	4997	4146	2617	1470	 125490
09/19/10	Sun	2228	1959	1660	729	494	849	1325	2174	3366	4612	5415	6118	6169	6317	6709	6455	6996	7662	6545	5272	4580	3333	2282	1502	 94751
09/20/10	Mon	898	622	490	467	1104	3558	7453	8207	7519	6921	6632	6999	7101	7030	7757	8102	8406	8297	6652	4923	3993	3557	2098	1237	 120023
09/21/10	Tue	706	541	432	460	1059	3593	7674	8213	7739	7211	6573	7248	7215	7249	7598	7544	7459	7592	7588	5393	4576	3706	2304	1239	 120912
09/22/10	Wed	749	604	459	461	1048	3631	7733	6996	6349	7607	6636	7099	7087	7406	8080	7297	7273	7432	7262	5403	4474	5063	2587	1417	 120153
09/23/10	Thu	850	617	507	519	1023	3623	7634	8342	7738	7281	6697	7269	7311	7550	8066	8278	7969	7821	5092	6115	4857	4232	2715	1722	 123828
09/24/10	Fri	1062	890	777	580	1037	3294	7427	7921	7500	6947	7151	7795	8020	7885	5662	7965	7976	7005	6491	6560	5400	6127	5247	2848	 129567
09/25/10	Sat	2143	1716	1535	707	688	1268	2537	4454	5966	6537	6798	7525	7738	7802	7506	8015	8158	7451	6676	6425	5394	5015	6565	3486	 122105
09/26/10	Sun	2451	2269	1914	1097	614	713	1252	2040	3184	4382	5434	5745	5795	5919	6254	6664	7825	7573	6860	5716	4858	4231	2406	1387	 96583
09/27/10	Mon	822	635	456	471	1051	3611	7536	7951	7708	6909	6436	6958	7069	6899	7798	8295	8466	7904	5417	4974	4201	4777	2390	1200	 119934
09/28/10	Tue	730	515	418	445	1054	3540	6645	7750	7577	7340	6775	7189	7148	7408	8188	8240	7220	7462	6598	5258	4642	5075	3928	1496	 122641
09/29/10	Wed	906	578	479	488	1056	3669	7702	7996	7669	7103	6867	7110	7051	7255	8113	8196	7145	6527	7534	5681	4587	3980	2615	1526	 121833
09/30/10	Thu	897	675	530	487	1133	3644	7750	7964	7047	7324	6803	7351	7419	7714	8120	7394	6948	7681	7788	5687	5001	4390	3200	1808	 124755
10/05/10	Tue	776	531	426	429	1072	3584	7509	7677	7362	7267	6900	7031	7173	7445	7909	7948	8163	6636	6736	5536	4274	3757	2515	1353	 120009
10/06/10	Wed	757	572	457	482	1084	3745	7657	8614	7532	7173	6869	7298	7169	7398	7838	7874	8030	8139	7427	5318	4538	4016	2528	1428	 123943
10/07/10	Thu	920	630	555	479	1072	3670	7691	7974	7655	7139	6830	7385	7392	7562	8033	7762	8018	7867	7149	5742	4629	4577	3616	3187	 127534
10/08/10	Fri	1291	931	842	591	1070	3443	7458	7538	7410	7033	7031	7712	6720	4879	7426	7651	7979	7568	7021	6050	4705	5265	3840	2603	 124057
10/09/10	Sat	1819	1562	1254	753	604	1171	2387	4304	5792	6535	7129	7369	7605	7002	7390	7793	7667	7206	6114	5517	4552	4994	4224	2877	 113620
10/10/10	Sun	2152	2082	1552	749	523	680	1155	1921	2862	4132	5805	5788	5908	6040	6333	6499	6514	6347	5272	4407	3604	2984	2046	1471	 86826
10/11/10	Mon	875	596	463	446	1039	3429	7002	7771	7467	6603	6568	6997	7126	7119	7707	7963	8125	8218	6862	4912	3899	3158	1970	1247	 117562
10/12/10	Tue	1011	583	462	447	1036	3589	6799	6964	6391	6249	6707	6910	7066	7246	8294	8506	8322	7951	6908	4998	4255	3121	2307	1311	 117433
10/18/10	Mon	856	608	455	495	1056	3511	7080	7910	7578	6748	6453	6923	6844	7201	7919	8094	8040	8182	6561	4678	3766	2957	2860	1725	 118500
10/19/10	Tue	735	558	431	428	1045	3560	7584	7610	7393	7290	6588	7007	6950	7396	7172	7131	7629	7825	7423	5157	4414	4294	2278	634	 118532
10/20/10	Wed	681	533	414	427	972	3630	7686	7558	7442	7219	6685	6233	3326	5770	7627	7704	6756	7084	7663	5552	4568	3173	2309	1339	 112351
10/21/10	Thu	827	572	510	505	1057	3594	7640	7512	7209	7642	6861	7316	7381	7503	7732	7138	8256	8120	6781	5877	4576	2866	2516	1585	 121576
10/22/10	Fri	1019	873	753	551	1048	3304	6819	6678	6902	7112	6917	7711	7877	7597	6105	4364	7296	7643	6472	5655	4454	4292	3682	2579	 117703
10/23/10	Sat	1855	1525	1183	693	602	1184	2193	3931	5379	6065	6740	7465	7708	7886	7637	7451	6883	6827	6618	5829	4608	5867	4912	3434	 114475
10/24/10	Sun	2415	2098	1744	797	550	723	1175	2059	2861	4245	5324	5500	5775	5738	6190	6411	7068	7436	6497	4719	3668	2477	2083	1362	 88915
10/25/10	Mon	799	595	469	470	1039	3581	7330	7591	6988	6741	6167	6798	6646	6919	7706	8058	7680	8011	6534	4356	3485	2706	1902	1116	 113687
10/28/10	Thu	1280	657	553	499	938	3143	7008	7324	7457	7466	6930	7174	7305	7732	7921	7834	7517	7476	7374	5770	4601	4408	2948	1758	 123073
10/29/10	Fri	1140	939	763	526	988	2960	6784	6880	7666	7007	7244	7436	7818	8126	7818	7792	6616	5186	7280	5788	5024	4814	3895	2922	 123412
10/30/10	Sat	2372	1781	1501	829	651	1120	2042	3769	5320	5924	6502	7180	7529	7518	7706	7596	7525	7287	6428	5762	5037	5877	4981	3380	 115617
11/01/10	Mon	599	685	605	494	915	3118	6414	7067	7507	7055	6506	6873	7122	6909	7965	7261	7525	7547	7200	4716	3681	3060	1915	784	 113523
11/02/10	Tue	593	459	354	378	886	3212	7255	7642	7237	7267	6732	7065	6955	7488	7991	7877	7645	7697	7517	5070	4025	3348	1610	637	 116940
11/03/10	Wed	769	549	404	394	943	3219	7302	7773	7586	7323	6537	7051	6974	7378	7761	7543	7872	7985	7347	5265	4142	4299	2646	830	 119892
11/04/10	Thu	818	588	446	426	944	3159	7094	7693	7758	7223	4744	4243	6674	7688	7857	7887	7977	7708	7339	5570	4616	3911	2566	784	 115713
11/06/10	Sat	1953	1551	1410	699	620	1112	2230	3911	5213	6105	6717	7455	8003	7767	7984	7500	7658	7525	6669	5761	4716	6311	4620	3064	 116554
11/07/10	Sun	2145	1674	1079	556	430	670	1244	2253	3156	4351	5340	6187	6667	6678	6664	6850	7375	6859	5718	4209	3578	2785	2005	1116	 89589
11/08/10	Mon	700	485	459	450	888	3261	7309	8023	7723	7187	6571	6875	6990	7109	7776	8104	8162	7841	7057	4543	3571	3031	1815	1092	 117022
11/09/10	Tue	632	428	426	412	890	3335	7396	7810	7458	7356	6230	7435	7225	7057	6450	6513	5410	5899	6414	4378	3647	3071	3119	1219	 110210
11/10/10	Wed	665	483	364	402	873	3017	6806	7975	7381	7266	6094	7337	7216	7526	7964	7605	7772	7809	7232	5367	4182	3684	2202	1364	 118586
11/11/10	Thu	900	648	493	433	923	2892	6585	7297	6382	6227	5943	6713	4957	5016	7830	8018	8049	6112	5998	4622	3842	3402	2516	3310	 109108
11/12/10	Fri	1357	866	815	489	892	2826	6826	8298	7626	7186	7191	7750	7880	8011	7797	7726	7651	7322	7324	5265	4191	4294	3862	2722	 126167
11/13/10	Sat	1893	1488	1260	580	605	974	2155	3640	5158	5958	6423	4397	3401	7562	7615	7532	7806	7562	6785	5031	4979	4444	4371	3317	 104936
11/14/10	Sun	2216	1849	1615	699	483	730	1036	1801	2756	4001	5030	5763	5866	6064	6000	6294	6607	5078	4035	5201	3414	2933	1893	1227	 82591
11/15/10	Mon	779	500	449	384	973	3117	7206	7444	7135	6308	6170	6562	6635	6773	7543	7789	8230	7537	6610	4290	4083	3417	755	1169	 111858
11/16/10	Tue	695	514	391	440	959	3137	7216	6178	7235	7541	6676	7267	7208	6352	7348	7599	6608	6860	6497	4627	3924	3902	3019	1284	 113477
11/17/10	Wed	663	488	417	431	961	3117	6166	7068	6942	6765	6799	7186	7172	7578	7994	7819	7681	7502	7275	5143	4376	4347	2998	1392	 118280
11/18/10	Thu	828	651	489	453	1024	3174	7291	7988	7852	7450	6795	7416	6975	7748	8128	8358	7862	7421	7829	5287	4641	4000	2939	2049	 124648
11/19/10	Fri	1023	781	823	673	950	3112	7074	8362	7743	7383	7309	7953	7982	8164	7957	8031	7863	6695	6894	6160	4404	5768	3990	2583	 129677
11/20/10	Sat	2129	1598	1412	664	654	1152	2312	3914	5260	5972	6519	7545	7791	7463	7542	8154	8099	7659	6694	5122	4269	5501	4380	3221	 115026
11/21/10	Sun	2037	1846	1591	712	494	717	1110	2003	2906	4078	5310	5619	6033	6183	6468	6360	6589	5929	4820	3879	3241	2644	2145	1220	 83934
11/22/10	Mon	769	538	433	430	951	3062	7118	7808	6533	7363	6852	7065	7223	7263	7725	7631	7422	6488	7133	4059	3081	2817	2125	1180	 113069
11/23/10	Tue	702	511	456	427	970	3167	7286	7716	7631	7329	7082	7311	7501	7519	7869	7202	7671	5784	6346	5129	3930	3298	3510	2210	 118557
11/24/10	Wed	1021	751	584	522	1035	2956	6607	7513	6789	6844	6637	7818	6981	6978	8244	7662	7650	6830	5748	4535	3600	3213	2660	1740	 114918
11/25/10	Thu	1194	1073	907	219	156	246	352	547	2149	3664	5275	6785	7397	6744	5840	5150	4969	5377	5653	5607	5082	4165	2785	1735	 83071
12/01/10	Wed	786	546	404	411	938	3156	7334	8118	7477	7078	6717	7116	7083	7254	7867	8228	7874	7537	7311	5084	4302	4779	2797	1503	 121700
12/02/10	Thu	866	638	506	500	914	3202	7110	7701	7385	7390	6858	7162	7178	7588	7991	7417	7813	5777	7598	5192	4364	3965	2614	868	 118597
12/03/10	Fri	939	777	727	543	911	2907	6910	8214	7610	7185	7143	7783	7849	7971	8014	7595	8070	7803	6068	5164	4086	5288	5694	3014	 128265
12/04/10	Sat	2078	1649	1329	682	628	1147	2178	3484	5134	5570	6427	6917	7086	6311	7255	7701	7815	7352	6365	5414	5124	5096	4319	2953	 110014
12/05/10	Sun	2159	1708	1518	681	488	632	1118	1826	2545	3747	4999	5211	5577	5840	6206	6251	6649	5885	4699	3711	4196	2894	1875	634	 81049
12/06/10	Mon	626	443	422	412	857	3036	6933	7460	7692	6781	6251	6778	6858	6725	7756	8167	7901	8012	4133	4413	3510	2821	1866	479	 110332
12/07/10	Tue	531	467	339	398	931	3104	6497	7336	7756	7288	6695	7018	6997	7185	7777	7472	7933	7859	6161	4591	4356	3227	2237	1325	 115480
12/08/10	Wed	837	561	463	410	923	3068	7215	7440	7797	7169	6678	7324	7328	7614	7958	7907	8273	7659	6851	5131	4337	3838	2579	1788	 121148
12/09/10	Thu	859	593	491	458	958	3176	7206	7712	7117	7403	7102	7179	7285	7840	5959	7192	7934	7531	7035	5088	4542	4711	2984	2221	 120576
12/10/10	Fri	1094	900	824	556	945	2871	6832	8528	6430	6887	7097	7728	7927	7983	7658	7884	7873	7826	6763	5536	4349	4969	3977	2746	 126183
12/11/10	Sat	1928	1612	1266	624	548	1006	1962	3368	4612	5557	6290	7124	7504	7701	7430	7552	7899	7597	6461	5037	4229	2080	4329	3317	 107033
12/12/10	Sun	2261	1824	1646	681	476	625	1127	1838	2857	4088	5080	5592	6113	6304	6563	6294	6780	6100	4978	4392	3868	3298	2016	1200	 86001
12/13/10	Mon	746	546	435	425	956	3119	7009	7289	7917	6944	6576	6627	7106	7266	6413	2812	7592	7319	6079	4392	3698	3873	3024	1278	 109441
12/14/10	Tue	752	521	413	451	1001	3184	7132	7874	6553	7503	6431	7157	7202	7585	7906	7796	7876	7599	6889	4901	4058	5027	2859	1434	 120104
12/16/10	Thu	868	651	530	446	960	3068	6862	7655	7488	6672	6817	7260	7447	7777	8226	6827	7174	7666	7101	5177	4317	4245	3390	3169	 121793
12/17/10	Fri	1537	969	899	590	950	2845	6508	8060	6918	6795	7201	8035	8094	6014	7907	8037	7773	7438	6732	5730	4319	5395	4875	3059	 126680
12/18/10	Sat	2200	1704	1314	742	624	1072	2005	3105	4515	5709	6379	7527	7826	7490	7647	7631	7945	6860	6534	5487	4624	5491	5129	3220	 112780
12/19/10	Sun	2296	1897	1598	689	549	699	1122	1696	2672	4061	5164	5879	6311	6542	6406	6325	6762	6339	5341	4475	5186	4275	2472	1668	 90424
12/20/10	Mon	948	647	497	469	948	2924	7118	8013	6955	7171	7025	7345	7563	7425	7806	7686	7890	7749	6394	4415	3395	3080	2226	1407	 117096
12/21/10	Tue	856	755	549	485	938	3007	6936	8057	7285	6940	7055	7570	7687	6971	4883	4812	6667	6352	5955	4782	4149	3884	3998	1783	 112356
12/22/10	Wed	1074	675	585	515	982	2911	6690	7648	7107	6865	6832	7661	7649	7839	8009	7980	7950	7493	6303	5026	4150	3614	2963	2991	 121512
12/23/10	Thu	1256	885	638	514	917	2539	5526	6511	6270	6484	6821	7532	7708	7971	7902	6481	7001	6448	5593	4402	3848	4840	3357	2051	 113495
12/24/10	Fri	1426	1243	1041	552	635	1066	1837	2497	3243	4149	5290	6054	6340	6480	6732	7087	6427	5940	4906	3948	4037	4621	3793	2362	 91706
12/25/10	Sat	1447	1091	708	346	239	432	675	1003	1593	2788	3808	4663	5560	5426	5342	5099	5152	4983	4762	4532	4251	3612	2707	1591	 71810
12/26/10	Sun	957	754	642	357	351	610	1003	1345	2023	3318	4463	5042	5172	5357	5450	5703	5918	7493	5584	4057	4720	3405	2345	1524	 77593
12/27/10	Mon	1022	730	539	514	804	2433	5346	6002	5675	5947	6057	6558	6708	6780	7385	7775	7791	6828	5382	4021	3310	3742	3617	1447	 106413
12/29/10	Wed	1052	735	584	519	839	2517	5764	6989	6610	6381	6536	7076	7212	7582	7922	8069	8126	8024	6178	4751	4088	3532	2630	1783	 115499
12/30/10	Thu	1131	928	702	514	837	2280	5036	6134	5980	5970	5417	5561	5483	5091	5045	4202	4165	3311	2700	2171	1705	1517	1326	1006	 78212
12/31/10	Fri	812	660	730	507	550	998	1624	2026	2244	2569	3037	3690	4252	4487	4592	4980	4632	4434	4188	3434	2945	2713	2085	1516	 63705