01/01/10	Fri	38	46	36	18	12	26	24	33	55	75	126	180	183	148	185	189	177	166	138	115	78	102	61	47	 2258
01/02/10	Sat	32	25	11	9	21	27	31	67	116	171	255	252	258	281	247	264	263	223	189	137	127	115	87	84	 3292
01/03/10	Sun	42	35	34	15	23	24	34	50	103	148	189	226	230	270	218	228	222	252	169	143	120	91	69	53	 2988
01/04/10	Mon	34	22	13	12	26	60	120	225	286	226	229	285	257	259	242	416	429	450	272	171	133	94	83	42	 4386
01/05/10	Tue	28	21	9	12	18	64	159	272	287	237	235	272	270	252	274	446	484	495	306	184	145	120	93	40	 4723
01/06/10	Wed	35	15	6	14	19	63	155	266	301	195	206	235	273	250	208	374	399	382	275	133	97	92	89	39	 4121
01/07/10	Thu	25	27	4	14	26	60	184	289	274	161	203	228	264	258	235	416	425	461	310	159	112	107	94	56	 4392
01/08/10	Fri	23	25	14	12	19	54	168	281	273	213	240	302	320	293	278	436	538	552	360	250	163	166	129	63	 5172
01/09/10	Sat	41	36	15	14	20	30	82	116	213	300	359	380	372	379	417	343	346	353	269	176	173	139	119	76	 4768
01/10/10	Sun	45	34	38	19	26	34	47	88	128	216	273	363	348	398	360	339	326	315	233	164	123	94	83	43	 4137
01/11/10	Mon	26	18	11	5	21	71	178	316	300	235	254	276	352	255	294	421	548	558	314	189	142	119	72	52	 5027
01/12/10	Tue	29	20	18	10	20	62	190	326	309	261	282	295	296	306	306	511	549	565	372	217	155	131	94	41	 5365
01/13/10	Wed	25	21	13	11	16	52	184	311	290	230	265	299	307	306	295	480	607	590	352	202	180	145	82	50	 5313
01/14/10	Thu	30	22	10	11	24	71	203	316	321	255	259	284	339	315	330	504	542	529	362	225	179	151	87	54	 5423
01/15/10	Fri	37	16	16	17	18	71	176	314	345	277	321	329	345	361	363	551	620	660	416	304	194	189	130	105	 6175
01/16/10	Sat	71	28	18	17	23	36	84	133	232	299	367	421	464	418	410	405	392	440	302	236	191	162	127	65	 5341
01/17/10	Sun	65	32	24	25	21	33	45	81	142	240	278	318	346	350	345	363	330	291	253	180	174	126	82	61	 4205
01/18/10	Mon	39	18	12	11	20	67	138	212	253	291	309	338	402	331	343	415	504	494	386	201	152	135	72	61	 5204
01/19/10	Tue	32	23	14	17	20	57	206	366	323	269	268	313	348	298	323	489	556	583	369	242	161	122	88	60	 5547
01/20/10	Wed	40	17	11	18	22	56	197	303	365	265	241	328	320	296	266	474	616	603	389	190	162	131	96	44	 5450
01/21/10	Thu	40	19	15	16	26	56	232	344	357	233	262	312	344	299	292	517	557	645	380	229	163	119	114	73	 5644
01/22/10	Fri	39	28	16	18	26	59	201	321	337	278	247	364	383	348	377	534	661	654	427	269	192	191	147	95	 6212
01/23/10	Sat	39	40	33	12	26	31	81	159	246	322	383	458	452	420	395	409	413	379	306	217	186	174	113	85	 5379
01/24/10	Sun	34	37	29	28	18	29	46	92	147	191	238	326	369	343	332	334	292	295	239	159	166	132	103	49	 4028
01/25/10	Mon	30	21	21	9	25	78	207	340	387	257	267	339	323	315	384	496	589	597	372	194	145	118	95	55	 5664
01/26/10	Tue	22	23	16	11	23	62	207	343	356	259	267	312	338	342	313	492	565	582	360	206	162	128	86	61	 5536
01/27/10	Wed	35	18	13	12	26	62	204	293	390	259	251	311	308	301	316	502	603	652	387	218	156	143	87	60	 5607
01/28/10	Thu	30	20	15	12	23	83	196	358	336	230	215	303	327	316	341	480	593	600	364	209	171	152	98	69	 5541
01/29/10	Fri	44	23	19	20	27	60	207	342	342	286	313	354	372	362	382	538	609	723	463	306	219	198	168	86	 6463
01/30/10	Sat	45	42	24	24	22	37	76	172	254	320	358	470	455	476	416	475	456	368	342	240	196	170	128	104	 5670
01/31/10	Sun	51	42	36	19	17	32	48	91	160	238	331	354	406	403	356	367	375	381	285	207	178	151	76	54	 4658
02/01/10	Mon	35	18	11	9	20	81	229	361	360	288	316	313	367	316	363	506	582	667	392	197	140	134	96	53	 5854
02/02/10	Tue	33	21	16	11	19	74	211	359	372	301	273	340	338	301	338	522	635	615	399	184	148	133	104	58	 5805
02/03/10	Wed	31	15	11	16	22	71	204	348	362	278	286	355	359	327	316	549	628	617	369	212	159	101	110	63	 5809
02/04/10	Thu	34	20	12	20	23	59	222	393	330	275	282	325	327	318	344	562	584	649	414	282	193	134	95	61	 5958
02/05/10	Fri	32	36	17	11	19	67	177	350	343	302	310	438	403	362	431	635	683	696	478	297	192	199	163	81	 6722
02/06/10	Sat	54	40	29	19	18	34	80	178	262	335	401	456	497	493	411	463	416	400	378	259	192	134	134	110	 5793
02/07/10	Sun	58	50	36	21	20	26	50	85	163	206	287	290	390	341	325	373	285	176	191	151	300	222	102	66	 4214
02/08/10	Mon	41	15	16	16	31	75	240	397	431	267	239	255	307	260	313	490	554	513	340	187	149	103	97	76	 5412
02/09/10	Tue	40	22	10	21	20	71	214	349	366	286	269	336	359	303	347	532	597	632	407	216	163	129	122	58	 5869
02/10/10	Wed	28	23	13	16	24	74	214	350	378	287	277	318	377	331	351	516	651	758	422	277	200	146	100	69	 6200
02/11/10	Thu	29	24	13	13	34	81	226	363	395	262	274	341	363	299	338	547	669	623	416	247	196	155	113	73	 6094
02/12/10	Fri	50	42	9	9	22	79	216	342	382	317	351	402	416	377	444	598	751	683	492	331	225	191	146	79	 6954
02/13/10	Sat	48	43	26	22	25	58	69	173	253	364	433	511	512	455	442	463	429	349	338	234	196	188	176	103	 5910
02/14/10	Sun	69	38	27	18	15	26	46	90	157	216	254	329	378	388	335	337	388	325	271	210	157	149	107	75	 4405
02/15/10	Mon	43	23	16	13	24	66	149	264	285	295	364	393	415	384	393	463	552	555	370	211	158	131	94	68	 5729
02/16/10	Tue	54	23	15	13	30	72	250	363	389	299	305	347	369	346	382	575	671	674	390	243	195	113	97	60	 6275
02/17/10	Wed	43	22	16	12	21	78	212	389	456	332	315	369	389	329	354	535	624	649	399	229	204	160	98	54	 6289
02/18/10	Thu	44	27	6	13	30	75	210	404	402	306	293	337	395	332	383	570	668	622	412	254	114	134	87	71	 6189
02/19/10	Fri	41	24	9	15	26	53	199	369	385	276	308	330	399	341	399	538	642	603	440	279	173	174	133	83	 6239
02/20/10	Sat	53	33	34	19	27	34	67	162	225	302	405	405	448	469	385	438	387	372	307	237	180	176	130	99	 5394
02/21/10	Sun	60	46	33	13	21	41	50	99	147	189	283	295	347	384	284	333	333	316	238	166	157	111	82	67	 4095
02/22/10	Mon	42	28	13	19	22	95	242	473	482	271	298	295	412	360	327	549	613	596	388	249	169	146	97	42	 6228
02/23/10	Tue	38	20	11	19	25	78	236	393	397	278	308	353	372	334	320	555	630	651	470	243	202	139	107	50	 6229
02/24/10	Wed	37	27	18	20	29	77	217	381	423	305	293	367	369	294	340	554	672	647	436	226	178	149	100	65	 6224
02/25/10	Thu	39	19	23	12	28	91	232	367	356	258	299	337	373	340	327	557	651	664	404	230	211	131	122	67	 6138
02/26/10	Fri	42	24	13	15	32	80	194	360	370	313	381	410	444	399	442	635	763	774	506	306	231	222	152	105	 7213
02/27/10	Sat	75	38	28	21	22	46	92	181	264	427	433	469	473	502	453	426	432	440	373	274	223	206	137	124	 6159
02/28/10	Sun	67	38	40	31	25	26	61	108	173	245	299	404	429	456	418	372	378	342	265	212	183	140	77	56	 4845
03/01/10	Mon	49	25	12	21	27	82	242	364	350	310	316	319	375	372	334	552	635	641	434	230	169	128	119	59	 6165
03/02/10	Tue	53	28	14	15	25	84	225	387	389	311	319	351	379	333	314	573	643	690	417	255	186	146	103	59	 6299
03/03/10	Wed	38	18	15	16	32	86	223	399	393	301	304	350	392	327	335	570	691	669	454	255	191	170	121	66	 6416
03/04/10	Thu	38	26	15	9	24	94	240	391	371	310	307	313	390	337	394	574	658	680	487	253	219	161	136	41	 6468
03/05/10	Fri	40	25	20	16	29	84	190	364	352	329	355	420	457	397	450	517	710	737	462	350	257	196	166	105	 7028
03/06/10	Sat	51	43	30	20	21	50	94	192	283	408	450	449	542	485	488	452	472	448	401	248	219	142	189	110	 6287
03/07/10	Sun	72	38	31	27	24	36	64	99	175	245	295	367	423	445	418	423	420	370	300	249	184	134	120	72	 5031
03/08/10	Mon	44	34	14	15	39	92	231	374	398	260	326	335	381	334	355	542	647	673	385	228	158	160	100	67	 6192
03/09/10	Tue	34	22	11	11	26	88	257	385	313	313	336	348	403	340	326	560	659	646	412	226	172	154	113	61	 6216
03/10/10	Wed	39	26	17	13	17	84	230	367	434	272	306	327	371	372	342	572	721	763	435	268	186	158	122	64	 6506
03/11/10	Thu	35	15	18	10	31	92	244	378	410	321	322	348	393	349	393	623	695	723	482	260	186	162	143	95	 6728
03/12/10	Fri	35	26	22	16	30	94	212	381	387	345	338	477	451	406	457	613	715	787	505	346	254	236	165	121	 7419
03/13/10	Sat	71	41	32	22	31	39	93	179	306	391	443	466	525	474	449	480	454	419	394	286	220	207	194	189	 6405
03/15/10	Mon	37	27	11	15	32	91	224	402	385	303	316	321	431	386	393	587	775	776	512	360	249	200	137	82	 7052
03/16/10	Tue	47	37	21	15	29	107	243	386	393	333	354	349	434	419	403	618	762	882	569	311	261	202	143	77	 7395
03/17/10	Wed	49	31	22	19	27	109	232	447	450	330	394	404	447	417	422	650	822	819	596	327	293	189	151	85	 7732
03/18/10	Thu	61	33	22	17	34	85	248	461	399	340	345	442	463	428	454	585	797	842	634	360	271	195	118	96	 7730
03/19/10	Fri	50	40	21	17	43	90	191	360	308	285	340	329	370	349	352	513	604	553	377	259	205	160	152	129	 6097
03/20/10	Sat	55	40	23	34	22	41	79	149	215	319	455	480	561	490	505	438	483	439	400	351	277	247	189	139	 6431
03/21/10	Sun	80	58	41	31	28	55	68	102	159	254	325	468	547	600	545	412	491	449	323	313	236	166	146	65	 5962
03/22/10	Mon	40	32	13	18	30	90	197	354	366	324	361	382	403	423	435	630	767	803	436	303	229	205	152	84	 7077
03/23/10	Tue	55	29	16	12	42	89	212	320	408	348	369	399	435	362	396	597	770	649	384	260	154	81	45	33	 6465
03/24/10	Wed	28	17	18	21	36	52	125	190	178	185	185	259	338	334	346	461	510	525	352	249	222	168	126	85	 5010
03/25/10	Thu	57	26	26	22	20	90	191	319	366	301	379	397	400	403	418	602	787	780	522	326	256	201	148	81	 7118
03/26/10	Fri	66	43	27	18	34	78	175	332	360	322	409	420	452	447	450	595	622	672	561	351	271	240	198	94	 7237
03/27/10	Sat	72	50	31	31	21	45	72	139	263	345	429	487	481	488	447	485	452	446	397	355	262	212	201	175	 6386
03/28/10	Sun	105	64	52	34	21	32	43	109	161	262	339	401	547	573	594	504	378	434	357	322	225	185	137	73	 5952
03/29/10	Mon	47	26	19	14	30	95	241	375	326	331	392	418	416	381	414	509	693	746	460	284	228	204	138	85	 6872
03/30/10	Tue	49	29	20	19	32	89	215	405	343	362	359	400	432	428	434	558	750	848	522	293	336	203	144	108	 7378
03/31/10	Wed	49	32	23	18	22	96	212	384	344	326	356	403	466	419	443	532	741	834	512	368	265	213	161	87	 7306
04/01/10	Thu	65	27	15	18	22	93	225	383	331	327	343	404	477	411	455	609	721	846	513	313	232	168	154	76	 7228
04/02/10	Fri	69	32	18	25	34	86	202	346	324	433	413	411	507	469	506	617	802	774	518	361	301	252	167	144	 7811
04/03/10	Sat	73	38	29	20	23	42	88	188	292	442	491	520	506	497	530	507	451	428	366	333	263	214	170	116	 6627
04/04/10	Sun	81	52	40	28	22	29	62	123	177	232	337	444	411	536	429	390	408	416	422	379	300	186	101	64	 5669
04/05/10	Mon	41	35	6	15	22	95	246	399	397	352	372	373	450	404	426	586	796	863	496	286	204	169	126	54	 7213
04/06/10	Tue	47	25	12	14	36	100	244	386	327	259	354	375	406	368	414	603	729	823	500	265	239	168	126	76	 6896
04/07/10	Wed	45	21	19	16	24	78	238	391	418	298	275	353	378	355	342	573	720	760	481	296	234	193	141	79	 6728
04/08/10	Thu	39	35	19	16	33	72	236	447	425	297	364	358	416	360	421	644	784	833	546	339	260	201	127	69	 7341
04/09/10	Fri	52	25	29	16	25	80	179	445	424	339	371	403	441	435	478	611	868	838	556	453	275	284	186	121	 7934
04/10/10	Sat	75	40	37	24	31	46	98	225	335	427	487	517	502	565	472	500	503	494	414	331	248	234	186	134	 6925
04/11/10	Sun	80	34	36	22	22	35	57	148	195	271	369	439	555	593	599	466	425	475	355	308	240	184	105	76	 6089
04/12/10	Mon	61	39	22	19	22	93	255	434	418	333	342	338	423	369	398	563	732	823	472	344	202	172	120	62	 7056
04/13/10	Tue	40	22	18	11	30	107	240	476	441	339	351	377	415	392	407	590	750	813	487	311	232	176	121	76	 7222
04/14/10	Wed	37	29	16	15	26	88	251	423	462	299	20	39	11	3	223	580	774	835	481	311	228	194	151	71	 5567
04/15/10	Thu	38	15	17	16	22	95	252	471	432	332	344	364	413	365	375	690	877	864	592	368	284	209	139	93	 7667
04/16/10	Fri	55	27	13	25	38	76	203	399	366	362	377	478	494	438	459	683	876	849	497	384	285	212	197	128	 7921
04/17/10	Sat	66	49	31	27	29	36	96	218	283	410	449	506	563	504	554	510	507	442	404	345	269	191	166	126	 6781
04/18/10	Sun	62	55	36	49	20	33	52	140	170	284	363	412	574	590	552	507	484	452	394	329	244	186	142	80	 6210
04/19/10	Mon	55	29	17	13	26	80	267	478	477	328	375	409	401	426	408	679	844	864	525	329	253	201	130	78	 7692
04/20/10	Tue	63	22	10	11	22	96	273	449	419	364	340	421	444	393	390	606	822	857	611	322	239	189	134	82	 7579
04/21/10	Wed	46	27	23	15	24	90	249	485	444	331	329	346	434	379	426	600	847	884	591	334	242	193	137	69	 7545
04/22/10	Thu	50	28	18	19	31	98	254	472	411	317	324	407	433	397	472	655	844	762	463	287	256	173	144	87	 7402
04/23/10	Fri	46	33	16	20	27	90	207	443	411	326	318	464	436	393	462	588	783	704	500	355	270	203	203	134	 7432
04/24/10	Sat	70	57	24	18	28	44	86	192	281	350	439	470	514	547	498	529	497	461	422	342	307	234	191	140	 6741
04/25/10	Sun	69	52	50	17	20	32	83	120	209	310	338	431	506	551	487	455	466	446	340	264	235	176	142	69	 5868
04/26/10	Mon	56	24	13	17	25	93	274	455	405	331	337	410	389	360	358	582	760	819	464	314	187	196	129	99	 7097
04/27/10	Tue	41	21	13	14	25	96	266	440	418	334	341	371	408	381	319	484	705	796	509	285	219	201	129	79	 6895
04/28/10	Wed	50	26	14	12	38	91	255	498	451	325	320	370	449	367	415	598	795	821	563	305	256	187	132	92	 7430
04/29/10	Thu	52	31	10	15	27	95	254	451	411	307	324	352	390	337	392	586	783	778	498	313	255	175	126	88	 7050
04/30/10	Fri	55	28	16	19	28	86	230	398	440	357	382	419	443	451	467	705	777	860	579	379	302	267	168	150	 8006
05/01/10	Sat	76	40	25	24	23	36	100	212	362	428	467	526	541	562	487	522	483	478	432	388	295	207	180	178	 7072
05/02/10	Sun	84	72	65	19	26	38	77	123	188	254	384	436	472	516	442	443	415	398	335	297	199	178	125	66	 5652
05/03/10	Mon	50	31	10	20	26	87	255	474	446	318	387	398	411	366	422	607	693	811	504	283	273	175	124	51	 7222
05/04/10	Tue	63	26	15	13	24	98	266	454	409	350	347	405	418	378	396	557	740	860	549	299	254	198	118	59	 7296
05/05/10	Wed	55	27	12	18	22	78	241	460	418	310	348	409	432	388	394	573	769	866	470	351	274	198	141	76	 7330
05/06/10	Thu	44	30	10	15	22	81	253	453	434	336	364	440	415	371	406	648	760	769	525	343	243	205	127	76	 7370
05/07/10	Fri	48	32	20	16	24	81	230	472	453	348	349	420	469	474	450	738	777	914	611	382	331	295	191	126	 8251
05/08/10	Sat	71	41	34	24	25	59	136	241	392	453	477	564	559	536	567	498	524	431	430	333	291	229	189	130	 7234
05/09/10	Sun	99	44	28	18	19	33	79	130	236	328	382	416	546	557	511	432	447	456	347	337	274	192	156	64	 6131
05/10/10	Mon	52	26	9	17	32	87	252	482	435	321	354	375	418	389	412	587	752	773	479	292	231	187	119	67	 7148
05/11/10	Tue	49	19	22	17	28	80	256	445	390	352	315	361	406	372	409	573	719	724	518	275	196	139	109	65	 6839
05/12/10	Wed	36	38	14	17	20	101	199	429	344	237	301	335	370	384	362	581	681	737	435	284	208	173	137	72	 6495
05/13/10	Thu	52	35	11	23	24	77	271	455	399	344	349	388	394	394	422	601	757	798	472	328	250	220	125	78	 7267
05/14/10	Fri	49	31	13	16	25	85	244	411	431	351	370	451	433	424	518	728	779	814	602	379	286	246	188	112	 7986
05/15/10	Sat	80	64	33	22	36	43	115	204	326	421	450	521	509	511	486	489	546	521	394	326	275	250	200	113	 6935
05/16/10	Sun	93	66	37	22	24	49	62	135	197	271	405	445	481	518	472	459	473	451	350	277	266	236	145	74	 6008
05/17/10	Mon	40	32	15	15	27	89	286	435	449	341	364	444	412	409	462	582	707	787	451	375	220	198	129	84	 7353
05/18/10	Tue	45	34	12	25	25	85	259	497	458	345	359	378	397	385	414	589	723	763	485	289	222	156	137	97	 7179
05/19/10	Wed	71	58	25	17	32	88	250	479	396	322	373	407	448	408	397	606	763	774	498	322	284	201	149	79	 7447
05/20/10	Thu	47	26	23	17	21	90	254	465	411	312	360	441	478	466	441	558	766	846	550	332	276	232	147	99	 7658
05/21/10	Fri	76	29	23	28	21	109	232	417	378	361	400	458	490	454	497	628	776	805	641	406	311	340	218	157	 8255
05/22/10	Sat	74	42	39	23	31	77	125	253	376	460	434	607	537	567	523	532	520	475	438	361	333	269	193	155	 7444
05/23/10	Sun	123	54	38	25	26	41	79	155	224	283	344	497	466	518	460	459	476	384	323	288	250	243	141	84	 5981
05/24/10	Mon	60	32	14	19	33	90	266	438	349	341	341	389	452	413	410	566	651	711	448	286	233	175	137	111	 6965
05/25/10	Tue	76	36	15	24	25	116	283	401	312	337	376	402	441	406	419	513	657	792	534	334	239	202	146	94	 7180
05/26/10	Wed	54	24	19	18	32	96	246	429	348	320	349	423	452	356	430	545	631	764	585	358	330	232	139	91	 7271
05/27/10	Thu	81	61	39	19	28	96	266	415	347	310	392	439	441	412	451	520	771	782	649	424	306	224	166	94	 7733
05/28/10	Fri	65	37	11	30	37	89	211	362	375	368	427	453	535	521	556	627	678	684	520	419	275	251	210	132	 7873
05/29/10	Sat	92	53	45	22	28	66	117	146	335	396	460	502	496	510	435	466	399	408	402	309	244	237	183	176	 6527
05/30/10	Sun	91	68	43	8	12	25	53	116	210	174	357	419	443	419	417	408	375	387	318	304	246	253	153	116	 5415
05/31/10	Mon	76	40	16	17	32	59	119	117	198	303	401	424	456	430	433	424	405	363	345	304	289	189	102	98	 5640
06/01/10	Tue	66	24	14	20	20	114	207	408	336	335	383	437	505	407	492	527	673	789	529	344	276	221	134	87	 7348
06/02/10	Wed	51	29	14	23	28	97	217	392	370	315	377	361	426	418	435	552	696	777	521	379	290	202	166	100	 7236
06/03/10	Thu	42	29	8	23	32	97	222	411	373	349	359	399	457	400	412	540	730	801	541	347	286	225	147	117	 7347
06/04/10	Fri	53	29	27	22	32	101	209	410	332	325	403	448	503	468	453	605	709	787	570	431	352	288	194	140	 7891
06/05/10	Sat	71	41	32	30	37	60	125	211	301	377	484	444	546	508	522	476	486	474	397	299	266	254	197	147	 6785
06/06/10	Sun	95	52	42	33	23	57	70	133	205	314	341	410	442	485	433	428	417	448	355	294	251	243	163	88	 5822
06/07/10	Mon	62	40	19	21	37	103	240	368	355	342	374	366	447	414	449	513	723	765	520	327	245	234	139	82	 7185
06/08/10	Tue	60	23	13	25	28	109	233	369	358	334	352	441	418	440	398	500	650	774	534	354	245	229	176	91	 7154
06/09/10	Wed	51	28	20	24	27	94	211	401	245	393	360	403	491	398	412	553	674	846	555	355	258	258	146	107	 7310
06/10/10	Thu	61	40	27	33	31	86	210	401	333	340	367	400	442	352	415	505	647	769	544	376	288	210	178	120	 7175
06/11/10	Fri	58	26	30	23	33	85	188	370	398	345	389	434	490	477	485	584	637	778	514	364	243	210	204	143	 7508
06/12/10	Sat	86	63	64	26	28	41	92	191	262	384	448	502	535	464	466	480	457	423	331	301	222	239	210	120	 6435
06/13/10	Sun	80	55	33	17	37	35	71	127	144	215	320	379	398	453	406	441	405	348	312	261	196	181	129	82	 5125
06/14/10	Mon	51	29	13	20	34	87	232	426	410	408	436	493	555	456	455	493	683	754	488	324	236	249	109	83	 7524
06/15/10	Tue	59	37	24	19	33	99	218	373	329	373	380	408	401	435	452	539	660	784	581	348	267	222	177	109	 7327
06/16/10	Wed	60	35	11	22	30	79	207	792	440	364	375	411	438	371	403	535	715	752	516	318	290	244	179	74	 7661
06/17/10	Thu	65	32	25	29	31	93	230	381	324	353	364	450	404	389	449	539	735	771	574	329	278	215	194	108	 7362
06/18/10	Fri	73	30	26	23	28	104	230	315	395	382	402	455	487	419	465	754	703	849	570	396	275	299	236	141	 8057
06/19/10	Sat	74	54	43	30	28	54	123	203	284	466	442	527	503	533	474	474	455	441	411	307	270	285	225	165	 6871
06/20/10	Sun	102	58	59	27	25	32	72	156	192	285	347	434	489	457	424	437	458	439	326	299	285	250	161	88	 5902
06/21/10	Mon	65	38	18	22	30	99	230	363	318	325	373	401	427	357	415	543	636	727	506	366	252	241	152	87	 6991
06/22/10	Tue	67	24	21	20	41	106	216	388	359	343	363	421	395	388	418	548	640	799	579	322	284	224	170	90	 7226
06/23/10	Wed	58	42	13	21	25	104	230	406	336	329	359	386	428	387	372	520	695	745	552	307	273	246	170	95	 7099
06/24/10	Thu	46	41	24	25	37	88	234	388	355	334	376	405	424	383	389	569	676	715	581	354	273	239	169	98	 7223
06/25/10	Fri	64	36	41	29	28	87	190	320	361	369	402	418	455	440	437	624	678	789	545	389	265	285	240	133	 7625
06/26/10	Sat	84	54	25	31	36	52	101	201	258	409	420	515	493	496	474	435	436	429	419	300	271	273	193	129	 6534
06/27/10	Sun	90	46	38	25	22	55	78	153	200	268	379	405	378	411	432	440	449	421	320	310	241	221	153	108	 5643
06/28/10	Mon	49	42	16	20	31	94	231	377	368	393	348	405	394	372	396	556	653	737	561	322	274	225	147	85	 7096
06/29/10	Tue	40	38	24	25	31	103	229	388	350	411	330	389	438	421	404	536	669	736	575	391	272	267	187	95	 7349
06/30/10	Wed	54	48	32	22	33	105	203	392	398	366	375	422	410	391	442	551	687	766	521	343	322	242	199	100	 7424
07/01/10	Thu	76	37	17	20	27	103	206	403	362	332	373	417	419	425	430	536	653	781	570	347	315	265	132	106	 7352
07/02/10	Fri	50	39	19	19	29	99	209	329	353	376	434	452	490	452	551	554	727	646	502	398	291	292	190	144	 7645
07/03/10	Sat	82	51	39	28	26	62	116	180	313	389	457	465	454	431	386	398	422	412	357	323	256	237	294	179	 6357
07/04/10	Sun	116	49	27	12	21	35	73	107	180	235	321	320	361	428	417	415	411	354	315	333	271	242	237	154	 5434
07/05/10	Mon	114	43	29	10	23	46	97	142	192	306	377	435	440	463	442	430	432	400	356	255	293	223	363	86	 5997
07/06/10	Tue	60	33	17	23	18	109	201	378	366	340	357	426	429	421	406	550	688	768	483	303	242	228	133	116	 7095
07/07/10	Wed	85	41	25	19	26	106	205	362	342	332	359	414	419	411	387	603	669	715	510	324	255	204	148	101	 7062
07/08/10	Thu	53	21	19	28	26	105	198	406	346	295	343	400	428	400	411	578	686	751	584	362	264	216	164	94	 7178
07/09/10	Fri	51	28	25	14	46	96	221	341	338	301	293	399	505	449	460	587	772	734	541	418	333	257	206	158	 7573
07/10/10	Sat	74	43	29	26	33	47	106	190	316	403	455	516	499	432	459	449	461	427	428	314	248	254	220	140	 6569
07/11/10	Sun	91	49	43	24	30	51	76	141	193	284	353	374	453	414	376	451	426	388	334	269	244	209	133	106	 5512
07/12/10	Mon	44	29	18	15	32	102	226	383	343	365	374	408	396	383	425	533	647	726	500	354	257	240	142	96	 7038
07/13/10	Tue	56	32	25	15	33	105	237	406	379	357	355	426	454	366	360	547	676	743	506	310	261	210	164	88	 7111
07/14/10	Wed	63	36	27	16	29	112	191	428	351	351	359	386	424	371	460	559	664	748	551	344	233	239	156	78	 7176
07/15/10	Thu	49	33	24	12	33	103	230	399	372	333	354	405	425	424	428	509	593	751	550	335	292	275	203	120	 7252
07/16/10	Fri	67	35	25	22	28	98	210	401	393	329	389	450	483	451	478	639	710	704	526	384	311	280	202	160	 7775
07/17/10	Sat	82	40	41	27	29	51	118	193	305	398	470	467	492	524	429	422	451	414	384	316	265	276	214	150	 6558
07/18/10	Sun	87	57	24	22	29	46	66	132	205	287	338	364	424	415	426	385	410	368	313	297	261	230	158	92	 5436
07/19/10	Mon	55	25	15	14	34	100	241	377	378	344	353	394	414	418	400	492	649	699	475	325	247	231	136	80	 6896
07/20/10	Tue	56	30	29	15	39	108	225	428	379	328	348	421	437	422	407	539	704	751	552	328	239	232	152	122	 7291
07/21/10	Wed	46	40	23	16	36	119	210	379	372	322	376	437	416	393	419	515	698	798	524	350	282	225	166	96	 7258
07/22/10	Thu	75	30	22	17	35	93	229	408	374	315	374	393	404	363	402	482	688	773	537	350	254	230	170	97	 7115
07/23/10	Fri	62	25	28	20	26	77	212	372	351	330	368	485	480	425	484	534	727	798	588	384	352	289	232	138	 7787
07/24/10	Sat	89	70	40	23	45	56	125	223	251	336	472	564	513	424	409	487	466	451	389	336	278	295	241	151	 6734
07/25/10	Sun	79	55	33	17	30	46	79	121	190	284	320	359	461	465	392	415	424	413	340	324	272	231	161	87	 5598
07/26/10	Mon	54	32	17	19	28	106	212	359	334	358	397	441	497	428	412	535	673	744	518	345	238	232	155	83	 7217
07/27/10	Tue	58	38	23	18	31	89	228	419	330	302	364	425	403	381	420	560	726	769	506	299	276	214	159	95	 7133
07/28/10	Wed	43	35	21	15	23	101	225	390	352	314	340	405	395	377	326	580	694	728	486	300	280	207	168	85	 6890
07/29/10	Thu	54	33	23	22	24	108	220	345	347	356	367	402	440	456	357	558	642	806	587	343	254	205	167	123	 7239
07/30/10	Fri	68	32	22	21	30	108	217	366	367	389	388	470	515	463	489	641	719	799	545	363	276	247	237	137	 7909
07/31/10	Sat	83	66	35	29	34	64	108	201	308	372	476	543	509	560	468	472	502	408	409	334	299	259	214	183	 6936
08/01/10	Sun	85	54	50	16	35	54	74	143	176	304	345	422	467	448	419	444	421	403	323	302	260	176	147	89	 5657
08/02/10	Mon	58	33	19	20	25	101	246	382	368	346	454	492	569	405	444	501	663	782	488	342	240	194	143	85	 7400
08/03/10	Tue	66	29	23	23	24	108	256	389	357	352	318	401	461	415	406	544	804	885	562	359	296	191	135	92	 7496
08/04/10	Wed	54	38	21	21	32	103	221	388	380	329	391	441	449	415	445	532	753	811	616	360	286	221	157	145	 7609
08/05/10	Thu	62	28	22	18	30	105	235	366	351	354	350	425	435	403	433	588	654	822	602	445	313	209	164	110	 7524
08/06/10	Fri	58	41	21	23	31	98	213	355	344	406	442	396	511	449	459	613	719	756	614	403	292	327	200	165	 7936
08/07/10	Sat	97	52	25	20	28	57	119	196	334	425	516	454	541	493	439	483	463	485	393	316	290	260	243	199	 6928
08/08/10	Sun	103	59	44	27	27	45	72	118	175	290	345	450	434	400	441	431	396	409	371	293	238	220	171	97	 5656
08/09/10	Mon	48	27	21	14	34	119	219	338	369	340	353	388	438	378	437	516	774	758	553	300	227	189	120	101	 7061
08/10/10	Tue	71	34	25	17	29	100	211	406	373	382	374	378	424	406	436	566	668	828	600	372	282	210	153	104	 7449
08/11/10	Wed	58	37	23	25	25	90	225	403	413	369	350	454	418	368	431	614	711	811	569	362	258	194	166	100	 7474
08/12/10	Thu	43	39	15	17	30	98	195	370	375	349	357	400	434	409	456	613	781	856	596	300	307	231	173	106	 7550
08/13/10	Fri	68	38	15	19	32	100	209	362	441	368	412	412	490	400	460	706	814	757	549	312	235	176	128	106	 7609
08/14/10	Sat	67	40	41	21	21	39	67	143	236	282	354	406	380	354	324	357	350	306	307	223	180	186	130	100	 4914
08/15/10	Sun	54	42	24	24	30	31	35	94	108	174	254	395	448	468	413	440	404	388	328	273	258	219	139	104	 5147
08/16/10	Mon	69	32	13	20	31	80	234	394	450	306	369	439	408	396	391	550	722	736	534	285	197	155	154	98	 7063
08/17/10	Tue	57	39	22	16	28	101	210	449	439	369	316	424	384	371	395	595	685	685	552	349	306	184	137	89	 7202
08/18/10	Wed	55	35	13	22	30	99	251	431	431	325	402	356	426	374	425	588	700	769	513	328	282	161	147	50	 7213
08/19/10	Thu	58	23	19	24	35	90	261	411	461	341	341	391	384	364	391	583	685	809	543	315	247	209	140	84	 7209
08/20/10	Fri	55	24	20	13	31	77	246	374	459	359	415	412	452	413	423	678	781	757	564	433	276	263	170	122	 7817
08/21/10	Sat	67	46	39	22	32	46	103	191	300	377	435	530	495	461	461	483	528	421	367	282	272	263	187	139	 6547
08/22/10	Sun	73	51	53	28	29	36	79	101	187	260	358	415	475	459	429	435	403	407	344	292	249	180	110	91	 5544
08/23/10	Mon	41	33	16	24	29	94	266	429	433	317	326	394	384	338	386	595	699	766	467	287	226	172	149	66	 6937
08/24/10	Tue	41	31	14	18	21	93	256	427	463	336	307	373	398	367	381	624	678	762	497	335	250	188	123	66	 7049
08/25/10	Wed	49	23	15	15	30	99	248	419	481	323	357	398	410	345	385	542	728	831	522	292	266	173	146	92	 7189
08/26/10	Thu	46	27	13	17	31	99	260	419	406	374	327	389	418	372	403	598	700	790	561	356	288	210	142	83	 7329
08/27/10	Fri	55	26	17	19	32	90	236	421	477	309	373	421	465	436	463	650	750	769	574	416	320	239	196	140	 7894
08/28/10	Sat	56	45	36	15	45	55	103	214	324	408	514	507	525	461	488	521	469	402	403	334	252	244	197	154	 6772
08/29/10	Sun	103	50	29	23	23	33	66	105	200	282	345	392	444	492	387	440	373	382	340	274	204	227	142	80	 5436
08/30/10	Mon	40	23	13	14	25	83	286	470	425	329	362	356	427	398	396	579	729	814	460	325	229	172	128	72	 7155
08/31/10	Tue	35	25	14	17	32	104	254	459	450	342	361	383	387	372	374	582	716	841	532	361	222	190	151	84	 7288
09/01/10	Wed	45	25	17	20	33	98	250	442	452	335	389	408	436	392	426	601	702	852	546	377	302	200	152	86	 7586
09/02/10	Thu	45	26	17	18	34	90	259	435	443	326	366	420	440	400	393	555	760	865	538	376	232	177	151	102	 7468
09/03/10	Fri	54	31	24	16	23	94	223	427	420	350	409	484	513	528	519	677	738	657	531	411	312	245	167	133	 7986
09/04/10	Sat	93	40	19	22	29	48	80	174	282	382	483	492	509	425	450	437	444	426	381	301	228	197	152	92	 6186
09/05/10	Sun	85	54	27	20	17	38	68	117	151	264	349	392	420	422	385	371	353	349	312	299	252	199	139	105	 5188
09/06/10	Mon	62	42	24	20	26	47	63	118	144	267	364	411	456	526	406	442	410	373	366	318	278	171	125	55	 5514
09/07/10	Tue	43	19	12	20	25	86	270	475	524	340	406	402	423	365	401	585	765	850	519	362	270	182	113	71	 7528
09/08/10	Wed	39	28	16	17	35	87	250	429	498	328	352	397	415	370	392	612	719	859	560	328	230	171	132	72	 7336
09/09/10	Thu	45	25	14	18	25	101	228	428	453	311	306	411	411	361	430	580	754	875	542	347	242	187	151	98	 7343
09/10/10	Fri	41	25	20	14	34	98	240	451	463	311	368	410	445	386	459	687	740	788	606	403	252	224	199	130	 7794
09/11/10	Sat	57	25	30	22	28	51	85	229	350	422	466	508	538	472	452	473	461	455	435	331	261	211	168	128	 6658
09/12/10	Sun	67	36	33	26	24	36	52	105	175	289	380	396	402	364	429	418	379	394	364	312	222	146	109	89	 5247
09/13/10	Mon	32	22	12	24	18	79	214	410	440	303	317	375	377	365	385	552	733	845	503	301	214	159	127	73	 6880
09/14/10	Tue	44	22	11	16	30	86	232	467	446	310	353	364	418	374	379	585	734	825	510	388	232	195	139	92	 7252
09/15/10	Wed	55	24	14	18	31	87	242	454	454	350	340	389	433	420	352	628	746	868	560	320	233	210	103	73	 7404
09/16/10	Thu	33	26	20	18	29	78	224	485	437	366	354	346	407	382	403	567	760	863	562	330	225	205	150	87	 7357
09/17/10	Fri	73	29	16	17	29	95	198	440	437	335	408	425	474	446	392	652	829	837	598	391	297	273	236	129	 8056
09/18/10	Sat	89	45	36	21	29	49	98	204	342	400	496	521	496	543	475	555	510	452	397	333	248	240	186	131	 6896
09/19/10	Sun	72	58	36	27	24	34	60	133	176	337	353	452	464	450	375	398	320	419	368	287	238	161	119	76	 5437
09/20/10	Mon	38	24	7	12	26	95	228	454	386	364	367	411	439	396	380	582	645	898	477	323	202	180	147	72	 7153
09/21/10	Tue	37	26	20	15	32	99	256	445	474	307	344	385	358	365	408	583	737	877	123	345	211	165	118	71	 6801
09/22/10	Wed	43	30	22	16	29	88	228	464	458	324	308	372	434	390	408	650	688	843	563	268	211	156	129	65	 7187
09/23/10	Thu	43	25	17	17	28	103	227	454	463	349	324	379	418	390	393	635	709	836	516	377	208	197	141	98	 7347
09/24/10	Fri	46	34	23	13	25	89	206	379	404	337	377	420	481	419	462	648	713	828	575	423	278	224	203	139	 7746
09/25/10	Sat	82	47	16	31	35	45	87	214	349	434	496	524	497	501	496	498	518	507	369	357	320	200	176	113	 6912
09/26/10	Sun	80	58	38	26	22	42	54	108	187	280	408	406	453	465	367	388	392	411	417	322	217	175	131	88	 5535
09/27/10	Mon	41	23	13	18	25	87	250	442	448	310	369	385	431	368	414	592	717	766	449	309	194	173	146	90	 7060
09/28/10	Tue	44	25	15	23	29	100	233	459	442	334	361	386	413	357	397	578	733	765	514	350	172	135	149	77	 7091
09/29/10	Wed	43	23	16	17	36	82	225	468	437	325	319	376	395	390	370	585	726	818	521	332	253	185	127	77	 7146
09/30/10	Thu	44	23	15	19	31	93	214	503	441	328	340	398	405	388	416	593	775	810	516	341	229	210	136	92	 7360
10/01/10	Fri	47	28	19	14	23	99	199	475	462	332	383	357	458	414	474	683	802	822	641	399	280	247	206	108	 7972
10/02/10	Sat	76	47	25	13	26	48	86	206	325	429	490	546	514	497	471	460	517	489	412	363	262	191	171	133	 6797
10/03/10	Sun	76	43	28	24	22	36	78	108	181	297	383	382	390	406	435	507	404	397	357	275	212	202	115	86	 5444
10/04/10	Mon	38	24	17	17	27	101	230	440	464	327	344	382	409	407	411	585	676	700	484	284	181	176	93	73	 6890
10/05/10	Tue	37	23	16	16	27	90	242	457	422	333	344	372	417	353	406	612	646	862	489	327	212	162	124	64	 7053
10/06/10	Wed	37	28	17	14	24	83	255	459	444	319	328	347	391	407	393	602	687	811	550	294	230	170	123	67	 7080
10/07/10	Thu	42	19	17	20	21	90	245	456	479	322	369	393	433	340	392	547	800	770	554	348	217	200	150	101	 7325
10/08/10	Fri	56	20	19	12	31	85	216	459	459	322	373	440	462	409	471	645	723	800	536	374	268	233	216	114	 7743
10/09/10	Sat	81	50	26	13	32	51	107	188	317	453	563	585	549	535	514	464	492	415	408	387	295	245	188	127	 7085
10/10/10	Sun	83	42	33	19	26	41	52	118	181	262	379	354	419	405	434	426	381	346	314	266	203	138	136	75	 5133
10/11/10	Mon	44	23	9	14	21	80	235	446	430	338	357	358	418	382	389	572	705	747	466	293	196	183	104	75	 6885
10/12/10	Tue	37	18	19	18	25	83	233	464	488	306	290	360	392	302	361	538	667	704	473	297	236	183	126	64	 6684
10/13/10	Wed	43	26	21	12	40	75	235	466	452	307	346	401	412	383	394	596	671	798	507	339	228	162	135	71	 7120
10/15/10	Fri	51	29	25	12	25	86	223	403	387	342	413	423	503	473	480	621	693	793	610	394	307	290	194	158	 7935
10/16/10	Sat	85	43	27	27	33	53	87	221	326	411	517	606	556	554	493	521	498	523	460	359	276	263	185	142	 7266
10/17/10	Sun	88	60	37	40	19	29	55	105	179	295	402	448	456	471	433	361	384	423	369	309	210	178	123	82	 5556
10/18/10	Mon	48	27	19	13	28	96	219	436	450	282	351	340	469	407	421	597	688	737	436	259	200	147	112	69	 6851
10/19/10	Tue	31	21	17	20	33	81	239	406	448	311	335	347	424	348	400	607	689	745	538	273	205	164	113	78	 6873
10/20/10	Wed	35	22	13	21	29	87	238	458	420	314	327	324	436	362	374	592	668	757	539	314	206	186	115	83	 6920
10/21/10	Thu	52	27	14	22	28	83	245	440	467	310	351	386	447	373	352	651	719	810	507	375	218	205	135	97	 7314
10/22/10	Fri	49	21	20	20	23	75	233	417	415	340	381	397	447	405	449	679	758	767	619	377	237	244	207	119	 7699
10/23/10	Sat	85	38	21	16	31	45	65	222	351	382	499	524	552	502	517	517	477	472	448	346	270	233	246	177	 7036
10/24/10	Sun	80	55	42	14	26	22	60	98	175	292	378	463	442	488	432	384	363	417	385	280	187	171	125	78	 5457
10/25/10	Mon	53	16	7	10	31	74	219	434	459	321	345	389	432	371	433	588	692	744	438	228	210	145	129	46	 6814
10/26/10	Tue	40	23	9	16	31	90	245	426	427	320	314	347	384	366	385	542	699	726	455	271	211	195	117	78	 6717
10/27/10	Wed	32	25	18	15	25	87	243	444	417	296	324	363	438	386	385	550	730	811	523	266	230	168	126	82	 6984
10/28/10	Thu	45	34	14	11	33	72	215	453	443	326	306	365	405	356	407	584	676	832	525	344	224	229	148	66	 7113
10/29/10	Fri	58	32	16	14	32	82	191	439	435	350	380	393	451	420	438	653	667	816	607	404	329	269	189	165	 7830
10/30/10	Sat	73	64	40	24	19	30	93	178	321	458	476	572	518	506	510	500	489	500	449	375	253	268	213	160	 7089
10/31/10	Sun	106	101	65	47	35	31	46	115	166	247	357	361	386	408	417	469	401	376	301	290	386	266	124	80	 5581
11/01/10	Mon	45	22	18	11	24	84	247	444	437	307	327	392	422	358	427	564	702	782	443	271	186	145	125	70	 6853
11/02/10	Tue	39	24	13	16	30	88	289	463	394	316	319	386	386	368	404	559	737	779	536	262	195	150	121	67	 6941
11/03/10	Wed	41	21	17	16	24	84	236	464	429	303	315	335	445	406	371	533	724	725	542	241	191	168	127	67	 6825
11/04/10	Thu	36	23	16	17	28	82	217	448	413	320	312	366	392	359	426	609	760	762	557	305	224	192	118	72	 7054
11/05/10	Fri	35	29	11	22	32	78	220	449	411	295	381	450	463	426	464	651	755	750	566	356	241	219	137	82	 7523
11/06/10	Sat	60	37	31	14	32	42	87	192	306	387	441	506	502	484	457	459	443	458	425	256	244	190	147	117	 6317
11/07/10	Sun	62	57	39	19	12	20	38	83	140	205	289	372	429	497	491	424	450	372	398	275	204	177	152	89	 5294
11/08/10	Mon	31	21	9	11	27	62	285	467	454	351	351	401	453	331	416	567	681	749	428	221	151	149	126	65	 6807
11/09/10	Tue	28	18	9	19	31	82	251	490	420	331	343	398	383	378	373	540	697	661	363	222	161	117	91	62	 6468
11/10/10	Wed	24	22	15	13	25	88	238	450	444	295	309	397	399	356	368	565	755	797	437	220	208	160	124	58	 6767
11/11/10	Thu	30	19	14	18	35	88	198	358	399	305	326	332	343	306	321	586	649	638	407	227	178	149	119	76	 6121
11/12/10	Fri	41	25	20	15	25	88	214	409	468	322	387	385	461	393	447	611	749	750	512	311	220	219	160	134	 7366
11/13/10	Sat	51	44	26	26	15	54	117	202	308	430	474	486	519	529	466	477	489	413	369	281	212	176	126	158	 6448
11/14/10	Sun	79	42	43	14	25	42	71	127	190	259	354	389	410	455	394	378	362	368	327	224	174	148	108	70	 5053
11/15/10	Mon	36	25	8	21	33	78	243	436	450	321	334	382	407	361	383	625	659	713	390	214	167	120	101	80	 6587
11/16/10	Tue	35	20	11	18	40	82	243	451	444	311	321	394	427	356	399	571	706	744	472	237	203	133	95	76	 6789
11/17/10	Wed	50	24	9	20	29	82	227	490	494	335	323	398	404	359	368	576	723	794	461	238	209	165	108	78	 6964
11/18/10	Thu	48	16	10	20	36	86	250	501	439	350	352	376	402	379	408	606	789	829	577	231	218	173	134	64	 7294
11/19/10	Fri	60	25	17	16	41	85	214	462	454	325	417	436	484	445	478	663	769	785	553	313	243	225	181	130	 7821
11/20/10	Sat	67	36	32	18	29	41	108	207	328	352	448	532	517	495	458	446	506	436	362	261	214	201	168	151	 6413
11/21/10	Sun	59	53	42	19	22	39	72	123	182	279	375	406	403	420	385	447	424	353	299	236	179	146	100	84	 5147
11/22/10	Mon	50	16	12	13	30	88	244	398	506	328	379	365	379	376	383	582	689	774	446	239	185	152	134	110	 6878
11/23/10	Tue	51	33	18	19	38	76	255	438	428	330	349	389	412	393	442	590	732	771	521	303	201	144	135	95	 7163
11/24/10	Wed	43	37	23	21	34	89	181	351	327	356	405	438	442	469	463	627	660	592	419	280	233	189	149	89	 6917
11/25/10	Thu	48	44	36	9	26	52	58	85	148	213	271	345	439	357	346	306	327	383	376	348	248	240	173	121	 4999
11/26/10	Fri	54	46	41	55	104	129	160	223	334	336	368	440	453	429	403	480	451	408	320	236	182	167	109	101	 6029
11/27/10	Sat	54	25	16	17	19	34	93	156	223	284	431	486	488	448	436	446	477	426	383	245	179	190	137	105	 5798
11/28/10	Sun	70	33	25	20	26	53	68	135	178	273	347	400	429	415	390	389	330	342	287	198	171	109	112	77	 4877
11/29/10	Mon	42	23	13	18	27	85	224	456	452	276	352	381	406	327	380	594	617	643	417	223	169	149	109	73	 6456
11/30/10	Tue	50	26	17	18	27	95	234	470	450	329	341	350	402	366	425	574	648	732	483	253	188	142	115	60	 6795
12/01/10	Wed	50	20	21	16	24	77	227	435	428	287	298	392	411	381	407	573	670	719	472	230	191	160	100	83	 6672
12/02/10	Thu	33	25	5	13	33	70	244	426	404	303	336	337	398	356	371	616	734	723	465	264	170	185	116	83	 6710
12/03/10	Fri	36	16	21	13	27	73	234	415	426	329	382	393	425	370	371	697	756	758	537	309	217	181	169	94	 7249
12/04/10	Sat	69	36	28	17	29	42	102	175	282	347	458	536	471	496	478	494	518	460	353	245	194	195	145	132	 6302
12/05/10	Sun	52	39	25	15	27	24	52	112	192	266	340	363	398	377	440	416	399	327	275	251	173	136	100	67	 4866
12/06/10	Mon	29	11	11	10	24	85	233	441	457	315	313	339	403	367	375	591	666	654	395	248	178	144	92	65	 6446
12/07/10	Tue	30	14	15	19	21	89	225	421	398	367	295	340	405	361	380	581	644	762	456	292	203	165	119	70	 6672
12/08/10	Wed	39	21	6	15	36	93	226	402	511	283	359	352	395	362	434	575	662	741	452	234	194	150	109	64	 6715
12/09/10	Thu	33	23	13	25	23	78	233	409	426	327	324	337	411	350	395	570	670	727	478	271	207	183	126	79	 6718
12/10/10	Fri	45	20	16	12	30	72	214	385	389	325	368	439	415	421	427	632	749	773	549	353	233	214	175	131	 7387
12/11/10	Sat	63	47	26	22	31	39	85	163	291	379	469	499	518	483	447	488	445	429	414	227	189	196	179	145	 6274
12/12/10	Sun	85	51	30	32	20	27	61	106	157	306	355	408	419	461	372	428	421	373	255	244	158	140	121	77	 5107
12/13/10	Mon	46	14	11	8	38	81	251	434	422	314	339	384	436	367	398	564	713	773	415	248	164	157	97	81	 6755
12/14/10	Tue	32	20	8	17	31	86	229	451	435	342	332	338	414	359	390	577	751	751	464	264	187	145	113	66	 6802
12/15/10	Wed	37	20	11	13	34	83	230	448	430	356	355	383	476	418	400	610	727	770	498	261	208	188	109	75	 7140
12/16/10	Thu	26	28	22	18	32	84	242	436	404	309	308	436	395	364	408	604	759	721	500	332	205	197	145	83	 7058
12/17/10	Fri	52	29	16	15	32	88	214	315	397	348	388	470	489	438	455	593	707	703	495	341	221	229	194	124	 7353
12/18/10	Sat	83	51	43	20	32	48	94	195	262	405	467	499	525	532	462	459	481	422	372	267	254	232	195	132	 6532
12/19/10	Sun	83	68	30	17	36	40	67	136	186	297	369	448	511	495	414	397	370	404	297	268	188	179	103	109	 5512
12/20/10	Mon	56	16	13	14	37	90	204	312	327	344	398	423	498	440	457	572	668	722	437	244	204	177	133	99	 6885
12/21/10	Tue	61	43	16	14	44	98	180	334	324	341	396	466	459	388	442	512	636	736	443	271	219	188	133	90	 6834
12/22/10	Wed	83	30	14	13	41	95	192	329	326	346	405	450	447	392	483	564	639	715	501	312	243	208	149	100	 7077
12/23/10	Thu	67	32	29	19	40	90	180	295	302	361	442	495	497	472	551	665	625	578	405	308	245	235	154	134	 7221
12/24/10	Fri	58	48	22	16	39	59	108	174	271	408	477	509	497	472	471	466	439	439	382	253	314	274	248	141	 6585
12/25/10	Sat	86	62	49	7	16	16	40	67	126	183	263	287	315	329	347	336	343	356	322	306	274	211	133	103	 4577
12/26/10	Sun	49	29	8	11	21	38	72	100	175	299	335	411	446	400	420	389	390	372	314	248	185	155	108	91	 5066
12/27/10	Mon	39	38	19	10	42	81	157	311	288	307	355	413	423	467	467	501	604	548	348	237	189	165	132	88	 6229
12/28/10	Tue	45	25	15	15	36	81	166	313	306	293	374	396	411	418	447	470	637	680	429	272	181	158	120	80	 6368
12/29/10	Wed	59	31	12	16	32	91	174	309	290	303	381	433	462	411	444	532	625	651	399	242	207	191	130	92	 6517
12/30/10	Thu	56	41	25	18	27	86	159	323	271	354	416	403	405	400	418	462	459	384	243	140	137	115	113	67	 5522
12/31/10	Fri	69	55	27	22	18	56	110	158	155	232	285	312	381	401	351	367	353	342	283	211	197	157	132	68	 4742