01/01/10	Fri	684	809	617	471	401	505	657	861	1126	1341	1707	1933	2023	2060	2098	2219	2200	1949	1879	1626	1148	1103	825	601	 30843
01/02/10	Sat	399	314	255	266	389	608	1028	1365	1943	2108	2455	2791	2916	2836	2763	2763	2672	2449	2118	1732	1398	1481	1287	937	 39273
01/03/10	Sun	572	419	322	264	342	590	874	1054	1486	1851	2259	2439	2886	2821	2555	2335	2402	2564	2110	1488	1126	891	693	433	 34776
01/04/10	Mon	279	205	192	250	702	1856	3950	4516	3978	3063	2603	2777	3007	2960	3028	3144	3068	3354	2328	1359	1093	1017	651	401	 49781
01/05/10	Tue	238	185	212	264	618	1889	4020	5017	4062	3033	2824	2799	2955	2935	3005	3190	3168	3208	2386	1495	1120	1020	731	416	 50790
01/06/10	Wed	236	187	192	280	637	1777	3845	4851	4009	3069	2554	2579	2613	2582	2334	2285	1899	1897	1684	963	786	631	394	261	 42545
01/07/10	Thu	145	144	140	190	493	1616	3248	3603	3255	2570	2316	2524	2610	2682	2616	2808	2734	2761	2083	1395	1069	1037	771	395	 43205
01/08/10	Fri	233	219	212	253	547	1573	3750	4430	4070	3038	2914	3005	3250	3070	3081	3104	3117	2981	2549	1912	1406	1254	960	642	 51570
01/09/10	Sat	472	318	334	251	320	640	1194	1472	2149	2439	2908	3140	3105	3068	3027	2942	2780	2818	2551	1941	1393	1301	1059	708	 42330
01/10/10	Sun	539	413	330	247	256	533	908	1026	1522	1894	2260	2508	2889	2820	2675	2459	2627	2300	2043	1559	1199	928	613	419	 34967
01/11/10	Mon	265	196	182	261	616	1901	4166	4667	4448	3024	2739	2747	3004	2908	2947	3192	2986	3154	2428	1425	1042	999	605	397	 50299
01/12/10	Tue	187	180	188	276	592	1785	4128	4642	4259	3143	2821	2937	2815	2896	2951	3215	3103	3215	2412	1579	1127	1064	694	441	 50650
01/13/10	Wed	230	168	194	265	609	1765	4140	4986	4143	3201	2806	2835	2956	2860	3042	3213	3374	3342	2549	1560	1233	1153	694	383	 51701
01/14/10	Thu	229	182	223	257	641	1798	4022	4977	4081	3047	2816	2885	3004	2958	2970	3260	3385	3276	2327	1542	1283	1279	820	476	 51738
01/15/10	Fri	230	215	247	285	608	1694	3725	4630	4202	3173	3150	3170	3378	3290	3254	3451	3217	3362	2849	1803	1491	1458	1005	705	 54592
01/16/10	Sat	436	385	289	283	334	590	1083	1491	2212	2686	2895	3070	3207	3005	2962	2939	2979	3000	2565	1864	1416	1454	1086	840	 43071
01/17/10	Sun	530	451	336	245	235	454	768	937	1440	1899	2324	2555	2651	2770	2799	2690	2687	2313	2053	1383	1243	1267	843	479	 35352
01/18/10	Mon	366	270	219	290	656	1590	3319	4068	3688	3318	3200	3521	3430	3521	3728	3456	3374	3331	2536	1597	1135	1009	617	375	 52614
01/19/10	Tue	235	188	153	248	663	1888	4233	5249	4444	3296	2908	2950	3042	3004	3023	3222	3213	3139	2174	1442	1166	1005	670	359	 51914
01/20/10	Wed	225	199	177	246	627	1771	4166	5192	4240	3130	2774	2777	3042	3022	2912	3123	3199	3105	2340	1466	1247	1092	650	446	 51168
01/21/10	Thu	241	181	194	251	594	1713	4018	5165	4313	3114	2817	2848	2900	3000	2913	3353	3268	3244	2422	1713	1301	1176	761	482	 51982
01/22/10	Fri	240	210	242	293	578	1653	3759	4916	4168	3094	2899	3022	3266	3350	3149	3489	3483	3374	2767	1817	1362	1337	986	642	 54096
01/23/10	Sat	468	356	312	279	324	584	1083	1547	2173	2555	2677	2759	2988	3112	3023	3023	3401	3215	2561	1761	1368	1283	1062	671	 42585
01/24/10	Sun	524	410	325	257	251	469	757	929	1408	1770	2174	2384	2632	2653	2397	2342	2635	2164	1822	1338	1371	1074	699	395	 33180
01/25/10	Mon	284	198	178	240	627	1851	4130	4876	4298	3015	2786	2614	2910	2863	2844	3020	2913	2957	2340	1353	997	983	620	353	 49250
01/26/10	Tue	215	183	186	262	615	1769	4124	5117	4244	3015	2741	2764	2898	2842	2902	3189	3042	3009	2199	1427	1172	1029	662	400	 50006
01/27/10	Wed	216	196	178	268	607	1717	4112	5008	4108	2980	2737	2756	2900	2968	2810	3114	3137	3040	2156	1457	1203	1059	672	427	 49826
01/28/10	Thu	229	177	200	278	599	1740	3940	4817	3841	2871	2518	2555	2771	2798	2723	2983	3038	2985	2285	1478	1278	1060	752	433	 48349
01/29/10	Fri	235	226	233	275	573	1661	3880	5093	4068	3024	2892	2954	3059	3200	3184	3302	3029	3238	2546	1850	1581	1306	979	714	 53102
01/30/10	Sat	483	381	326	277	308	579	1095	1584	2286	2505	2780	2833	2981	2924	2910	2799	2762	2940	2669	2008	1625	1399	1163	810	 42427
01/31/10	Sun	546	466	353	304	264	457	776	991	1563	1945	2408	2540	2856	3012	2760	2736	2902	2625	2060	1765	1428	1030	719	408	 36914
02/01/10	Mon	288	177	190	268	652	1853	4213	5033	4253	3063	2659	2877	2999	2955	2995	3257	3168	3079	2325	1312	1089	995	605	350	 50655
02/02/10	Tue	206	182	194	247	598	1844	4143	4973	4171	3096	2774	2693	2782	2968	2823	3223	3176	3223	2411	1438	1157	1067	714	406	 50509
02/03/10	Wed	256	194	190	289	589	1820	4226	5072	4124	3128	2787	2842	2868	2802	2895	3237	3233	3115	2367	1638	1287	1084	750	427	 51220
02/04/10	Thu	203	199	219	272	593	1786	3992	5097	4039	3070	2715	2822	3063	2987	2909	3179	3120	2986	2335	1619	1288	1207	789	506	 50995
02/05/10	Fri	255	236	242	290	620	1690	3885	4833	4096	3090	2959	3086	3218	3258	3275	3529	3270	3280	2648	1854	1444	1354	1198	770	 54380
02/06/10	Sat	452	395	311	294	340	630	1083	1638	2176	2481	2802	2848	2995	2945	2937	2934	3060	2768	2370	1904	1419	1386	1174	885	 42227
02/07/10	Sun	597	409	368	284	291	488	774	969	1342	1580	1866	1974	2238	2275	2298	2496	2053	1224	1070	868	1644	933	568	374	 28983
02/08/10	Mon	212	157	163	283	655	1808	3605	2843	2363	2629	2179	2175	2462	2340	2420	2577	2551	2295	1731	1151	810	844	506	353	 39112
02/09/10	Tue	193	168	183	276	633	1825	4102	4599	3882	2819	2679	2673	2782	2782	2798	2982	3068	3100	2315	1417	1183	1018	709	403	 48589
02/10/10	Wed	219	192	176	256	578	1777	4176	5004	4155	2999	2834	2767	3042	2918	2959	3148	3126	3131	2368	1553	1354	1111	700	388	 50931
02/11/10	Thu	246	202	205	269	694	1796	4173	5028	4115	3030	2856	2912	3040	3026	2973	3356	3371	3918	2468	1926	1445	1248	809	509	 53615
02/12/10	Fri	300	232	249	311	629	1774	3916	4709	3803	3125	3152	3271	3400	3305	3383	3366	3310	3113	2616	1914	1566	1410	1093	726	 54673
02/13/10	Sat	459	365	323	297	357	613	1076	1564	2143	2520	2673	2979	2986	2983	2928	2868	2897	2768	2525	1961	1766	1558	1241	758	 42608
02/14/10	Sun	579	428	383	285	242	401	655	783	1130	1451	1820	2123	2443	2468	2464	2400	2606	2452	2134	1575	1322	1146	814	552	 32656
02/15/10	Mon	380	276	251	304	630	1539	3231	3929	3585	3140	3099	3158	3354	3332	3243	3120	3098	3053	2399	1581	1226	1028	605	404	 49965
02/16/10	Tue	228	198	177	297	722	1903	4260	5045	4228	3187	2902	2934	3252	3121	3005	3405	3145	3135	2299	1466	1289	1106	750	421	 52475
02/17/10	Wed	217	231	218	271	672	1871	4183	5046	4163	3241	2869	2962	3084	2986	3012	3051	3159	3165	2261	1597	1266	1160	797	404	 51886
02/18/10	Thu	238	199	220	295	652	1917	4194	5061	3843	3114	2851	2896	3043	2958	3083	3046	2815	2368	1928	1220	990	936	603	338	 48808
02/19/10	Fri	188	208	220	295	619	1733	3784	4270	3496	2829	2589	2799	3057	2939	2969	3186	2810	2576	2323	1599	1272	1124	873	536	 48294
02/20/10	Sat	328	279	270	245	347	634	1060	1460	1901	2185	2609	2767	2882	2739	2770	2621	2593	2566	2380	1777	1508	1188	1075	588	 38772
02/21/10	Sun	415	310	267	261	263	500	755	950	1468	1781	2106	2316	2591	2578	2230	2096	2103	1945	1682	1469	1151	897	577	355	 31066
02/22/10	Mon	223	169	198	251	713	1853	3829	3823	3558	2843	2573	2666	2731	2726	2775	3074	2793	3015	2305	1414	1098	1012	630	408	 46680
02/23/10	Tue	235	167	186	250	644	1866	4352	5032	4043	2950	2657	2827	2681	2653	2666	2833	2708	2926	2309	1531	1293	1086	732	428	 49055
02/24/10	Wed	210	218	178	274	654	1912	4297	5100	4027	3044	2796	2858	2838	2745	2967	3111	3172	3179	2263	1534	1340	1110	693	407	 50927
02/25/10	Thu	267	193	196	272	638	1917	4323	5049	3942	3047	2842	2837	3036	3003	3026	3237	3044	2799	2122	1576	1202	1081	649	433	 50731
02/26/10	Fri	243	185	234	262	616	1694	3874	4678	3922	2896	2570	3022	3077	3154	3140	3477	3188	3370	2853	1979	1522	1414	952	657	 52979
02/27/10	Sat	507	366	347	302	355	622	1224	1606	2243	2531	2796	2798	2903	2905	2932	2954	3039	3059	2711	1994	1662	1489	1150	695	 43190
02/28/10	Sun	578	459	390	283	305	553	821	1093	1621	1906	2284	2466	2822	2704	2777	2530	2785	2357	1829	1459	1251	959	676	429	 35337
03/01/10	Mon	283	192	224	295	707	2007	4373	5096	3911	3039	2850	2729	3006	2993	2942	3327	3140	2973	2452	1456	1065	980	657	405	 51102
03/02/10	Tue	191	218	202	275	685	1960	4374	4603	4127	3111	2868	2842	2896	2913	2922	3245	3158	3302	2418	1527	1233	1093	698	404	 51265
03/03/10	Wed	248	211	199	285	661	1946	4380	5208	4046	3009	2916	2985	3206	2991	3041	3265	3210	3305	2479	1510	1322	1232	702	422	 52779
03/04/10	Thu	246	219	220	287	647	1914	4353	5133	4015	3027	2889	3087	3158	3109	3218	3279	3272	3278	2620	1691	1372	1304	802	447	 53587
03/05/10	Fri	320	234	244	327	675	1804	4111	4846	3966	3192	3025	3263	3341	3333	3398	3459	3381	3426	2952	1949	1555	1352	1079	741	 55973
03/06/10	Sat	462	379	304	298	358	657	1248	1659	2384	2660	2906	3025	3105	3161	3087	3233	3235	3204	2905	1836	1559	1474	1133	725	 44997
03/07/10	Sun	531	464	381	308	307	482	919	1080	1663	2047	2442	2646	2865	2977	2881	2759	2814	2655	2333	1708	1234	947	786	440	 37669
03/08/10	Mon	279	185	205	290	712	1905	4486	5056	4149	3035	2757	2711	2858	2863	2781	3137	3150	2911	2224	1356	1053	957	601	398	 50059
03/09/10	Tue	218	209	195	276	660	1963	4521	5037	4063	3033	2806	2805	2907	2896	2989	3223	3202	3214	2286	1406	1170	996	726	383	 51184
03/10/10	Wed	222	222	183	275	706	1901	4414	5148	4026	3125	2837	2845	3141	3038	3005	3226	3058	3074	2285	1480	1278	1119	604	407	 51619
03/11/10	Thu	216	175	216	291	696	1930	4358	5090	4033	3070	2868	2787	3076	2966	3033	3342	3222	3255	2559	1699	1413	1226	752	446	 52719
03/12/10	Fri	317	217	223	298	699	1882	4123	5007	3955	3207	3211	3227	3377	3304	3331	3593	3257	3288	3027	1928	1575	1453	1058	677	 56234
03/13/10	Sat	480	372	323	324	372	689	1256	1882	2661	3200	3180	3143	3239	3074	3123	3321	3023	2998	2787	1932	1600	1380	1181	820	 46360
03/15/10	Mon	308	201	196	310	751	1939	4150	4996	4100	2971	2733	2879	3095	2929	2943	3357	3254	3031	2264	1648	1326	1186	708	436	 51711
03/16/10	Tue	253	230	215	291	690	1988	4268	5047	4344	3251	3060	3122	3333	3116	3187	4032	3540	3286	2594	1860	1429	1301	828	482	 55747
03/17/10	Wed	284	236	213	328	718	1967	4300	4928	4401	3385	3153	3202	3104	3051	3108	3434	3231	3306	2737	1892	1587	1303	917	535	 55320
03/18/10	Thu	325	282	266	344	738	1986	4290	5084	4239	3473	3339	3158	3341	3301	3289	3639	3368	3333	2878	2037	1777	1477	910	586	 57460
03/19/10	Fri	327	282	259	332	634	1723	3452	3781	3005	2529	2409	2620	2476	2344	2374	2562	1868	1920	1579	1195	945	870	689	424	 40599
03/20/10	Sat	290	201	208	208	324	602	969	1336	1824	2270	2713	3018	3122	3124	2994	2987	2820	2977	2498	1953	1558	1500	1199	793	 41488
03/21/10	Sun	565	442	354	306	367	564	935	1120	1566	2131	2570	2762	3064	3066	2911	2847	2798	2608	2247	1740	1365	1132	774	449	 38683
03/22/10	Mon	317	241	233	295	750	1993	4239	5238	4171	3082	2947	2898	3045	3027	3011	3472	3232	3125	2368	1664	1322	1085	664	351	 52770
03/23/10	Tue	236	222	221	280	694	2044	4379	4847	3973	3118	2804	2950	3117	2958	3195	3170	2931	2170	1345	828	586	374	336	236	 47014
03/24/10	Wed	148	121	170	289	518	1347	2181	1950	1841	2004	1797	1919	2196	2143	2182	2316	2339	2402	1946	1145	453	336	282	481	 32506
03/25/10	Thu	247	205	224	314	790	1948	4161	4281	4099	3052	2862	2972	3049	2865	3087	3282	3282	3200	2561	1482	415	433	400	276	 49487
03/26/10	Fri	136	166	213	293	408	1276	3523	4915	4008	3239	3116	3283	3268	3363	3216	3455	3163	2988	2459	1793	1477	1366	963	580	 52667
03/27/10	Sat	466	337	258	278	377	723	1077	1458	2004	2153	2550	2714	2924	2850	2776	2786	2779	2726	2642	1900	1580	1367	1170	727	 40622
03/28/10	Sun	533	433	316	308	352	589	865	1057	1435	1933	2273	2436	2878	2735	2883	2648	2724	2575	2226	1691	1441	1130	776	475	 36712
03/29/10	Mon	320	238	190	349	762	1835	4070	4692	3918	3160	2858	2815	3037	2954	2943	3162	3165	3064	2201	1560	1291	1069	708	371	 50732
03/30/10	Tue	216	202	195	287	663	1936	4113	4748	3795	3204	3031	3094	3063	3108	3076	3323	3214	3183	2342	1759	1399	1268	808	444	 52471
03/31/10	Wed	270	237	188	292	691	1836	4150	4768	3841	3371	3103	3100	3199	3180	3163	3274	3330	3222	2581	1738	1423	1346	818	439	 53560
04/01/10	Thu	298	242	201	326	701	1838	3932	4558	3764	3146	2934	3071	3105	3052	2935	3281	3254	3332	2606	1910	1534	1285	809	495	 52609
04/02/10	Fri	285	249	225	306	598	1646	3383	3952	3510	3181	3112	3255	3402	3491	3439	3422	3430	3246	2845	2030	1727	1505	1101	641	 53981
04/03/10	Sat	511	358	286	269	384	654	1037	1520	2117	2440	2752	3063	3258	3343	2915	2868	2800	2735	2451	1865	1551	1449	1235	779	 42640
04/04/10	Sun	517	385	319	279	292	451	749	1021	1480	1809	2198	2494	2775	2715	2420	2642	2775	2591	2351	2056	1579	1099	742	464	 36203
04/05/10	Mon	302	190	197	337	767	2077	4403	5166	4037	3215	2843	2910	3072	3032	3004	3063	3209	3090	2285	1552	1242	1101	682	375	 52151
04/06/10	Tue	209	178	208	312	700	2057	4394	4911	4142	3060	2766	2903	2961	2942	3000	3233	3342	3119	2238	1518	1277	1225	658	395	 51748
04/07/10	Wed	226	195	181	267	670	1938	4230	4786	3773	2826	2768	2724	2955	3020	2802	3168	3124	3271	2400	1698	1402	1240	822	449	 50935
04/08/10	Thu	261	221	212	320	739	2039	4407	5004	4267	3129	2900	2971	3174	3068	3142	3347	3332	3442	2626	2159	1504	1344	787	464	 54859
04/09/10	Fri	284	249	224	320	747	1915	4216	4963	4119	3323	3426	3657	3724	3287	3149	3497	3335	3050	2915	2073	1653	1526	1083	693	 57428
04/10/10	Sat	503	372	304	329	418	796	1296	1879	2558	2751	2943	3152	3162	3029	3170	3230	3287	3164	1665	1466	1540	1481	1239	830	 44564
04/11/10	Sun	555	445	348	278	327	617	935	1160	1635	2027	2597	2897	3330	2957	2838	2738	2832	2563	2168	1710	1431	1014	766	499	 38667
04/12/10	Mon	298	208	191	324	790	2108	4492	5250	4055	3088	2840	2859	2943	2980	3069	3207	3221	3092	2365	1590	1257	1048	634	349	 52258
04/13/10	Tue	219	178	215	286	713	2128	4699	4652	4292	3193	2885	2828	3016	2918	3020	3364	3244	3143	2321	1698	1350	1166	825	408	 52761
04/14/10	Wed	210	201	188	276	720	2070	4536	5109	4009	3091	2881	2845	2849	2862	3028	3355	3370	3317	2464	1709	1463	1193	788	469	 53003
04/15/10	Thu	272	234	214	335	775	2109	4375	5180	4095	3190	3099	3088	3252	3085	3048	3415	3218	3087	2406	1930	1570	1314	822	490	 54603
04/16/10	Fri	280	251	235	341	692	1935	4285	4976	3978	3098	2903	3206	3099	3087	3114	3468	3316	3273	2673	1906	1695	1388	1095	714	 55008
04/17/10	Sat	513	409	290	292	375	743	1245	1810	2234	2475	2678	2794	3001	3020	2798	2722	2766	2775	2501	1991	1585	1415	1169	805	 42406
04/18/10	Sun	523	412	364	271	296	481	816	1099	1431	1948	2259	2443	2817	2888	2936	2798	2955	2686	2457	1734	1443	1088	818	487	 37450
04/19/10	Mon	287	216	212	305	765	2077	4447	5223	3940	2955	2707	2872	3080	2973	2840	3326	3222	2999	2227	1747	1289	1024	682	350	 51765
04/20/10	Tue	276	192	186	303	691	2117	4615	5205	4042	3108	2811	2790	3034	2935	2983	3335	3173	3104	2499	1857	1359	1234	718	437	 53004
04/21/10	Wed	248	232	177	311	722	2074	4556	5188	4095	3147	2757	2846	2924	2928	2961	3246	3264	3185	2220	1757	1429	1130	711	390	 52498
05/12/10	Wed	229	157	168	257	585	1763	3919	4789	3985	2999	2504	2849	2872	2837	2659	2973	2777	2939	2274	1532	1269	1098	771	474	 48679
05/13/10	Thu	263	220	208	256	636	1726	3974	5152	4251	3171	2789	2867	2931	2989	2986	3388	3296	3306	2523	1833	1433	1416	895	583	 53092
05/14/10	Fri	300	246	226	269	633	1645	3768	4913	4175	3217	2872	2981	3322	3285	3297	3493	2901	2869	2016	1903	1617	1459	1164	739	 53310
05/15/10	Sat	468	384	330	266	350	640	1237	1781	2394	2490	2617	2967	3113	2913	2949	2878	3006	2943	2445	1966	1657	1596	1437	890	 43717
05/16/10	Sun	559	423	360	315	337	644	936	1169	1674	1928	2228	2548	3053	2773	2726	2633	2740	2566	2162	1787	1541	1244	838	559	 37743
05/17/10	Mon	343	210	234	261	722	1809	4108	4854	4102	3074	2664	2720	2831	2866	2922	3081	3028	3059	2302	1711	1432	1194	728	417	 50672
05/18/10	Tue	270	197	203	244	607	1753	3976	4933	4078	3063	2667	2827	2850	2832	2855	3083	2993	3087	2355	1784	1398	1171	833	525	 50584
05/19/10	Wed	300	226	190	273	642	1784	4159	4952	4068	3004	2858	2789	2940	2975	2892	3182	3104	3266	2558	1818	1496	1247	857	435	 52015
05/20/10	Thu	288	222	235	262	630	1791	3955	4776	3991	3134	2748	2798	2979	2914	3040	3300	3121	3330	2759	2002	1786	1464	999	537	 53061
05/21/10	Fri	305	225	220	274	624	1629	3613	4619	3960	3367	2936	3069	3123	2992	3109	3470	3215	3264	2633	2185	1787	1751	1272	826	 54468
05/22/10	Sat	500	366	331	259	342	630	1175	1623	2264	2410	2608	2748	2812	2947	2933	2821	2795	2821	2491	2006	1713	1581	1240	872	 42288
05/23/10	Sun	547	400	365	286	301	497	850	920	1342	1765	2054	2359	2668	2819	2729	2796	2735	2596	2216	1814	1496	1268	910	552	 36285
05/24/10	Mon	352	207	206	287	725	1750	3950	4745	4211	3027	2730	2726	2646	2683	2909	2965	2934	2846	2232	1614	1332	1156	753	441	 49427
05/25/10	Tue	264	202	210	267	632	1829	4182	4840	4073	3089	2817	2782	2913	2928	2989	3253	3261	3367	2790	1935	1531	1470	932	475	 53031
05/26/10	Wed	297	210	171	277	670	1736	3918	4754	4094	3061	2772	2863	2941	2983	2958	3293	3265	3120	2919	1780	1545	1433	889	545	 52494
05/27/10	Thu	310	228	246	272	651	1716	3744	4824	3958	3408	2936	3063	3252	2992	3137	3198	3165	3072	2686	1979	1695	1551	1060	619	 53762
05/28/10	Fri	330	239	219	304	658	1482	3355	4292	3789	3242	3083	3136	3238	3174	3277	3487	3253	3312	2865	2073	1725	1691	1368	857	 54449
05/29/10	Sat	496	365	303	299	379	632	1067	1419	2072	2477	2593	2640	2742	2822	2828	2998	3076	3072	2713	1871	1530	1447	1157	932	 41930
05/30/10	Sun	590	439	386	277	267	404	754	968	1316	1814	2128	2458	2817	2651	2680	2571	2553	2281	2188	1902	1747	1500	1134	930	 36755
05/31/10	Mon	534	371	269	247	325	491	895	1061	1361	1731	2019	2307	2417	2594	2538	2588	2444	2323	2143	1830	1601	1319	838	500	 34746
06/01/10	Tue	314	209	189	277	630	1780	3934	4726	3986	3412	2966	2853	3064	3025	3169	3205	3208	3273	2440	1841	1335	1402	901	672	 52811
06/02/10	Wed	504	235	198	295	667	1880	3915	4722	3900	3165	2877	2910	3044	3110	3070	3107	3100	3309	2557	1955	1479	1449	1090	688	 53226
06/03/10	Thu	352	277	246	312	732	1765	3792	4744	3964	3149	2847	2953	3078	3116	3074	3164	3310	3344	2818	1923	1653	1500	971	667	 53751
06/04/10	Fri	507	251	272	329	651	1742	3645	4523	3951	3130	3001	3145	3277	3331	3222	3253	3219	3313	2879	2360	2101	1993	1625	1057	 56777
06/05/10	Sat	774	587	352	335	368	756	1411	2056	2346	2575	2685	2819	2945	2971	2996	2853	3004	2913	2879	2165	2016	1856	1519	1049	 46230
06/06/10	Sun	773	471	344	285	311	492	894	1161	1637	2050	2360	2496	2815	2841	2887	2898	2933	2604	2299	1866	1607	1403	1038	737	 39202
06/07/10	Mon	381	242	227	289	694	1772	3840	4911	4049	3205	2883	2897	3056	2920	2963	3157	3142	3212	2476	1782	1555	1335	820	502	 52310
06/09/10	Wed	300	207	193	281	681	1788	3957	4840	4089	3260	2844	2968	2993	2979	3089	3293	3122	3294	2821	1961	1749	1574	1037	773	 54093
06/10/10	Thu	370	248	223	288	697	1775	3833	4834	4077	3428	3115	3505	3467	3054	3049	3235	3283	3205	2746	1999	1571	1552	1030	722	 55306
06/11/10	Fri	395	239	282	283	645	1713	3445	4107	3716	3093	3090	3130	3247	3250	3401	2976	3422	3400	2887	1966	1476	1369	1222	922	 53676
06/12/10	Sat	665	390	284	282	348	685	1150	1509	1939	2151	2312	2549	2690	2578	2722	2737	2644	2573	2209	1725	1481	1454	1222	825	 39124
06/13/10	Sun	561	385	348	247	350	472	784	914	1259	1699	2060	2222	2554	2416	2448	2372	2539	2348	1948	1490	1235	1106	770	534	 33061
06/14/10	Mon	365	232	223	287	701	1739	3756	4697	4016	2992	2668	2941	3100	3026	2996	3139	3059	3147	2326	1785	1531	1280	848	492	 51346
06/15/10	Tue	280	208	224	255	707	1804	3957	4832	4049	3196	2879	2951	3077	3026	3056	3174	3060	3262	2529	1853	1660	1463	1048	759	 53309
06/16/10	Wed	410	231	208	265	658	1821	3867	4848	3991	3096	2948	2986	2999	3111	3044	3187	3305	3223	2574	2081	1716	1505	1010	606	 53690
06/17/10	Thu	323	209	222	298	664	1853	3655	4842	4065	3349	2896	3007	3065	3016	3087	3267	3083	3289	2739	2070	1691	1594	1090	647	 54021
06/18/10	Fri	358	287	259	299	624	1755	3604	4500	3812	3164	3226	3159	3357	3239	3254	3283	3205	3216	2911	2181	1805	1682	1492	975	 55647
06/19/10	Sat	551	378	325	269	359	728	1238	1519	2174	2424	2650	2764	2735	2912	2879	3044	3099	3143	2602	2062	1874	1772	1525	1058	 44084
07/03/10	Sat	518	364	350	290	377	628	1076	1373	1700	2240	2286	2456	2527	2650	2510	2705	2763	1490	2426	2034	1688	1620	1644	1405	 39120
07/04/10	Sun	788	562	381	304	264	422	710	855	1082	1512	1744	2086	2298	2239	2227	2207	2427	2115	2323	1531	1605	1464	1298	1197	 33641
07/05/10	Mon	611	372	265	287	366	634	1098	1434	1824	2088	2360	2567	2583	2763	2714	2787	2726	2421	2512	2046	1861	1433	1073	641	 39466
07/06/10	Tue	324	217	224	314	707	1964	4106	5044	4077	3319	3096	3155	3213	3078	3225	3474	3357	3632	2802	1926	1488	1391	1060	566	 55759
07/07/10	Wed	331	229	210	228	380	1176	2771	4290	4245	3296	2948	3098	3088	3074	3264	3589	3283	3189	2700	1790	1443	1336	985	579	 51522
07/08/10	Thu	314	255	221	302	620	1905	4032	4402	4186	3338	3074	3280	3459	3165	3105	3173	3210	3166	2612	1884	1545	1408	1062	654	 54372
07/09/10	Fri	396	282	241	310	651	1818	3817	4738	4127	3394	3214	3262	3165	3291	3397	3373	3231	3317	3261	2348	1784	1808	1480	1023	 57728
07/10/10	Sat	557	429	367	342	409	743	1284	1620	2121	2565	2716	2861	2890	2927	3084	3131	3228	3106	2543	2119	1840	1846	1598	1062	 45388
07/11/10	Sun	813	497	403	291	354	496	904	1081	1506	2029	2466	2827	3027	2731	2611	2933	2912	2375	2491	2007	1731	1381	1042	609	 39517
07/12/10	Mon	355	201	233	317	700	1978	4066	5158	4114	3233	2941	3083	3105	2997	3020	3151	3165	3124	2513	1790	1415	1365	822	726	 53572
07/13/10	Tue	349	245	228	279	645	1945	4195	4637	3795	3271	2950	3133	3044	3087	3219	3215	3233	3257	2625	1788	1513	1487	1093	809	 54042
07/14/10	Wed	390	178	224	287	672	1904	4143	4977	4112	3349	3000	3026	3147	3109	3070	3186	3274	3407	2649	2138	1542	1381	1052	590	 54807
07/15/10	Thu	344	272	228	294	695	1829	3994	5035	4024	3327	3015	3141	3152	3176	3221	3298	3227	3258	2982	2078	1781	1716	1128	915	 56130
07/16/10	Fri	457	296	258	352	603	1800	3789	4790	3868	3320	3312	3225	2482	3415	3324	3431	3103	3116	2804	2258	1866	1777	1423	996	 56065
07/17/10	Sat	624	474	546	398	436	722	1278	1520	1910	2411	2536	2674	2852	2731	2845	2880	2930	2762	2837	2326	1929	1851	1572	1053	 44097
07/18/10	Sun	677	585	560	327	363	571	913	1152	1536	1984	2349	2538	2721	2668	2758	2526	2442	2737	2543	2368	1958	1453	1208	689	 39626
07/19/10	Mon	464	258	231	304	724	1911	4175	5028	4009	3163	3076	3025	3044	3047	3089	3209	3035	3078	2636	1857	1476	1199	907	557	 53502
07/20/10	Tue	300	254	222	346	673	1944	4221	5097	4177	3276	2942	3023	3062	3106	3127	3072	3011	2801	2768	1982	1512	1417	1027	754	 54114
07/21/10	Wed	429	258	203	289	721	1867	4076	5054	3965	3291	3005	3142	3163	3034	3348	3287	3172	3360	2583	2050	1783	1455	1095	632	 55262
07/22/10	Thu	414	275	255	279	695	1909	4016	4824	4184	3317	3101	2863	3140	3167	2841	3332	3149	3353	2826	2055	1774	1671	1173	634	 55247
07/23/10	Fri	389	318	263	311	641	1780	3734	4630	3878	3117	3269	3255	3321	3284	3410	3335	3174	3122	2748	2242	1888	1826	1514	1068	 56517
07/24/10	Sat	777	438	337	366	388	713	1231	1552	2089	2418	2597	2733	2755	2740	2897	3029	3066	3065	2891	2339	2016	1877	1536	824	 44674
07/25/10	Sun	564	556	399	313	354	513	870	994	1496	1921	2274	2500	2726	2868	2863	2947	3257	2993	2599	2087	1923	1635	1149	677	 40478
07/26/10	Mon	595	341	244	351	745	1910	4067	4991	4176	3383	3098	3142	3279	3111	3107	3259	3098	3096	2547	1867	1622	1317	779	469	 54594
07/27/10	Tue	343	223	227	299	707	1974	4203	5004	4141	3378	2970	3068	3147	3048	3380	3377	3371	3543	2816	2029	1530	1453	1070	726	 56027
07/28/10	Wed	347	221	236	298	734	1901	4141	5000	3700	3361	2738	2768	3191	3167	3260	3444	3406	3611	3017	2196	1713	1582	1128	666	 55826
07/29/10	Thu	358	262	236	302	629	1498	2995	4376	4212	3467	3197	3426	3220	3176	3152	3404	3219	3094	2756	2217	1765	1621	1244	782	 54608
07/30/10	Fri	349	293	289	296	661	1434	2748	3531	4004	3426	3263	3286	3262	3096	3559	3540	3447	3417	3050	1663	1761	1590	1280	1015	 54260
07/31/10	Sat	634	437	386	330	443	716	1259	1616	2260	2530	2687	2951	3002	3078	2979	3338	3210	3060	2714	2161	1910	1834	1478	1272	 46285
08/01/10	Sun	889	480	422	303	357	573	912	1060	1545	2186	2469	2760	3056	2788	2660	2920	2832	2785	2473	1919	1829	1544	1085	628	 40475
08/02/10	Mon	351	277	229	341	712	1888	4168	5128	4184	3216	2748	2998	3122	3161	3170	3320	3290	3489	2363	1873	1397	1309	838	542	 54114
08/03/10	Tue	292	235	205	317	694	1933	4257	5235	4186	3207	3058	3096	3078	3129	3171	3333	3301	3641	2948	1750	1601	1411	1102	824	 56004
08/04/10	Wed	336	253	224	321	691	1846	4121	4959	4290	3307	3014	3243	3399	3147	3030	3353	3240	3022	2753	1913	1800	1493	1211	660	 55626
08/05/10	Thu	348	251	238	311	709	1880	4001	5028	4288	3472	3072	3168	3209	3255	3328	3396	3280	3182	2836	2303	1701	1626	1126	721	 56729
08/06/10	Fri	426	271	253	341	679	1707	3791	4767	4159	3441	3387	3335	3390	3397	3453	3408	3031	3042	2743	2182	1827	1740	1423	702	 56895
08/07/10	Sat	603	388	364	341	397	718	1321	1745	2245	2685	2761	2913	2996	2867	3054	3119	3200	3001	2659	2185	1939	1773	1572	1126	 45972
08/08/10	Sun	650	585	475	358	346	578	926	1247	1627	2216	2544	2628	2777	2770	2870	2857	2972	2929	2469	2120	2000	1540	1035	424	 40943
08/09/10	Mon	387	228	203	308	706	1814	4182	4924	4104	3204	2985	3043	3112	3189	3103	3206	3030	2881	2463	1682	1400	1212	811	545	 52722
08/10/10	Tue	323	222	200	306	666	1890	4125	5111	4177	3094	3096	2974	3002	3202	3135	3217	2779	3109	2714	1993	1732	1522	1122	784	 54495
08/11/10	Wed	425	218	231	264	654	1850	4138	5104	4221	3347	3002	2977	3027	3206	3093	3310	3303	3492	2877	2063	1819	1576	890	436	 55523
08/12/10	Thu	263	126	197	279	690	1803	4044	5115	4107	3454	3084	2631	3273	3141	3264	3304	3203	3271	2825	2054	1862	1599	1186	773	 55548
08/13/10	Fri	583	358	286	329	629	1733	3807	4776	3843	3133	3187	3148	3275	3339	3457	3427	3131	3236	3207	2229	1882	1733	1434	995	 57157
08/14/10	Sat	625	458	365	334	409	688	1254	1517	2222	2467	2362	3090	3168	3095	2994	3200	3256	3073	2591	1944	1991	1418	1696	1111	 45328
08/15/10	Sun	670	431	363	312	367	516	855	1065	1569	2080	2421	2655	3184	2558	3007	2887	2815	2589	2372	1958	1890	1503	1022	630	 39719
08/16/10	Mon	411	248	234	306	694	1908	4137	4922	4058	3242	2956	2969	3097	3026	3044	3251	3102	3184	2471	1745	1227	1249	800	597	 52878
08/17/10	Tue	477	212	204	289	683	1872	4167	4536	4183	3350	2882	2865	3128	3082	3121	3079	3055	3281	2812	2054	1658	1409	1104	506	 54009
08/18/10	Wed	344	269	219	297	628	1355	3086	4756	4085	3454	3035	2908	3028	3040	3167	3000	3063	3276	2705	2115	1763	1531	937	686	 52747
08/19/10	Thu	558	260	237	289	658	1849	4160	4984	4045	3268	2940	2997	3094	3206	3128	3163	3158	3249	2711	2023	1722	1392	1016	675	 54782
08/20/10	Fri	329	248	253	320	603	1660	3785	4834	3978	3390	3017	3227	3262	3334	3339	3288	3133	3053	2813	2204	1937	1654	1415	935	 56011
08/21/10	Sat	770	427	383	317	387	702	1216	1578	2051	2388	2517	2726	2874	2826	2931	3022	3064	3086	2882	2089	1915	1792	1630	1185	 44758
08/22/10	Sun	439	387	378	306	316	455	855	952	1482	1953	2178	2438	2562	2804	2793	2805	2826	2748	2539	2115	1881	1558	1023	613	 38406
08/23/10	Mon	252	130	95	150	657	1844	4181	5219	4341	3108	2890	2815	2883	3039	2999	3353	2914	3336	2694	1752	1445	1109	749	434	 52389
08/24/10	Tue	258	193	167	277	647	1596	4159	4887	4457	3328	2800	2777	3048	2948	3109	3281	3220	3394	2714	1810	1560	1283	885	623	 53421
08/25/10	Wed	309	227	217	286	639	1607	3011	4371	4058	3428	2979	3043	3224	2855	2896	3226	2976	3013	2610	1942	1607	1380	899	589	 51392
08/26/10	Thu	455	178	234	285	669	1758	4064	3864	4115	3194	3001	2900	3067	2962	3178	3266	3156	3200	2699	2008	1710	1473	1081	531	 53048
08/27/10	Fri	363	244	242	305	625	1646	3909	4746	3866	3177	2946	3181	3225	3256	3344	3501	3095	3044	3101	2152	1351	1548	1365	945	 55177
08/28/10	Sat	605	502	321	321	397	644	1231	1516	2089	2515	2656	2798	2839	3042	2980	3074	3204	3123	2634	2113	1703	1761	1551	1129	 44748
08/29/10	Sun	668	456	392	319	303	445	766	949	1356	1849	2362	2660	3158	2945	3005	3034	3272	2778	2396	1843	1584	1387	875	494	 39296
08/30/10	Mon	356	211	207	272	611	1840	4166	5142	4249	3123	2847	2892	3053	2892	2974	3160	2966	2900	2325	1799	1398	1179	807	599	 51968
08/31/10	Tue	414	237	188	300	616	1746	4209	4793	4245	3247	2852	2783	2832	2843	2945	3223	3103	3115	2551	1921	1298	1313	857	629	 52260
09/01/10	Wed	340	188	162	315	667	1789	4179	4065	3889	3267	2901	2872	3023	3038	2952	3337	3135	3181	2657	1854	1686	1374	904	694	 52469
09/02/10	Thu	370	213	238	286	640	1758	4133	4056	3731	3298	2905	3033	3057	3108	3143	2433	3052	3230	2713	2079	1588	1508	960	561	 52093
09/03/10	Fri	311	250	235	317	636	1565	3619	4443	3785	3172	2989	3037	3178	3241	3338	3461	3180	2969	2790	2198	1502	1595	1159	1028	 53998
09/04/10	Sat	532	387	339	287	359	613	1040	1402	1985	2410	2660	2669	2599	2571	2524	2596	2742	2540	2327	1933	1717	1652	1333	936	 40153
09/05/10	Sun	591	400	343	276	265	390	651	789	1231	1605	1973	2218	2575	2440	2576	2602	2607	2526	2339	2060	1853	1475	1300	968	 36053
09/06/10	Mon	649	406	321	293	334	514	868	1034	1503	1831	2220	2626	2837	2674	2616	2649	2617	2573	2332	2100	1759	1310	876	494	 37436
09/07/10	Tue	234	202	191	311	677	1796	4272	3180	3881	3309	2851	2893	3133	3029	3023	3293	3181	3306	2821	1912	1439	1079	775	453	 51241
09/08/10	Wed	256	193	210	271	606	1756	4365	3892	3528	3123	2702	2891	2692	2693	2909	3183	3160	3394	2836	1838	1466	1311	786	466	 50527
09/09/10	Thu	277	224	209	263	638	1737	4140	3581	3578	3173	2919	3161	3209	3052	3046	3324	3301	3315	2713	1993	1677	1371	758	477	 52136
09/10/10	Fri	305	256	229	293	559	1657	3878	3880	3755	3160	2964	3005	3279	3131	3242	3440	3273	3303	3166	2159	1710	1515	1232	879	 54270
09/11/10	Sat	572	496	415	291	360	656	1194	1457	2265	2420	2550	2843	3011	2890	2844	2899	3158	3043	2556	1941	1778	1616	1331	972	 43558
09/12/10	Sun	700	473	391	289	300	462	843	1095	1523	1906	2320	2420	2711	2567	2676	2698	2680	2524	2203	1815	1538	1196	915	540	 36785
09/13/10	Mon	316	216	182	269	638	1778	4210	3663	3742	3245	2820	2771	2968	2922	2960	3115	3084	3271	2556	1776	1370	993	760	641	 50266
09/14/10	Tue	355	201	191	267	595	1736	4268	4259	3961	3180	2823	2814	3081	3034	3092	3217	3119	3486	2878	1971	1390	1205	780	487	 52390
09/15/10	Wed	324	199	186	258	607	1710	4233	3906	3708	3408	2855	3207	3250	2934	3079	3091	3032	3192	2776	2027	1621	1428	845	474	 52350
09/16/10	Thu	320	228	183	280	606	1715	4127	3839	3529	3293	2761	2764	2943	3050	3129	3336	3193	3276	2460	2033	1652	1496	969	573	 51755
09/17/10	Fri	332	249	236	313	606	1676	3749	4100	3728	3265	2962	2997	3052	3119	3191	3233	3158	3314	2929	2327	1716	1647	1215	816	 53930
09/18/10	Sat	638	393	363	324	350	628	1185	1626	2248	2352	2621	2821	2900	2913	2877	2758	2946	3079	2830	2234	1699	1546	1372	873	 43576
09/19/10	Sun	603	428	359	301	348	428	584	808	1560	2031	2438	2690	3031	3116	2674	2585	2570	2635	2229	2069	1619	1241	781	660	 37788
09/20/10	Mon	387	206	195	299	706	1769	4224	3392	3813	3179	2809	2859	2978	2934	2859	3128	3007	3042	2348	1746	1265	1119	692	417	 49373
09/21/10	Tue	245	182	184	287	614	1744	4316	4331	3684	3174	2784	2831	2892	2887	2888	3117	2965	3206	2465	1549	1106	1242	723	410	 49826
09/22/10	Wed	249	201	193	278	595	1709	4209	3963	3758	3096	2749	2772	2877	3048	3047	3145	2939	2898	2805	1816	1387	1163	766	441	 50104
09/23/10	Thu	297	216	194	297	648	1721	4256	4350	3832	3125	2868	2882	2945	3024	3056	3349	3431	3237	2742	1719	1532	1405	950	518	 52594
09/24/10	Fri	337	250	227	295	596	1566	3878	4198	3709	3248	2915	3143	3202	3329	3197	3362	3573	3659	3203	2351	1857	1378	1154	874	 55501
09/25/10	Sat	754	474	368	280	221	372	836	1706	2246	2445	2621	2869	2990	3052	3079	3139	3338	3477	2952	2393	1788	1613	1389	989	 45391
09/26/10	Sun	775	599	398	339	335	417	827	1015	1567	1945	2447	2722	3245	3066	2711	2559	2638	2764	2841	2139	1703	1257	1091	588	 39988
09/27/10	Mon	319	218	185	277	632	1789	3945	3628	4062	3233	2919	2826	2973	2920	3024	3143	3059	3347	2685	1786	1232	1161	786	438	 50587
09/28/10	Tue	264	206	199	253	604	1746	4158	4455	3833	3208	2712	2789	2846	2990	2972	3214	3176	3275	2942	1717	1374	1147	872	414	 51366
09/29/10	Wed	263	218	187	280	612	1708	4266	4213	4057	3347	2761	2938	3290	3091	2990	3084	3060	2667	2239	2303	1483	900	757	418	 51132
09/30/10	Thu	272	203	203	277	656	1746	4094	4029	4039	3208	2885	2962	2978	2994	2996	3201	3199	3416	2613	1790	1479	1193	958	549	 51940
10/01/10	Fri	294	268	215	313	610	1684	3943	4331	3973	3251	2954	3140	3340	3327	3180	3262	3325	3462	3132	2206	1711	1305	1238	745	 55209
10/02/10	Sat	520	386	267	311	391	630	1211	1702	2309	2362	2679	2734	2891	2986	2989	2975	2720	2871	2935	2221	1571	1462	1361	845	 43329
10/03/10	Sun	584	421	358	290	272	488	1175	1289	1587	1979	2343	2309	2392	2610	2712	2887	2603	2637	2444	1968	1496	1173	806	494	 37317
10/04/10	Mon	334	226	198	249	658	1840	4164	4543	3989	3147	2829	2765	2949	2856	2868	3136	3019	3077	2481	1758	871	1108	736	619	 50420
10/05/10	Tue	243	207	188	261	559	1784	4288	4285	3799	3259	2825	2788	2877	2956	2777	3194	3100	3257	2683	1887	1358	1146	707	448	 50876
10/06/10	Wed	275	191	194	279	642	1809	4221	4635	4151	3275	2709	2714	2882	2896	2983	2938	3161	3348	2799	1838	1439	1264	750	486	 51879
10/07/10	Thu	285	214	174	247	617	1837	4175	3589	4082	3224	2725	2879	2982	2943	3030	3183	3241	3287	3186	2133	1585	1222	908	506	 52254
10/08/10	Fri	339	254	227	304	599	1756	3867	4299	3982	3220	2991	2990	3091	3194	3174	3232	2979	3268	2976	2262	1653	1474	1090	598	 53819
10/09/10	Sat	530	364	287	259	316	595	1142	1557	2113	2535	2746	2741	2817	2936	2623	2929	2969	2579	2273	1916	1450	1551	1247	798	 41273
10/10/10	Sun	568	453	371	285	283	402	731	992	1423	1894	2206	2271	2317	2509	2245	2466	2512	2397	2233	1336	994	943	734	438	 33003
10/11/10	Mon	337	187	193	258	595	1670	3953	4233	3905	2842	2804	2849	2972	2974	2995	3170	3105	3103	2481	1506	1259	1114	688	383	 49576
10/12/10	Tue	262	216	161	284	604	1733	4107	4527	3953	3174	2735	2813	2810	2746	2903	2969	2933	3010	2458	1640	1208	1111	677	432	 49466
10/13/10	Wed	294	194	172	236	559	1137	2989	3356	3468	3345	2897	2967	2927	2869	3019	3093	3397	3462	2807	1913	1398	1263	788	477	 49027
10/15/10	Fri	320	221	244	301	614	1601	3689	4282	3805	3291	3056	3058	3289	3130	3359	3214	3224	3497	3048	2321	1721	1545	1206	776	 54812
10/16/10	Sat	538	382	341	295	366	597	1146	1539	2162	2580	2507	2645	2890	2784	2733	2558	2951	2866	2569	1973	1576	1569	1264	812	 41643
10/17/10	Sun	583	397	352	291	281	587	961	966	1417	1920	2183	2383	2742	2762	2594	2297	2431	2487	2331	1750	1222	1015	771	506	 35229
10/18/10	Mon	339	236	200	267	679	1761	4030	4455	3618	3070	2690	2620	2801	2697	2835	3107	3019	3009	2260	1534	1222	986	658	426	 48519
10/19/10	Tue	269	183	178	254	590	1751	4095	4757	3968	3217	2681	2692	2758	2762	2953	2798	2866	2497	2799	1758	1277	1142	705	459	 49409
10/20/10	Wed	255	216	198	302	612	1775	4071	4292	3980	3212	2623	2627	2846	2756	2967	3200	3116	2813	2470	2142	1399	1224	726	471	 50293
10/21/10	Thu	271	213	187	291	675	1779	3647	4660	3989	3351	2848	2738	2958	2882	3051	3155	3333	3297	2874	1959	1388	1261	734	462	 52003
10/22/10	Fri	289	217	217	297	593	1554	3733	4450	3947	3182	3014	3109	3127	3029	3084	3194	3072	3095	2722	2021	1468	1403	1100	743	 52660
10/23/10	Sat	556	362	302	274	324	612	1092	1433	2086	2362	2414	2593	2831	2634	2712	2815	2732	3052	3045	2027	1439	1453	1182	854	 41186
10/24/10	Sun	591	459	399	286	274	413	765	844	1283	1753	2087	2316	2676	2441	2513	2246	2267	2220	2142	1556	1221	928	700	484	 32864
10/25/10	Mon	343	229	193	253	640	1723	3811	4297	3806	2859	2591	2500	2708	2766	2773	2894	2931	2752	2213	1491	1190	1049	670	404	 47086
10/26/10	Tue	235	177	175	272	569	1677	3846	4608	4033	3166	2586	2660	2871	2651	2663	2948	2911	3009	2379	1729	1266	1155	722	378	 48686
10/27/10	Wed	260	184	179	253	590	1689	3916	4666	4143	3266	2679	2593	2723	2802	2678	2971	3062	2889	2683	1754	1325	1295	744	469	 49813
10/28/10	Thu	279	221	201	276	613	1630	3929	4589	4061	3358	2830	2766	2948	2847	2908	3006	2617	3049	2857	1962	1441	1387	1004	531	 51310
10/29/10	Fri	325	253	240	301	590	1581	3577	4431	3789	3211	2935	2948	3001	3013	3157	3378	3324	3314	3190	2168	1692	1647	1222	805	 54092
10/30/10	Sat	572	389	345	335	335	602	1003	1312	1728	2353	2379	2574	2650	2917	2823	2845	2686	2745	2728	2174	1593	1616	1273	957	 40934
10/31/10	Sun	662	536	435	350	330	353	578	774	1106	1631	1930	1896	2157	2101	2585	2404	2443	2166	1715	1289	1448	1214	817	511	 31431
11/01/10	Mon	321	227	184	276	654	1676	3249	4533	4076	3053	2622	2665	2768	2711	2885	3035	2975	3015	2415	1511	1130	1064	617	387	 48049
11/02/10	Tue	218	204	173	258	573	1701	4082	4805	4152	3126	2594	2589	2665	2918	2879	2707	2943	2685	2491	1729	1149	1017	710	450	 48818
11/03/10	Wed	279	213	189	251	572	1767	3979	4756	4040	3272	2643	2584	2671	2836	2880	2995	3283	3284	2728	1582	1331	1182	721	454	 50492
11/04/10	Thu	280	218	201	285	617	1687	3966	4767	4149	3427	2816	2742	2779	2831	2986	2819	2626	3262	2655	1784	1259	1252	826	498	 50732
11/05/10	Fri	299	217	171	299	563	1614	3781	4463	4082	3165	2935	2898	3166	3205	3313	3598	3283	2997	2809	2211	1474	1414	1031	740	 53728
11/06/10	Sat	492	386	309	299	333	648	1306	1505	2260	2661	2599	2568	2934	3156	2967	2873	3085	3079	3094	1952	1464	1383	1124	782	 43259
11/07/10	Sun	618	410	263	256	284	428	843	954	1436	2082	2285	2391	2806	3203	2525	2458	2417	2247	1909	1427	1101	840	632	425	 34240
11/08/10	Mon	307	159	173	280	583	1824	4205	5060	4136	3061	2642	2667	2829	2880	2852	3108	3012	3138	2093	1368	1113	970	642	403	 49505
11/09/10	Tue	239	182	161	284	569	1775	4232	4995	4169	3055	2648	2692	2694	2605	2559	2656	2866	3006	2141	1351	1024	905	582	360	 47750
11/10/10	Wed	218	135	177	253	543	1661	4018	4643	4228	3124	2774	2703	2740	2770	2785	3003	3004	3151	2384	1620	1253	1223	681	426	 49517
11/11/10	Thu	255	195	185	276	581	1550	3547	4030	3546	2896	2502	2628	2747	2303	2297	2708	3014	2885	2193	1609	1253	1128	680	423	 45431
11/12/10	Fri	286	188	184	262	526	1586	3663	4645	3979	3257	2933	3031	3107	3196	3109	3236	3213	3231	2819	1942	1523	1431	1029	749	 53125
11/13/10	Sat	498	375	282	257	334	546	1071	1414	1991	2380	2407	2684	2683	2729	2668	2798	2963	2941	2839	1873	1391	1310	1001	910	 40345
11/14/10	Sun	502	371	345	253	274	434	758	759	1254	1786	2144	2405	2603	2695	2396	2180	2279	2115	1971	1403	1174	902	671	430	 32104
11/15/10	Mon	245	143	95	154	570	1765	4189	4577	4236	3015	2574	2639	2652	2667	2541	2878	2785	3122	2152	1281	1047	986	640	394	 47347
11/16/10	Tue	219	173	154	262	532	1750	4130	4940	4110	3190	2641	2639	2690	2758	2829	2806	2697	2865	2212	1326	1081	925	635	411	 47975
11/17/10	Wed	236	149	177	277	539	1491	3925	4718	4092	3293	2672	2672	2863	2714	2908	3071	3187	3287	2624	1559	1279	1121	735	451	 50040
11/18/10	Thu	303	211	217	262	616	1759	4102	4963	4179	2997	2671	2781	2766	2809	2820	3179	3092	3144	2521	1679	1355	1203	821	501	 50951
11/19/10	Fri	315	210	252	311	642	1626	3816	4875	4103	3300	2923	3018	2947	2952	3049	3183	2627	3365	3055	1997	1520	1455	1034	784	 53359
11/20/10	Sat	517	377	331	270	397	688	1194	1592	2023	2445	2569	2814	2962	2938	2689	2786	2950	3006	2690	1771	1376	1392	1059	851	 41687
11/21/10	Sun	525	397	350	286	278	404	730	830	1254	1647	2043	2085	2291	2532	2465	2409	2513	2305	1421	1318	1076	894	734	401	 31188
11/22/10	Mon	250	199	187	271	582	1627	3888	4445	3987	3106	2758	2665	2792	2739	2819	3051	2917	3114	2311	1440	1121	959	745	456	 48429
11/23/10	Tue	215	189	182	316	601	1738	3814	4457	3890	3161	2965	2779	2957	3057	3146	3122	3033	2053	2574	1803	1357	1249	919	636	 50213
11/24/10	Wed	325	240	242	330	637	1668	3446	4172	3588	3102	2865	2828	3182	3070	3130	3110	3037	2728	2198	1647	1337	1332	891	551	 49656
11/25/10	Thu	341	226	217	218	256	395	597	677	953	1104	1482	1808	1999	1924	1777	1584	1569	1785	1851	1766	1597	1358	940	573	 26997
11/26/10	Fri	305	225	217	288	361	862	1473	1702	1840	2091	2263	2380	2362	2472	2494	2446	2504	2406	2266	1609	1209	1229	904	611	 36519
11/27/10	Sat	391	289	272	284	297	507	861	1125	1454	1938	2184	2315	2587	2628	2670	2642	2407	2556	2376	1955	1445	1111	1112	736	 36142
11/28/10	Sun	509	382	310	266	407	508	871	922	1493	1881	2140	2273	2663	2832	2481	2243	2352	2342	1925	1309	1032	828	628	420	 33017
11/29/10	Mon	250	156	165	267	614	1742	3941	4725	4002	2951	2581	2517	1841	2187	2381	3030	2863	2768	1987	1330	1099	916	650	378	 45341
11/30/10	Tue	242	185	176	251	605	1792	3713	3852	4359	3236	2648	2810	2854	2744	2923	2983	3035	2983	2372	1695	1243	1062	735	425	 48923
12/01/10	Wed	247	201	167	248	591	1727	3973	4918	4358	3268	2727	2740	2714	2725	2737	2994	3001	3400	2540	1595	1259	1146	805	483	 50564
12/02/10	Thu	303	202	190	265	555	1723	3966	4511	4251	3286	2663	2632	2717	2785	3023	3057	3000	2997	2553	1744	1340	1185	726	507	 50181
12/03/10	Fri	302	224	209	287	588	1630	3751	4808	4207	3247	2744	2884	3019	3138	3313	3442	3449	3302	3079	2159	1482	1398	1130	755	 54547
12/04/10	Sat	526	331	325	260	338	609	1099	1441	1965	2272	2637	2675	2792	2711	2787	2895	3197	3430	2822	1710	1342	1397	1231	848	 41640
12/05/10	Sun	514	396	315	291	258	373	748	661	1094	1679	1967	2097	2270	2456	2687	2577	2872	2476	2071	1479	1147	911	652	432	 32423
12/06/10	Mon	271	181	204	253	595	1759	3957	4436	4337	3258	2776	2589	2762	2706	2820	3091	3001	2966	2014	1430	1102	1008	695	395	 48606
12/07/10	Tue	262	183	200	259	550	1691	4085	4884	4300	3153	2648	2809	2805	2778	2727	2929	2974	3000	2343	1595	1292	1072	677	441	 49657
12/08/10	Wed	290	178	189	256	577	1696	4006	4316	4269	3177	2700	2768	2767	2749	2938	2950	3144	3067	2483	1658	1322	1148	756	494	 49898
12/09/10	Thu	308	176	191	273	565	1666	3797	4953	4372	3181	2737	2754	2869	2836	2911	2896	3112	3138	2564	1624	1298	1278	901	507	 50907
12/10/10	Fri	281	211	225	306	565	1544	3759	4714	4166	3249	3084	3005	2890	2977	2965	3179	3113	3233	2592	1907	1565	1422	787	530	 52269
12/11/10	Sat	452	355	298	293	270	540	1017	1295	1874	2202	2430	2550	2882	2682	2991	3013	2999	3047	3076	1937	1494	1476	1267	945	 41385
12/12/10	Sun	607	377	331	248	256	381	589	798	1277	1708	2107	2201	2523	2534	2729	2446	2605	2461	2050	1503	1389	1081	774	478	 33453
12/13/10	Mon	277	182	188	251	613	1704	4052	4625	4307	3047	2699	2679	2898	2670	2893	3056	3157	3148	2458	1538	1192	1073	702	424	 49833
12/14/10	Tue	244	175	171	278	581	1683	4037	4976	4384	3287	2775	2677	2828	2924	3079	3139	3006	3356	2526	1674	1284	1165	817	482	 51548
12/15/10	Wed	276	215	217	273	547	1791	3130	3518	3695	3364	2819	2867	2978	2952	2995	2963	2915	3131	2145	1760	1394	1248	747	450	 48390
12/16/10	Thu	210	200	211	284	589	1689	3784	4453	3612	3137	2895	2819	2962	3025	3048	3156	3277	3397	2798	1843	1444	1367	918	542	 51660
12/17/10	Fri	310	245	230	320	604	1544	3348	4429	4065	2772	2835	3135	3167	3194	3294	3478	3426	3525	3107	2095	1628	1592	1300	862	 54505
12/18/10	Sat	541	373	302	269	371	606	1062	1268	1837	2279	2521	2719	2907	2897	2873	3044	3195	3113	2816	2240	1823	1729	1433	923	 43141
12/19/10	Sun	607	411	347	301	313	434	722	805	1186	1729	2093	2148	2343	2686	2531	2116	2760	2744	2244	1800	1554	1335	938	586	 34733
12/20/10	Mon	319	243	221	275	596	1650	3570	4356	3837	3245	2863	2812	2815	2957	3003	3104	3110	3142	2459	1724	1377	1213	925	540	 50356
12/21/10	Tue	285	253	221	287	566	1600	3509	4397	4018	3222	3053	3186	3207	3158	3291	3353	3136	3379	2676	1882	1482	1459	972	576	 53168
12/22/10	Wed	342	222	206	345	614	1556	3364	3903	3635	3318	3137	3405	3243	3357	3407	3475	3218	3517	2929	2233	1480	1369	1027	648	 53950
12/23/10	Thu	368	241	237	295	551	1341	2770	3594	3420	3084	3156	3250	3349	3520	3434	3225	3348	3220	2726	1922	1543	1397	1201	687	 51879
12/24/10	Fri	389	294	273	283	398	649	1029	1370	1606	1865	2181	2538	2463	2611	2685	2746	2453	2447	1948	1548	1486	1496	1532	925	 37215
12/25/10	Sat	418	284	165	178	177	298	512	486	757	1127	1354	1564	1889	1913	1926	1932	2018	1949	1797	1708	1593	1415	1045	651	 27156
12/26/10	Sun	390	276	226	241	339	396	788	762	1154	1594	2003	2286	2602	2684	2304	2345	2408	2539	2109	1530	1243	1073	768	535	 32595
12/27/10	Mon	383	238	209	250	556	1327	2811	3352	3093	2763	2660	2760	2895	2791	2934	3057	3089	2978	2066	1754	1266	1051	735	437	 45455
12/28/10	Tue	275	198	189	274	580	1445	3201	3781	3485	2967	2840	2904	2967	2921	3041	3221	3315	3329	2611	1937	1335	1213	854	565	 49448
12/29/10	Wed	324	222	216	281	609	1457	3196	3752	3588	3082	2888	3087	3110	3207	3203	3198	3399	3352	2714	1665	1464	1275	893	556	 50738
12/30/10	Thu	395	229	247	314	556	1377	2843	3512	3361	3076	2597	2499	2489	2419	2322	2040	1849	1602	1416	1130	783	648	493	352	 38549
12/31/10	Fri	203	160	183	252	320	587	833	1207	1427	1495	1687	1814	2018	2137	2190	2224	2089	1978	1876	1532	1305	985	758	545	 29805