01/01/10	Fri	794	914	642	400	283	315	532	713	917	1350	1605	2070	2215	2411	2308	2310	1989	1886	1647	1380	1198	1006	825	509	 30219
01/02/10	Sat	353	238	204	177	197	383	752	1162	1461	1978	2170	2704	2787	2926	2731	2763	2661	2316	2062	1549	1301	1218	968	753	 35814
01/03/10	Sun	557	444	366	223	186	290	678	901	1191	1716	2021	2314	2611	2571	2405	2197	2086	2377	2084	1507	1237	1201	816	556	 32535
01/04/10	Mon	345	271	181	165	320	754	1656	2786	2830	2592	2691	3001	3078	3162	3571	4293	4967	4958	3114	1849	1353	1109	879	631	 50556
01/05/10	Tue	333	218	190	170	291	767	1720	2912	2920	2570	2652	2892	2961	3003	3705	4229	4589	4893	3279	2112	1592	1356	986	561	 50901
01/06/10	Wed	349	227	221	162	303	710	1722	2750	2751	2355	2387	2544	2865	2809	3106	3452	2998	2904	2657	1608	1016	1048	907	510	 42361
01/07/10	Thu	323	214	164	193	300	613	1313	2092	2308	2222	2122	2362	2608	2770	3287	3883	4574	4693	2930	1864	1515	1311	1028	632	 45321
01/08/10	Fri	363	290	262	212	282	612	1521	2613	2813	2570	2796	2993	3285	3645	3859	4502	4717	4735	3674	2251	1781	1599	1134	1002	 53511
01/09/10	Sat	684	428	363	238	221	383	1136	1512	1815	2123	2422	2889	3229	3113	3141	3055	3326	2887	2355	1802	1514	1522	1365	732	 42255
01/10/10	Sun	525	469	356	222	172	250	591	1011	1211	1703	1961	2259	2605	2658	2561	2642	2709	2317	1902	1449	1330	1248	677	477	 33305
01/11/10	Mon	294	238	185	176	291	716	1708	2705	2943	2603	2648	3054	3009	3123	3659	4073	4808	4801	3225	1850	1480	1461	914	523	 50487
01/12/10	Tue	345	199	203	194	297	665	1679	2711	2989	2642	2536	2895	2909	3089	3704	4380	4480	4819	3374	2106	1598	1550	1005	565	 50934
01/13/10	Wed	312	227	195	176	318	711	1784	2907	3064	2628	2592	2848	2873	3230	3663	4359	5015	4836	3342	2080	1799	1777	1349	626	 52711
01/14/10	Thu	351	232	225	210	312	684	1757	2902	3163	2665	2658	2995	3160	3353	3740	4405	4985	4912	3661	2338	2033	1901	1209	739	 54590
01/15/10	Fri	540	288	301	233	325	720	1684	2755	3064	2902	2921	3249	3415	3605	4237	4742	4802	4779	4180	2630	2145	2082	1728	1036	 58363
01/16/10	Sat	711	472	401	251	274	390	926	1445	1996	2353	2669	3021	3183	3338	3268	3373	3250	2973	2745	1950	1452	1651	1520	901	 44513
01/17/10	Sun	623	519	418	222	171	246	569	907	1287	1803	2065	2296	2495	2673	2627	2555	2654	2297	2032	1519	1387	1475	941	587	 34368
01/18/10	Mon	343	234	207	170	294	700	1595	2559	2632	2571	2758	2939	3103	3352	3700	4310	4578	4362	2668	1793	1518	1534	788	530	 49238
01/19/10	Tue	324	183	187	175	307	767	1827	2850	3016	2563	2613	2767	2976	3163	3646	4246	4892	4800	3253	2121	1886	1325	1024	540	 51451
01/20/10	Wed	325	211	180	190	267	727	1747	2925	2932	2607	2456	3012	2895	3120	3662	4253	4404	4949	3320	2129	1815	1554	1137	557	 51374
01/21/10	Thu	371	251	223	207	283	746	1809	2819	2841	2651	2681	2790	2713	3186	3757	4404	5002	4959	2780	2114	1962	1903	1254	840	 52546
01/22/10	Fri	467	336	292	231	318	673	1708	2846	2973	2638	2884	3212	3368	3557	4151	4705	4880	4506	3918	2478	2030	2099	1616	991	 56877
01/23/10	Sat	636	440	351	268	245	424	978	1332	1786	2046	2512	2994	3171	3095	3348	3217	3048	2902	2573	1767	1423	1493	1636	879	 42564
01/24/10	Sun	627	496	366	182	163	276	637	859	1057	1599	1817	2283	2637	2638	2330	2356	2424	2283	1749	1337	1404	1111	729	433	 31793
01/25/10	Mon	292	195	170	172	288	703	1780	2849	2873	2513	2667	2795	2781	3037	3430	4255	4708	4757	2983	1806	1337	1250	864	507	 49012
01/26/10	Tue	305	198	192	210	305	679	1815	2905	2949	2420	2465	2823	2945	3041	3544	4295	4988	4740	3060	2093	1605	1346	813	497	 50233
01/27/10	Wed	311	222	187	189	281	666	1765	2829	2856	2532	2464	2844	2981	3160	3153	3944	4792	4786	3192	1980	1623	1417	935	584	 49693
01/28/10	Thu	351	220	191	202	300	709	1683	2637	2770	2317	2426	2826	2922	3064	3653	4444	5021	4714	3135	2196	1727	1606	1150	723	 50987
01/29/10	Fri	454	266	280	208	294	685	1662	2888	2954	2688	2990	3262	3544	3686	4147	4697	4913	4855	3881	2457	1975	1785	1200	860	 56631
01/30/10	Sat	628	484	425	240	203	384	1024	1482	2023	2436	2792	3180	3295	3341	3344	3288	3242	2996	2451	1833	1407	1410	1321	876	 44105
01/31/10	Sun	602	495	430	209	177	268	616	942	1217	1754	2125	2455	2781	3070	2815	2693	2664	2330	1888	1511	1404	1160	694	476	 34776
02/01/10	Mon	319	191	168	191	324	691	1753	2879	2980	2654	2569	2869	2945	3003	3613	4369	4968	4874	2989	1850	1421	1184	1004	517	 50325
02/02/10	Tue	290	206	169	185	326	710	1841	3007	2921	2557	2582	2848	2904	3064	3674	4384	4911	4794	3184	1952	1561	1480	919	536	 51005
02/03/10	Wed	303	210	185	191	314	714	1767	3077	3005	2629	2495	2931	3080	3191	3654	4140	5125	4898	3290	2085	1675	1483	1028	782	 52252
02/04/10	Thu	362	232	217	198	288	707	1750	2783	2934	2528	2608	3098	3093	3381	3828	4609	4886	4801	3548	2340	1861	1593	1113	675	 53433
02/05/10	Fri	367	295	249	232	297	692	1773	3033	2963	2756	3016	3322	3513	3724	4212	4802	5105	4909	3536	2481	1931	1817	1267	888	 57180
02/06/10	Sat	594	487	368	261	264	403	1035	1536	1871	2198	2722	3109	3436	3391	3154	3216	3097	2816	2366	1801	1397	1275	1259	810	 42866
02/07/10	Sun	598	473	357	203	167	268	632	841	1075	1350	1614	1930	2111	2219	2230	2452	1772	1109	952	912	1532	1031	671	477	 26976
02/08/10	Mon	294	172	206	182	314	701	1305	2053	2031	1975	2042	2210	2343	2455	3029	3802	4133	3910	2358	1479	1122	978	903	505	 40502
02/09/10	Tue	328	189	177	183	310	695	1674	2696	2631	2425	2356	2751	2868	2914	3591	4138	4842	4768	3134	1970	1568	1508	928	590	 49234
02/10/10	Wed	356	191	170	186	298	699	1695	2892	2910	2708	2557	3039	3059	3154	3679	4416	5031	4954	3289	2122	1708	1606	1003	648	 52370
02/11/10	Thu	399	224	211	191	317	732	1848	3022	3091	2731	2688	2957	3009	3637	3991	4521	5095	3780	3459	2333	2058	1783	1229	1027	 54333
02/12/10	Fri	560	372	351	254	350	746	1749	2981	3095	2877	3007	3539	3866	3791	4274	4786	4886	4651	3964	2580	1977	1973	1447	1041	 59117
02/13/10	Sat	725	554	421	260	220	404	970	1445	1826	2268	2720	3196	3450	3562	3531	3501	3335	2924	2426	2010	1692	1326	1303	862	 44931
02/14/10	Sun	635	518	387	241	160	203	533	774	888	1319	1730	2143	2605	3071	2690	2745	2572	2288	2030	1584	1236	1136	814	622	 32924
02/15/10	Mon	431	241	180	196	336	671	1494	2436	2468	2504	2697	3144	3259	3307	3617	4023	4408	3964	2696	1854	1460	1168	782	538	 47874
02/16/10	Tue	340	228	155	188	309	725	1832	2974	2894	2609	2585	2922	2987	3171	3761	4395	4832	4839	3205	2124	1707	1310	829	572	 51493
02/17/10	Wed	366	221	224	189	319	785	1791	2963	2985	2621	2742	2911	3120	3324	3751	4545	5006	4958	3291	2123	1812	1492	938	601	 53078
02/18/10	Thu	348	227	193	213	331	765	1894	2889	2987	2645	2599	3102	2946	3374	3849	3723	4132	3723	3297	1947	1641	1427	1011	679	 49942
02/19/10	Fri	418	289	262	232	368	675	1404	2550	2675	2451	2525	2914	3142	3388	3888	4388	4085	3934	3033	2424	1779	1458	1226	800	 50308
02/20/10	Sat	521	396	283	250	221	436	1108	1270	1534	1955	2181	2646	3103	2992	2966	3030	2769	2414	2007	1601	1245	1231	1155	791	 38105
02/21/10	Sun	595	490	390	215	184	300	703	850	1017	1551	1732	2020	2467	2368	2252	2234	2295	1796	1548	1323	984	846	693	464	 29317
02/22/10	Mon	318	211	171	198	298	666	1539	2382	2545	2379	2445	2593	2732	2910	3399	4105	4768	4555	2971	1799	1417	1163	797	846	 47207
02/23/10	Tue	355	189	163	173	320	722	1803	2778	2960	2564	2616	2967	2836	2547	2885	3441	4600	4663	3427	2187	1718	1404	844	545	 48707
02/24/10	Wed	306	222	193	181	313	733	1843	2970	3048	2682	2568	3010	2987	3054	3640	4399	4985	4855	3605	2201	1836	1517	1031	646	 52825
02/25/10	Thu	396	237	226	199	320	769	1819	2939	2990	2693	2725	3081	3084	3237	3932	4520	4661	4420	3573	2110	1736	1597	1067	677	 53008
02/26/10	Fri	422	300	249	221	315	773	1789	2899	3053	2761	2962	3314	3612	3216	4164	4783	4907	4603	3918	2530	1956	1804	1379	1032	 56962
02/27/10	Sat	662	485	403	228	235	458	1202	1463	1850	2327	2779	3161	3478	3345	3264	3275	3013	2923	2463	1959	1547	1604	1377	882	 44383
02/28/10	Sun	597	481	349	208	223	269	702	898	1184	1748	2050	2291	2697	2718	2589	2497	2552	2034	1815	1511	1201	1027	711	538	 32890
03/01/10	Mon	343	211	153	199	304	730	1799	2764	2699	2412	2499	2826	3010	3131	3681	4294	4954	4763	2980	1952	1541	1403	879	564	 50091
03/02/10	Tue	339	209	157	184	320	755	1815	2982	3100	2629	2752	2994	2931	3279	3639	4457	5051	5000	3275	2074	1701	1322	872	542	 52379
03/03/10	Wed	328	240	164	197	321	734	1846	2983	3100	2660	2734	3083	3095	3265	3782	4394	4966	5015	3276	2214	1838	1629	1045	612	 53521
03/04/10	Thu	430	234	169	209	347	748	1903	3150	3116	2798	2848	3152	3169	3378	3950	4595	4971	4685	3682	2333	1981	1646	1117	725	 55336
03/05/10	Fri	469	311	257	211	344	767	1852	3138	3152	2780	2734	3478	3689	3791	4203	4808	4980	4611	3684	2532	2058	1768	1521	877	 58015
03/06/10	Sat	671	491	402	238	283	444	1192	1630	2103	2453	2905	3299	3491	3458	3670	3618	3352	2946	2469	2020	1648	1693	1366	837	 46679
03/07/10	Sun	637	526	356	237	193	267	649	1016	1187	1768	2011	2495	2897	3014	2922	2893	2800	2499	1886	1630	1292	1109	780	702	 35766
03/08/10	Mon	359	265	165	156	350	749	1910	2909	2857	2509	2576	2881	2786	3026	3568	4247	4821	4797	2870	1761	1400	1058	769	742	 49531
03/09/10	Tue	347	207	178	180	304	714	1911	3096	2925	2589	2914	2818	2940	3236	3628	4169	4948	4612	3040	2028	1618	1462	953	558	 51375
03/10/10	Wed	276	197	175	186	285	743	1845	3005	3023	2597	2708	2989	2987	3156	3570	4344	4901	4381	3577	2019	1676	1534	1001	581	 51756
03/11/10	Thu	356	234	189	191	334	760	1910	3091	3066	2578	2666	3047	3049	3422	3966	4221	4627	4634	3705	2359	1816	1858	1159	797	 54035
03/12/10	Fri	509	354	221	254	341	791	2015	3158	3261	2958	3162	3438	3641	3852	4278	4893	4935	4472	4073	3101	2081	1995	1516	1034	 60333
03/13/10	Sat	679	477	384	289	301	473	1384	1666	2154	2732	3149	3729	4158	4169	3945	3713	3468	3290	2677	2082	1639	1856	1419	968	 50801
03/15/10	Mon	380	197	188	210	330	766	1763	2753	2856	2551	2679	3007	3201	3369	3905	4416	5049	4858	3123	2173	1670	1345	898	603	 52290
03/16/10	Tue	401	218	200	226	323	753	1854	2974	3157	2770	2679	3125	3107	3293	3952	4776	5161	4965	3228	2208	1863	1599	1083	618	 54533
03/17/10	Wed	390	224	206	192	327	786	1883	2985	3112	2803	2965	3042	3238	3441	3984	4554	5182	5122	3287	2222	1961	1655	1150	728	 55439
03/18/10	Thu	431	316	274	241	362	810	1914	2963	3144	2777	2743	3120	3204	3510	3786	4573	5100	4978	3619	1812	1997	1748	1366	790	 55578
03/19/10	Fri	490	312	253	223	343	687	1509	2263	2164	1891	2146	2413	2534	2810	2616	3255	3355	3029	1996	1430	1298	1120	908	702	 39747
03/20/10	Sat	514	345	274	214	246	395	930	1035	1378	1761	2416	2794	2997	3127	3177	3183	3043	2848	2370	2049	1627	1637	1337	985	 40682
03/21/10	Sun	598	500	371	204	223	304	728	1029	1281	1760	2213	2587	2957	3085	3066	2839	2719	2577	1951	1694	1457	1314	860	559	 36876
03/22/10	Mon	342	243	193	178	331	798	1871	3054	2913	2563	2829	2938	3153	3247	3841	4375	5065	4688	3035	1992	1575	1169	835	641	 51869
03/23/10	Tue	350	221	201	206	342	792	1892	3005	3067	2564	2816	3027	3081	3131	3423	3979	4540	3537	2154	1249	921	608	544	380	 46030
03/24/10	Wed	301	156	177	171	263	478	847	1256	1348	1504	1596	1816	2090	2312	2637	3205	3601	3530	2296	1687	1332	1129	861	514	 35107
03/25/10	Thu	407	280	226	197	343	820	1897	2993	3034	2912	2726	3072	3196	3279	3816	4374	5077	4716	3498	2319	1756	1580	1060	699	 54277
03/26/10	Fri	471	339	236	227	370	786	1847	2954	3068	2808	2898	3361	3579	3822	4382	4701	4420	4435	3535	2207	1718	1734	1502	790	 56190
03/27/10	Sat	651	412	328	226	260	446	1027	1209	1667	2141	2627	3066	3195	3213	3049	3109	2896	2701	2379	1919	1620	1543	1493	936	 42113
03/28/10	Sun	600	499	365	233	222	317	653	1028	1353	1868	2247	2574	2882	2983	2805	2790	2526	2346	1914	1621	1453	1249	806	533	 35867
03/29/10	Mon	321	232	182	193	346	818	1762	2862	2934	2621	2711	3013	3089	3170	3707	4329	4910	4662	2908	1973	1430	1247	946	560	 50926
03/30/10	Tue	310	211	170	210	327	798	1917	2911	2819	2572	2665	3079	3277	3265	3794	4412	5085	4588	2971	2156	1856	1411	1050	777	 52631
03/31/10	Wed	455	245	205	189	327	835	1893	2954	2883	2680	2830	3179	3349	3401	3819	4485	5024	4748	3181	2312	1914	1787	1117	684	 54496
04/01/10	Thu	469	246	214	195	347	794	1794	2878	3020	2636	2834	3226	3277	3436	3866	4446	5005	4684	3238	2210	1876	1656	1124	897	 54368
04/02/10	Fri	558	369	235	220	327	711	1760	2866	2802	2806	3040	3474	3611	3814	3968	4518	4694	4072	2992	2270	1853	1680	1466	846	 54952
04/03/10	Sat	632	499	339	220	215	410	822	1360	1850	2353	2810	3101	3262	3212	3100	3183	3111	2574	2337	1935	1648	1707	1272	855	 42807
04/04/10	Sun	555	488	368	203	301	425	491	810	1210	1843	2339	2546	3079	2962	2778	2536	2342	1583	1922	1806	1591	1232	765	540	 34715
04/05/10	Mon	375	221	170	175	353	797	2004	2878	2603	2740	2767	2994	3138	3249	3796	4441	5077	4815	3003	2092	1570	1240	893	559	 51950
04/06/10	Tue	417	203	186	192	320	814	2017	2883	3024	2582	2570	2880	3043	3121	3607	4311	4928	4840	3221	2191	1787	1335	993	663	 52128
04/07/10	Wed	329	218	175	175	291	708	1592	2721	2857	2396	2498	2883	2940	3073	3676	4387	5058	4729	3156	2191	1803	1535	1089	695	 51175
04/08/10	Thu	356	226	205	209	366	824	2078	3199	2881	2842	2760	2990	3153	3237	3840	4788	5224	5025	3322	2321	1929	1663	1057	845	 55340
04/09/10	Fri	577	298	223	195	319	841	2043	3044	3141	2957	3254	3095	3387	3546	4125	4866	5107	4799	3487	2500	1989	1987	1303	979	 58062
04/10/10	Sat	599	484	350	230	251	450	1059	1690	2205	2466	2938	2998	3416	3263	3189	3142	3029	2753	2356	1926	1605	1528	1470	945	 44342
04/11/10	Sun	657	477	357	218	181	281	755	1231	1455	2064	2349	2649	2880	2956	2758	2361	2382	2165	1752	1690	1399	1106	742	568	 35433
04/12/10	Mon	351	227	175	179	376	831	2003	3171	2911	2546	2675	2851	3018	3074	3669	4529	4243	4979	2931	1990	1545	1468	899	502	 51143
04/13/10	Tue	321	214	177	200	355	819	2137	3154	2972	2684	2688	2933	3050	3211	3747	4468	4998	4753	3061	2176	1843	1660	986	566	 53173
04/14/10	Wed	339	237	173	209	337	802	2101	3145	3039	2607	2872	3092	3137	3277	3824	4608	5121	4783	3189	2297	1910	1499	1202	678	 54478
04/15/10	Thu	345	251	187	197	365	875	2077	3242	3062	2756	2759	3191	3016	3228	3950	4545	5050	4993	3297	2349	2002	1607	1020	673	 55037
04/16/10	Fri	475	305	252	210	359	838	1943	3123	2969	2583	2909	3202	3544	3588	4205	4840	5110	4573	3361	2423	1865	1830	1291	875	 56673
04/17/10	Sat	635	495	355	209	253	432	869	1543	2126	2525	2794	3060	3203	3070	3024	3027	3022	2740	1961	1955	1534	1409	1228	1116	 42585
04/18/10	Sun	609	491	396	225	180	291	622	1112	1468	2013	2318	2686	3024	3013	2799	2987	2568	2538	1898	1687	1430	1231	1004	567	 37157
04/19/10	Mon	354	218	160	169	353	847	2068	2983	2990	2626	2712	2950	3068	3194	3725	4468	5153	4567	2827	1871	1542	1224	787	755	 51611
04/20/10	Tue	495	223	181	198	356	897	2091	3163	2969	2516	2586	2872	2956	3217	3713	4376	5054	4722	3112	2200	1812	1381	979	903	 52972
04/21/10	Wed	388	243	177	204	365	842	2115	3133	3021	2565	2754	2907	3054	3300	3830	4489	5179	4855	3178	2096	1725	1395	933	531	 53279
05/12/10	Wed	363	225	167	164	283	647	1631	2641	2702	2336	2470	2778	2881	3001	3505	4165	4914	4571	3418	2039	1743	1429	1010	655	 49738
05/13/10	Thu	484	252	222	207	298	739	1796	3072	2969	2571	2667	2995	3043	3288	3888	4374	5058	5119	3698	2307	1941	1835	1260	846	 54929
05/14/10	Fri	573	303	269	197	291	712	1801	2925	3083	2696	2890	3306	3445	3763	4184	3527	4106	4359	3905	2414	1698	1626	1370	930	 54373
05/15/10	Sat	641	547	383	234	258	428	842	1388	1854	2406	2721	3077	3477	3438	3324	3545	3400	3014	2772	2097	1719	1997	1374	944	 45880
05/16/10	Sun	715	503	411	225	201	287	594	1034	1403	1909	2464	2757	3155	3036	2988	2962	3477	2600	2460	1901	1597	1446	919	664	 39708
05/17/10	Mon	410	251	218	174	322	765	1978	3121	3119	2745	2787	3030	3234	3145	3697	4344	4990	4986	3145	2113	1546	1374	1001	636	 53131
05/18/10	Tue	390	255	193	207	335	800	2019	3122	3117	2714	2758	3015	3030	3113	3593	4403	5070	4745	3381	2165	1727	1353	1018	747	 53270
05/19/10	Wed	520	360	234	184	317	768	1911	3130	3237	2762	2681	3076	3116	3217	3746	4279	5213	5220	3358	2338	1884	1726	1089	804	 55170
05/20/10	Thu	441	232	236	196	348	776	1970	3157	3124	2684	2822	3135	3222	3201	3892	4214	5076	4950	3917	2475	2034	1848	1122	1047	 56119
05/21/10	Fri	639	355	323	249	352	796	1909	3093	3199	2728	3006	3297	3778	3789	4514	4684	4062	4511	3801	2445	2020	1864	1345	1074	 57833
05/22/10	Sat	716	480	440	272	256	461	1221	1781	2146	2496	2818	3130	3377	3137	3031	3247	3262	2989	2398	1965	1771	1678	1341	989	 45402
05/23/10	Sun	704	467	415	221	211	304	626	995	1427	1877	2381	2668	2913	3000	2896	2783	2735	2511	2124	1846	1640	1352	962	632	 37690
05/24/10	Mon	440	270	185	185	325	846	2009	2975	3098	2839	2762	2977	3016	3040	3588	4244	4400	4457	3215	2031	1572	1277	1037	788	 51576
05/25/10	Tue	532	257	193	197	329	855	1959	3191	3172	2640	2730	2932	3095	3259	3795	4540	4712	4877	3695	2370	1896	1919	1207	720	 55072
05/26/10	Wed	433	246	241	202	352	820	1927	3157	3118	2765	2867	3012	3295	3292	3617	4234	4784	4859	3477	2546	1622	2148	1197	854	 55065
05/27/10	Thu	646	448	264	244	376	821	1984	3118	3231	2829	2931	3086	3209	3474	3912	4518	5068	4901	4004	2598	2087	1797	1251	917	 57714
05/28/10	Fri	581	426	292	253	398	788	1878	2909	3036	2976	3302	3591	3879	4037	4451	4726	4887	4259	3384	2600	1917	1890	1938	1139	 59537
05/29/10	Sat	739	484	434	272	250	450	825	1552	2030	2632	2945	3177	3292	3156	3184	3199	2950	2509	2301	1898	1521	2134	1430	984	 44348
05/30/10	Sun	580	445	362	229	217	275	521	1017	1406	2095	2400	2700	2969	3038	2771	2809	2961	2925	2247	1885	1698	1423	1114	770	 38857
05/31/10	Mon	484	342	261	157	196	361	648	997	1388	1751	2347	2669	2903	2910	2839	2631	2542	2212	1924	1672	1450	1286	903	636	 35509
06/01/10	Tue	390	214	178	173	329	869	2004	3055	3240	2725	2949	3244	3380	3586	3788	4473	4978	4977	3498	2232	1762	1543	997	738	 55322
06/02/10	Wed	443	279	186	179	326	855	1997	3189	3226	2731	2734	3058	3216	3298	3649	4261	4866	5196	3616	2303	1894	1642	1064	748	 54956
06/03/10	Thu	428	273	228	191	367	855	2031	3056	3225	2812	2894	3238	3236	3514	4111	4437	5140	5047	3831	2346	1841	1747	1118	853	 56819
06/04/10	Fri	564	330	280	235	386	848	1948	2984	3254	2951	3135	3558	3769	3937	4229	4417	4763	4745	3971	2588	1975	1859	1399	1023	 59148
06/05/10	Sat	742	464	432	278	321	480	1039	1809	-1232	2606	3160	3258	3364	3405	3467	3441	3381	3381	2738	2151	1909	2003	1399	935	 44931
06/06/10	Sun	735	487	468	230	223	314	613	1199	1588	2163	2497	2960	3089	3125	3265	3149	2959	2607	2251	1868	1594	1597	1019	742	 40742
06/07/10	Mon	427	247	210	209	344	873	2005	2999	3328	2730	2822	3175	3158	3313	3632	4161	4839	5006	3234	2252	1800	1894	1168	743	 54569
06/09/10	Wed	437	255	219	207	374	917	2015	3175	3279	2863	2852	3059	3396	3326	3661	4424	4748	5003	3863	2529	2027	1929	1416	784	 56758
06/10/10	Thu	476	306	253	238	339	893	2088	3076	3241	2818	3041	3181	3340	3193	3937	4539	5171	4872	3925	2515	1875	1788	1219	886	 57210
06/11/10	Fri	545	339	307	231	328	738	1534	2028	2233	2181	2794	3169	3593	3864	4297	4076	4621	4640	3318	2513	1738	1627	1619	1340	 53673
06/12/10	Sat	819	587	478	293	242	394	798	1202	1575	2054	2490	2901	3066	2844	2985	2987	2733	2606	2228	1772	1539	1701	1289	933	 40516
06/13/10	Sun	643	510	432	259	250	286	507	692	1085	1534	2027	2385	2635	2740	2658	2720	2928	2449	1901	1689	1326	1180	949	722	 34507
06/14/10	Mon	431	277	207	187	351	856	1827	2791	2910	2704	2735	3167	3284	3360	3710	4237	5049	5033	3425	2240	1696	1486	1071	781	 53815
06/15/10	Tue	441	267	217	192	349	897	2028	3055	2989	2866	2884	3144	3280	3354	3817	4603	5244	5099	3864	2414	1976	1719	1124	814	 56637
06/16/10	Wed	438	300	235	186	360	907	2027	2953	3256	3150	3188	3405	3727	3559	3945	4332	5126	4936	3607	2256	1954	1878	1189	894	 57808
06/17/10	Thu	494	322	267	226	365	862	2060	3132	3115	2929	2929	3274	3574	3641	3927	4499	4917	4938	4063	2519	2057	1753	1401	944	 58208
06/18/10	Fri	612	378	310	221	387	854	1966	2943	2936	2840	3153	3669	3925	3874	4167	4318	4978	4940	3705	2608	2090	1950	1763	1089	 59676
06/19/10	Sat	702	538	438	301	290	513	1092	1566	2211	2472	2778	3100	3302	3278	3155	3251	3074	2868	2527	2082	1737	1755	1878	1104	 46012
07/03/10	Sat	703	517	438	273	273	507	946	1454	1796	2115	2894	3112	3327	3165	3138	3112	3022	2856	2401	2010	1592	1494	1852	1444	 44441
07/04/10	Sun	649	422	402	244	203	311	522	816	1167	1553	1992	2328	2499	2639	2702	2588	2648	2232	1948	1615	1354	1179	1411	904	 34328
07/05/10	Mon	498	299	227	190	213	401	718	1107	1421	1843	2216	2654	2821	2991	2883	2919	2711	2428	2241	1862	1596	1320	1065	659	 37283
07/06/10	Tue	388	183	174	185	332	941	1960	3000	3045	2779	2982	3238	3308	3350	3797	4587	4818	4865	3576	2272	1754	1675	1490	1033	 55732
07/07/10	Wed	583	370	231	203	314	886	1807	2900	2995	2814	2796	3158	3284	3283	3700	4441	5047	4939	3460	2250	1774	1557	1645	795	 55232
07/08/10	Thu	484	299	236	202	307	858	1925	2916	2933	2689	2901	3259	3343	3335	3812	4569	4576	4979	4068	2540	1991	1713	1216	794	 55945
07/09/10	Fri	550	350	312	234	389	896	1893	2857	2920	2968	3307	3538	4033	4065	4286	4234	5113	4976	3677	2748	2029	1846	1454	1474	 60149
07/10/10	Sat	708	533	431	275	316	578	1112	1574	2116	2572	2793	3113	3342	3073	3323	3262	2950	2907	2667	2130	1745	2342	1599	1062	 46523
07/11/10	Sun	745	536	465	240	245	341	632	1027	1384	1951	2386	2595	3151	3063	2616	2873	3019	2808	2369	1863	1611	1367	969	704	 38960
07/12/10	Mon	426	283	229	193	345	927	1973	2877	3127	2893	2782	3186	3316	3273	3705	4265	4910	5075	3393	2265	1752	1515	1078	714	 54502
07/13/10	Tue	431	247	215	228	365	917	2023	2952	2737	3040	2939	3333	3460	3331	3767	4416	4987	4965	3844	2507	1973	1621	1141	825	 56264
07/14/10	Wed	498	291	249	215	357	900	1959	2914	3240	2859	2992	3540	3488	3398	3617	4588	4933	5060	3749	2526	1901	1688	1331	985	 57278
07/15/10	Thu	488	317	242	255	376	933	2028	3159	3239	2809	3112	3550	3524	3583	4093	4684	4919	4868	3932	2706	2021	1920	1216	1044	 59018
07/16/10	Fri	714	366	329	282	338	884	1902	2906	3205	2918	3369	3644	3749	3896	4323	4705	5003	4109	3718	2628	2161	2000	1276	1039	 59464
07/17/10	Sat	652	577	429	294	297	541	1019	1531	1980	2537	2996	3217	3343	3297	3224	3153	3035	2883	2810	2198	1774	1969	1515	1043	 46314
07/18/10	Sun	735	577	452	273	249	385	665	1022	1371	1933	2398	2793	3047	3161	2942	2913	2491	2339	2138	1704	1461	1499	1096	942	 38586
07/19/10	Mon	595	317	245	205	316	982	1916	2949	2974	2853	2788	3131	3278	3244	3698	4264	4596	5027	3546	2352	1759	1511	1016	723	 54285
07/20/10	Tue	465	273	240	227	354	926	1958	3185	3053	2708	2888	3077	3375	3333	3602	4477	4918	4389	4232	2546	1820	1618	1087	846	 55597
07/21/10	Wed	497	266	235	213	327	896	1914	3028	3124	2832	2940	3228	3446	3560	3831	4563	5048	5073	3965	2319	1925	1794	1185	897	 57106
07/22/10	Thu	514	336	285	234	338	947	2096	3060	3143	2947	2951	3333	3430	3604	3962	4495	5037	5036	3761	2521	2039	1898	1236	979	 58182
07/23/10	Fri	594	434	355	233	348	890	1893	3013	3138	3054	3401	3753	4129	3983	4498	4846	5129	4754	3635	2655	2130	1685	1310	1098	 60958
07/24/10	Sat	753	523	453	298	301	473	1004	1520	2158	2672	3142	3470	3589	3406	3396	3229	3186	2966	2590	2087	1799	1773	1485	1148	 47421
07/25/10	Sun	703	515	478	246	247	347	608	968	1484	2097	2534	2805	3207	3211	3085	2850	2695	2650	2124	1875	1605	1485	1033	804	 39656
07/26/10	Mon	500	296	247	221	360	957	1919	3091	3191	2790	2923	3310	3569	3322	3674	4511	4958	5005	3517	2215	1745	1505	1057	700	 55583
07/27/10	Tue	469	261	226	225	307	953	1958	3158	3016	2892	2945	3208	3475	3419	3812	4316	5002	4842	3729	2398	1905	2095	1364	797	 56772
07/28/10	Wed	447	280	238	205	324	894	1956	3128	3194	2874	3173	3277	3441	3348	3831	4541	5044	4944	3981	2543	1849	1885	1665	1070	 58132
07/29/10	Thu	643	347	272	244	353	935	2020	3006	3362	2971	3219	3438	3621	3511	3856	4396	4741	4977	4514	2635	1980	1760	1112	998	 58911
07/30/10	Fri	566	462	304	225	380	845	1948	2958	3194	2983	3447	3735	3976	3941	4257	4728	4839	4901	3623	2605	2090	1993	1819	1401	 61220
07/31/10	Sat	925	598	487	306	322	538	1046	1489	2073	2604	2985	3321	3381	3109	3340	3143	3346	3005	2742	2230	1946	2482	1481	1143	 48042
08/01/10	Sun	766	562	494	268	265	350	639	948	1442	1990	2408	2816	3041	3106	2951	2712	2953	2872	2220	1786	1652	1427	1067	754	 39489
08/02/10	Mon	436	251	214	195	340	887	1923	3011	3081	2842	3115	3211	3444	3347	3691	4301	4876	5004	3415	2259	1671	1435	992	646	 54587
08/03/10	Tue	414	243	212	210	294	875	2010	3071	3164	2772	2913	3195	3475	3394	3904	4453	5047	5096	3849	2490	1958	1873	1499	783	 57194
08/04/10	Wed	495	284	259	208	312	845	1977	2916	3307	2809	2947	3274	3256	3446	3684	4379	4572	4336	3794	2966	1906	1715	1220	863	 55770
08/05/10	Thu	529	334	265	235	360	924	1995	3091	3036	2905	3163	3344	3513	3566	3984	4488	4815	5050	4156	2791	2018	1785	1158	886	 58391
08/06/10	Fri	576	350	328	258	334	849	1845	3019	2829	3062	3395	3953	4094	4085	4349	4761	4452	4734	3696	2757	2146	1723	1252	966	 59813
08/07/10	Sat	747	555	496	289	303	508	1034	1547	2099	2465	3084	3349	3714	3443	3304	3344	3471	3185	2935	2067	1915	1955	1430	927	 48166
08/08/10	Sun	730	502	460	248	242	354	620	980	1331	1955	2474	2884	3218	3410	3051	2853	2857	2579	2311	1877	1659	1576	1016	730	 39917
08/09/10	Mon	506	233	234	194	318	870	1807	2983	2985	2709	2944	3217	3252	3257	3657	4099	4655	4181	3579	2204	1667	1469	1016	673	 52709
08/10/10	Tue	423	264	223	210	308	890	1888	2985	2738	2943	3001	3254	3295	3410	3740	4522	5234	5086	3729	2540	1972	1698	1176	747	 56276
08/11/10	Wed	467	271	250	182	323	892	2013	3079	3225	2663	2977	3373	3481	3087	3704	4434	4811	4905	4016	2447	1838	1751	1154	863	 56206
08/12/10	Thu	514	306	234	232	331	885	1956	3126	3045	2820	3093	3372	3499	3681	4051	4543	4997	4877	4044	2633	2126	1818	1233	924	 58340
08/13/10	Fri	572	378	325	257	346	821	1878	2968	3098	2960	3110	3688	3819	3639	4440	4537	4918	4917	3523	2686	2161	1998	1741	1366	 60146
08/14/10	Sat	724	545	496	302	309	559	1025	1450	2016	2542	3021	3267	3314	3345	3205	3150	3003	2826	2425	2163	1784	2007	1928	1299	 46705
08/15/10	Sun	748	509	423	259	209	338	576	881	1194	1907	2282	2707	2905	3050	2763	2906	2920	2571	2457	1796	1697	1630	1260	998	 38986
08/16/10	Mon	694	317	252	212	286	873	2014	2962	3056	2779	2969	3183	3318	3401	3542	4214	5125	5020	3467	2226	1562	1406	922	688	 54488
08/17/10	Tue	465	282	210	194	316	913	1958	3081	3187	2727	2794	3125	3118	3234	3725	4461	5095	5017	3675	2517	1773	1612	1099	779	 55357
08/18/10	Wed	452	283	233	197	294	890	1952	3047	3157	2716	2958	3098	3154	3260	3734	4320	4732	2627	4412	2680	1864	1610	1114	819	 53603
08/19/10	Thu	510	273	229	221	325	855	1956	3077	3125	2838	2970	3223	3557	3720	3763	4401	4994	4865	3987	2446	1918	1771	1144	836	 57004
08/20/10	Fri	479	351	325	222	333	887	1930	2986	3069	2921	3235	3661	3964	3718	4162	4622	4316	4878	3912	2835	2240	1818	1295	982	 59141
08/21/10	Sat	666	501	429	295	244	513	952	1483	2197	2527	2978	3179	3338	3167	3294	3164	2993	2786	2612	2051	1732	1655	1704	1054	 45514
08/22/10	Sun	697	512	509	291	239	306	604	926	1336	1956	2387	2674	3021	3120	2847	2758	2667	2420	2190	1879	1536	1282	919	759	 37835
08/23/10	Mon	512	280	215	216	335	880	2020	3056	3032	2846	2747	2998	3168	3115	3506	3969	4728	4964	3322	2190	1568	1502	1535	774	 53478
08/24/10	Tue	457	277	228	216	312	818	1930	2881	3153	2875	2879	3012	3129	3186	3706	4599	5058	5012	3463	2484	1923	1859	1359	751	 55567
08/25/10	Wed	433	276	237	223	327	851	2027	3154	3127	2823	2816	3008	3120	3072	3835	4316	4705	4949	4078	2418	1935	1572	1179	800	 55281
08/26/10	Thu	504	289	258	246	316	882	2039	3099	3173	2897	3049	3127	3295	3553	3899	4549	5045	5020	3304	2978	2009	1617	1069	718	 56935
08/27/10	Fri	503	365	304	276	345	871	1888	3085	3108	2890	3194	3377	3298	3729	4270	4665	5004	4933	3603	2714	2068	1770	1663	1282	 59205
08/28/10	Sat	686	484	416	279	250	457	941	1598	2016	2586	2967	3320	3414	3440	3197	3183	2925	2725	2457	1986	1761	2102	1420	987	 45597
08/29/10	Sun	677	513	443	280	187	306	563	967	1290	1921	2449	2865	2895	3026	2853	2778	2849	3113	2173	1720	1501	1736	1135	628	 38868
08/30/10	Mon	401	242	202	182	308	808	1884	2972	3190	2777	2751	2794	3159	3049	3635	4308	5025	5124	3411	2314	1565	1269	899	532	 52801
08/31/10	Tue	362	231	207	189	313	867	1946	2951	3172	2762	2780	2990	3129	3217	3762	4378	5162	5101	3568	2439	1745	1388	940	597	 54196
09/01/10	Wed	403	249	228	196	288	803	1966	3034	3232	2596	2868	3014	3157	3277	3726	4244	5014	5175	3803	2555	1866	1602	1065	768	 55129
09/02/10	Thu	440	256	216	214	324	814	1896	3050	3153	2886	2949	3169	3250	3328	3888	4377	4990	5120	3867	2722	2079	1890	1270	744	 56892
09/03/10	Fri	521	325	309	280	316	759	1784	2967	3040	2978	3239	3776	3899	3910	4745	4983	4809	4696	3521	2676	2129	1920	1471	987	 60040
09/04/10	Sat	635	469	364	285	276	433	814	1308	1891	2454	2896	3319	3433	3180	3190	3099	2985	2773	2273	2023	1644	1627	1138	803	 43312
09/05/10	Sun	554	427	391	238	228	270	480	842	1153	1779	2240	2701	2961	2886	2788	2669	2444	2315	2157	1815	1598	1463	1086	724	 36209
09/06/10	Mon	475	323	272	180	188	331	594	806	1126	1588	2045	2456	2669	2808	2564	2672	2794	2589	2055	1825	1512	1164	861	562	 34459
09/07/10	Tue	368	145	163	157	321	886	1920	2679	3154	2912	2874	3089	3109	3186	3630	4367	4913	4953	3589	2368	1704	1698	1284	667	 54136
09/08/10	Wed	364	199	195	181	300	756	1940	3013	3203	2782	2856	2818	3150	3209	3709	4174	5052	4866	3744	2417	1816	1619	1192	678	 54233
09/09/10	Thu	398	244	213	198	311	802	1983	3105	3147	2823	2837	2868	3183	3342	3729	4413	4847	4977	3876	2625	1945	1610	966	801	 55243
09/10/10	Fri	430	279	301	249	330	824	1896	3001	2964	2989	3007	3332	3556	3474	4358	4745	4899	4908	3552	2787	2017	1813	1630	1115	 58456
09/11/10	Sat	690	464	439	273	267	437	942	1634	2099	2367	2760	2997	3422	3170	3178	3200	2973	2968	2604	2249	1800	1913	1375	881	 45102
09/12/10	Sun	594	457	395	243	199	291	487	883	1287	1790	2351	2650	2824	2717	2668	2815	2821	2820	2270	1780	1423	1163	804	544	 36276
09/13/10	Mon	361	219	170	197	331	796	1909	3014	3056	2816	2751	3018	3138	3276	3730	4200	4966	4938	3452	2331	1610	1374	1406	661	 53720
09/14/10	Tue	361	196	186	197	304	771	1869	3019	3224	2821	2651	2949	3069	3129	3680	4148	4907	4840	3391	2505	1839	1740	1417	805	 54018
09/15/10	Wed	408	233	221	180	292	813	1940	2899	2943	2837	2844	3016	3224	3406	3613	4292	4888	4987	4298	2651	1873	1602	1024	631	 55115
09/16/10	Thu	420	258	226	213	312	816	1945	2731	2966	2556	3024	3134	3341	3197	3774	4387	4959	4889	3815	2906	1936	1743	1281	767	 55596
09/17/10	Fri	429	364	315	237	327	771	1876	2752	3090	2936	3005	3369	3663	3775	4411	4713	4814	4738	3823	2811	2050	1774	1339	968	 58350
09/18/10	Sat	634	487	424	290	263	463	883	1363	2127	2449	3059	3225	3229	3173	3185	3240	3146	3069	2487	2121	1735	1908	1346	952	 45258
09/19/10	Sun	632	501	453	226	205	291	563	890	1394	1967	2482	2794	3071	2997	2780	2666	2632	2914	2447	1918	1565	1250	786	545	 37969
09/20/10	Mon	406	192	175	179	298	830	1939	2836	2949	2843	2901	3005	3165	3164	3507	4064	4561	4984	3480	2235	1564	1214	848	551	 51890
09/21/10	Tue	361	199	190	207	282	825	1899	2926	3193	2715	2732	3006	3159	3067	3623	4308	4881	4643	3842	2316	1757	1522	999	648	 53300
09/22/10	Wed	310	194	198	186	286	779	1961	2705	3277	2935	2770	2907	3086	3286	3542	4097	4415	4465	3905	2580	1765	1615	1138	662	 53064
09/23/10	Thu	366	262	211	210	296	810	1889	3110	3138	2765	2737	3081	3290	3224	3438	4147	4909	4968	3755	2612	2000	1759	1159	845	 54981
09/24/10	Fri	438	325	255	251	346	768	1876	3039	3154	3025	3143	3427	3605	3592	4139	4730	5065	4646	3738	2685	1995	2169	1853	1081	 59345
09/25/10	Sat	701	503	415	277	260	461	903	1576	2061	2678	3158	3495	3536	3336	3221	3374	3265	3103	2656	2033	1699	1575	1702	1172	 47160
09/26/10	Sun	705	618	570	401	266	293	562	1017	1479	2095	2598	2820	2959	3166	2843	2713	2875	2680	2546	1986	1492	1342	782	618	 39426
09/27/10	Mon	383	245	176	173	313	801	1857	2938	3052	2777	2755	2998	3063	3128	3560	4145	4780	4830	3404	2273	1565	1623	1084	611	 52534
09/28/10	Tue	391	210	193	225	291	761	1932	3053	3278	2712	2710	2876	2927	3187	3309	4038	4651	4753	3476	2633	1864	1673	1427	669	 53239
09/29/10	Wed	405	222	184	187	281	778	1887	2992	3192	2774	2687	3009	3129	2952	3536	4202	4977	4847	4029	2477	1803	1614	958	703	 53825
09/30/10	Thu	441	242	219	207	326	745	1955	2937	3130	2856	2528	3088	3111	3498	3642	4248	4990	4837	4000	2681	1830	1719	1124	742	 55096
10/01/10	Fri	484	341	287	236	293	770	1836	3044	3222	2898	2901	3298	3604	3587	4082	4439	4895	4663	3503	2771	1984	1865	1303	978	 57284
10/02/10	Sat	674	508	426	261	233	425	846	1480	1950	2597	2919	3084	3443	3339	3145	3278	3029	3013	2515	2237	1613	1776	1264	941	 44996
10/03/10	Sun	592	471	401	248	208	289	476	1047	1367	2178	2756	3016	3002	3001	2718	3097	2666	2337	2039	1758	1439	1206	698	618	 37628
10/04/10	Mon	362	188	197	162	291	823	1890	2942	3019	2550	2767	2888	3163	3143	3550	4228	4622	4969	3524	2160	1572	1355	820	530	 51715
10/05/10	Tue	357	221	192	192	269	755	1933	3013	3069	2665	2668	2870	3088	3113	3711	4224	5089	4998	3394	2364	1698	1460	941	639	 52923
10/06/10	Wed	362	211	199	179	285	765	1873	3083	3028	2768	2598	2882	3069	3167	3627	4266	5067	4974	3717	2270	1791	1691	993	659	 53524
10/07/10	Thu	419	224	228	211	306	794	1882	2993	2996	2631	2779	3052	3114	3180	3729	4399	5011	4863	3890	2541	1858	1738	1068	1069	 54975
10/08/10	Fri	498	345	301	201	284	753	1828	2994	3094	2810	2966	3233	3581	3718	4408	4577	4286	4684	3544	2608	1897	1822	1453	962	 56847
10/09/10	Sat	671	464	433	283	242	387	742	1350	2033	2345	2684	3170	3319	3395	3187	3103	2978	3019	2509	1874	1604	1414	1319	847	 43372
10/10/10	Sun	613	513	433	238	201	279	459	806	1248	1711	2212	2387	2455	2613	2581	2614	2470	2382	1998	1597	1355	1171	724	534	 33594
10/11/10	Mon	363	232	170	173	280	801	1732	2849	2942	2556	2755	2914	3090	3132	3591	4246	4969	4727	3216	2106	1542	1214	890	609	 51099
10/12/10	Tue	366	213	205	183	265	745	1745	2728	2919	2551	2581	2795	3025	3125	3596	4250	4872	5125	3412	2170	1725	1393	1013	601	 51603
10/13/10	Wed	378	261	192	181	266	741	1852	2724	3023	2892	2653	2969	3179	3244	3838	4560	4881	4907	4099	2446	1838	1377	1117	776	 54394
10/15/10	Fri	510	336	291	243	299	774	1812	2922	3077	2869	3052	3312	3778	3683	4310	4988	4986	4756	3755	2460	1979	1718	1396	1051	 58357
10/16/10	Sat	698	521	435	270	234	393	791	1388	1943	2266	2826	3090	3238	3210	3109	2998	3065	3004	2663	1937	1596	1489	1330	990	 43484
10/17/10	Sun	668	481	425	236	196	271	485	825	1164	1762	2189	2644	2856	3031	2664	2510	2483	2680	2621	1877	1453	1081	823	525	 35950
10/18/10	Mon	389	250	174	166	261	793	1767	2464	3124	2611	2612	2980	3133	3043	3582	4204	4945	5079	3223	2039	1525	1264	986	806	 51420
10/19/10	Tue	394	208	191	199	287	740	1852	2900	3088	2660	2667	2980	3098	3255	3573	4412	4994	4637	3757	2376	1750	1488	1119	626	 53251
10/20/10	Wed	339	204	185	188	266	765	1837	3090	2871	2966	2750	2981	3173	3543	3741	4402	4990	4805	3865	2327	1809	1414	1090	696	 54297
10/21/10	Thu	437	259	260	215	322	792	1850	3041	3186	2788	2776	3095	3310	3234	3819	4340	5093	5161	3727	2423	1847	1713	1253	813	 55754
10/22/10	Fri	510	344	294	213	314	759	1755	2928	3113	2786	2958	3257	3621	3610	4179	4733	4746	4990	3517	2516	1769	1600	1359	931	 56802
10/23/10	Sat	650	456	386	272	236	362	672	1161	1731	2100	2608	3061	3264	3133	2952	2984	3097	2829	2569	2135	1574	1810	1725	1174	 42941
10/24/10	Sun	701	520	424	260	202	276	387	765	1099	1534	2238	2479	2873	2985	2505	2349	2195	2564	2300	1707	1274	1311	879	675	 34502
10/25/10	Mon	418	187	179	171	258	768	1699	2902	2911	2604	2523	2920	2824	2705	3723	4076	4810	4927	3304	1969	1519	1280	878	614	 50169
10/26/10	Tue	329	220	180	176	253	655	1659	2760	3110	2683	2571	2731	2870	3072	3514	4279	5031	4800	3651	2272	1761	1410	923	741	 51651
10/27/10	Wed	379	225	204	173	251	669	1705	2971	2947	2611	2579	2782	2936	3134	3575	4079	4944	5028	3737	2377	1714	1544	1147	706	 52417
10/28/10	Thu	387	269	206	200	279	730	1775	3017	3120	2624	2757	2901	3103	3232	3820	4567	5148	5128	3591	2578	1778	1791	1115	809	 54925
10/29/10	Fri	497	290	274	211	276	681	1633	2921	3021	2752	2950	3229	3615	3699	4107	4516	4982	4797	3713	2609	1848	1690	1343	984	 56638
10/30/10	Sat	733	536	444	288	229	408	721	1140	1746	2164	2565	2906	3184	3084	3059	2993	2861	2795	2410	1956	1658	1439	1561	1027	 41907
10/31/10	Sun	727	660	651	333	272	255	403	673	965	1506	2013	2147	2506	2489	2511	2540	2424	2171	1735	1351	1318	1198	801	557	 32206
11/01/10	Mon	413	256	262	181	286	702	1588	2619	3038	2707	2673	2830	2976	2949	3664	4216	4905	5037	3576	2058	1530	1302	857	522	 51147
11/02/10	Tue	355	187	165	199	241	736	1768	2988	3100	2586	2603	2820	3051	3053	3683	4306	4834	5067	3457	2111	1611	1304	931	654	 51810
11/03/10	Wed	401	254	211	208	254	735	1732	2979	3090	2689	2580	2820	2959	3132	3646	4423	5068	4973	3813	2290	1712	1492	1077	757	 53295
11/04/10	Thu	364	265	220	198	297	756	1748	3078	3087	2777	2706	3084	3282	3260	3744	4561	4865	4979	3743	2402	1782	1735	1165	852	 54950
11/05/10	Fri	463	274	258	222	266	728	1771	3004	3147	2793	2891	3304	3599	3454	4188	4729	4834	4528	3881	2671	1833	1710	1419	1098	 57065
11/06/10	Sat	665	486	420	267	216	381	800	1337	1762	2271	2606	2995	3535	3307	3233	3266	3578	3170	2534	2068	1790	1997	1457	963	 45104
11/07/10	Sun	650	451	269	186	152	212	494	862	1267	1901	2203	2391	2868	3009	2872	2868	3244	2649	2013	1457	1220	1010	747	533	 35528
11/08/10	Mon	354	171	160	157	251	755	1861	3013	3255	2677	2716	2883	3084	3043	3594	4188	4936	4948	3420	1894	1454	1200	880	518	 51412
11/09/10	Tue	336	182	172	182	268	729	1897	3050	3210	2676	2665	2925	2979	3043	3418	3730	4326	4309	3459	1936	1445	1199	1047	582	 49765
11/10/10	Wed	328	197	140	169	237	700	1657	2911	3054	2566	2523	2890	2958	3183	3445	4061	4916	5046	3658	2250	1668	1486	985	646	 51674
11/11/10	Thu	437	227	182	210	280	725	1474	2726	2558	2276	2329	2740	2908	2931	3382	3972	4625	4582	2940	2010	1506	1281	951	737	 47989
11/12/10	Fri	530	291	268	216	271	655	1586	2877	3065	2674	2852	3214	3383	3772	4569	4918	4952	5091	3473	2313	1724	1646	1394	1010	 56744
11/13/10	Sat	637	464	411	272	207	351	796	1435	1933	2239	2432	2940	3272	3111	2978	2954	3008	2713	2180	1719	1496	1427	1548	986	 41509
11/14/10	Sun	619	471	414	220	187	259	501	851	1113	1577	2011	2440	2658	2957	2432	2382	2414	2500	2334	1582	1245	1019	763	569	 33518
11/15/10	Mon	382	221	168	169	275	728	1666	2691	2882	2544	2392	2755	2886	2937	3546	4221	4829	5029	3083	1906	1563	1331	887	573	 49664
11/16/10	Tue	341	193	179	190	236	720	1657	2933	3198	2702	2678	2861	3039	2842	3268	3901	4322	4816	3378	2088	1481	1286	1130	586	 50025
11/17/10	Wed	335	206	183	171	260	652	1596	2726	3156	3013	2776	3130	3238	3077	3803	4388	4859	5064	3774	2145	1685	1522	1204	645	 53608
11/18/10	Thu	370	230	188	188	303	742	1811	3100	3290	2639	2659	3066	2948	3192	3756	4446	4671	4961	4006	2416	1835	1529	1244	794	 54384
11/19/10	Fri	473	298	287	280	300	756	1740	2977	3261	2847	2898	3058	3526	3643	4221	4719	4800	4986	3888	2519	1894	1999	1683	1046	 58099
11/20/10	Sat	799	471	397	247	254	435	913	1518	1919	2279	2650	2950	3307	3090	3151	3226	3153	2912	2261	1746	1471	1644	1396	1011	 43200
11/21/10	Sun	630	490	440	253	177	273	513	958	1234	1636	2051	2392	2490	2578	2606	2478	2445	2132	1813	1440	1195	988	834	527	 32573
11/22/10	Mon	378	226	176	174	288	686	1621	2695	3166	2814	2604	2709	3026	3047	3623	4414	4926	4953	3679	1863	1349	1221	969	586	 51193
11/23/10	Tue	398	284	185	205	303	718	1656	3035	3085	2779	2677	3163	3286	3397	3919	4615	4929	5025	3667	2368	1675	1495	1233	1016	 55113
11/24/10	Wed	549	322	240	210	284	623	1526	2564	2809	2715	2848	3253	3673	3840	4257	4648	4412	3923	2683	1942	1426	1306	1144	758	 51955
11/25/10	Thu	532	391	316	152	167	240	401	672	933	1309	1665	2208	2686	2535	2229	1887	1607	1665	1717	1632	1403	1177	834	551	 28909
11/26/10	Fri	312	221	242	227	288	480	923	1540	1792	2024	2319	2813	2839	2847	2925	2954	2828	2611	2038	1631	1347	1238	1100	647	 38186
11/27/10	Sat	520	332	363	219	212	331	684	1147	1507	1952	2237	2652	2772	2759	2654	2805	2589	2632	2060	1710	1444	1409	1304	753	 37047
11/28/10	Sun	561	409	372	229	206	336	572	897	1198	1705	2016	2300	2613	2681	2470	2414	2290	2213	2050	1557	1275	1109	773	530	 32776
11/29/10	Mon	360	200	169	170	276	678	1595	2783	2987	2407	2391	2750	2829	2747	3355	4155	4918	5014	3313	2008	1459	1140	876	585	 49165
11/30/10	Tue	394	242	176	145	251	701	1615	2765	3141	2717	2579	2916	2937	3139	3482	4351	4831	5129	3685	2219	1634	1503	1124	730	 52406
12/01/10	Wed	386	204	213	178	255	681	1618	2953	3135	2609	2690	2873	3007	3189	3608	4475	4846	4920	3830	2180	1700	1571	1145	655	 52921
12/02/10	Thu	394	224	230	188	295	676	1708	2888	3295	2765	3099	2907	3104	3151	3802	4464	4944	4972	3966	2225	1673	1608	1238	779	 54595
12/03/10	Fri	414	320	257	223	290	661	1685	2921	3152	2869	2869	3302	3508	3455	4168	4475	4899	4875	3615	2486	1993	2061	2107	1095	 57700
12/04/10	Sat	769	511	416	247	204	402	842	1567	1933	2350	2702	2954	3282	3157	3052	3105	3062	2987	2315	2093	2057	1604	1308	938	 43857
12/05/10	Sun	605	446	413	218	184	249	518	969	1216	1659	2062	2228	2444	2609	2595	2493	2429	2204	1726	1457	1292	1303	795	518	 32632
12/06/10	Mon	323	213	166	180	255	683	1573	2820	3105	2713	2589	2872	2882	3142	3495	4321	4464	5246	3570	2105	1495	1244	893	527	 50876
12/07/10	Tue	345	197	160	206	257	674	1652	2963	3127	2556	2551	2858	2960	3014	3607	4312	4892	5163	3545	2216	1643	1418	976	631	 51923
12/08/10	Wed	362	243	179	179	264	669	1641	3061	3318	2671	2642	3127	3025	3119	3557	4391	5046	5138	3684	2259	1779	1630	1024	712	 53720
12/09/10	Thu	438	272	225	205	290	674	1650	2962	3229	2833	2705	2973	3163	3332	3747	4763	5094	4981	3901	2439	1941	1861	1212	794	 55684
12/10/10	Fri	484	275	300	256	254	639	1636	2940	3150	2783	2903	3302	3387	3698	4188	4457	4720	5045	3749	2487	1776	1991	1610	1075	 57105
12/11/10	Sat	723	460	396	249	199	432	1006	1416	1856	2387	2773	3069	3281	3216	3115	3085	3014	2863	2272	1938	1662	1698	1499	1008	 43617
12/12/10	Sun	781	543	516	249	180	251	575	912	1049	1618	2062	2374	2840	2616	2569	2576	2518	2200	1933	1620	1347	1245	848	575	 33997
12/13/10	Mon	345	227	209	183	290	651	1635	2930	2955	2688	2622	2769	3075	3012	3526	4236	4618	4918	3343	2144	1606	1433	1195	677	 51287
12/14/10	Tue	438	253	233	258	294	734	1604	2976	3324	2664	2632	2928	3130	3146	3695	4453	4977	5095	3448	2319	1756	1669	1255	654	 53935
12/15/10	Wed	389	212	197	195	252	733	1649	2954	3354	2792	2799	2974	3304	3396	3734	4468	4446	4605	3814	2164	1706	1622	1270	728	 53757
12/16/10	Thu	460	308	245	217	305	662	1565	2865	2926	2785	2691	3001	3185	3331	3860	4143	5082	4901	3925	2436	1931	1748	1442	1000	 55014
12/17/10	Fri	624	439	356	252	291	653	1545	2744	3066	2769	2852	3235	3601	3786	4332	4812	5015	4733	3558	2664	2040	2111	1997	1218	 58693
12/18/10	Sat	835	633	438	291	251	401	965	1382	1838	2361	2760	3298	3542	3472	3336	3372	3190	3221	2686	2136	1863	1928	1669	1099	 46967
12/19/10	Sun	792	601	432	292	190	278	634	1056	1317	1659	2147	2377	2942	2960	2772	2580	2645	2360	2073	1743	1654	1711	1043	697	 36955
12/20/10	Mon	494	236	201	215	290	654	1539	2772	2946	2747	2843	3134	3369	3320	3732	4414	4962	4967	3291	2092	1589	1434	892	712	 52845
12/21/10	Tue	461	289	206	209	274	642	1601	2675	2984	2657	2806	3179	3421	3274	3901	4590	4926	5055	3378	2267	1721	1487	1425	822	 54250
12/22/10	Wed	535	325	256	218	286	703	1475	2579	2916	2816	2833	3088	3560	3501	3857	4116	5000	4906	3245	2376	1893	1682	1285	1048	 54499
12/23/10	Thu	665	432	306	200	264	625	1362	2294	2539	2615	2970	3283	3872	3901	4462	4736	4219	3686	2789	2286	1683	1722	1406	908	 53225
12/24/10	Fri	576	457	355	222	250	408	695	1190	1463	1946	2487	2815	2912	2955	3017	2800	2708	2501	2018	1664	1511	1549	1252	790	 38541
12/25/10	Sat	565	365	237	112	97	188	332	574	774	1091	1680	2003	2301	2383	2330	2197	1939	1789	1797	1690	1491	1269	934	552	 28690
12/26/10	Sun	353	240	224	161	133	271	501	762	1027	1632	2098	2563	2940	2993	2678	2657	2486	2492	2414	1843	1510	1509	1003	631	 35121
12/27/10	Mon	463	344	239	183	248	624	1258	2142	2558	2611	2910	3083	3244	3395	3615	4142	4458	3732	2982	1895	1449	1306	1229	693	 48803
12/28/10	Tue	437	283	231	199	245	670	1413	2484	2822	2569	2841	3051	3243	3357	3642	4412	4933	4597	3017	2133	1569	1682	1150	754	 51734
12/29/10	Wed	506	317	227	215	272	644	1452	2549	2780	2707	2784	3196	3388	3503	3745	4371	4867	4635	3172	2143	1659	1585	1180	850	 52747
12/30/10	Thu	544	380	296	209	288	612	1348	2345	2432	2478	2434	2619	2682	2630	2640	2561	2754	2602	1497	1240	963	754	781	635	 37724
12/31/10	Fri	422	390	322	227	218	370	668	995	1038	1263	1536	1821	2130	2213	2455	2430	2336	1894	1659	1419	1166	1027	850	617	 29466