01/01/10	Fri	1478	1546	1229	810	696	806	963	1186	1514	1686	1897	2224	2504	2620	2558	2732	2490	2298	2159	1868	1503	1349	1021	749	 39886
01/02/10	Sat	559	582	532	453	653	934	1384	1625	2191	2351	2602	3090	3034	3323	3184	3189	2977	2786	2385	2053	1716	1714	1478	1099	 45894
01/03/10	Sun	781	784	716	471	572	933	1284	1434	1943	2094	2274	2600	2926	3223	3078	2864	2804	3271	3043	2054	1783	1401	1010	679	 44022
01/05/10	Tue	353	288	269	391	903	2191	4024	4499	4127	3425	3432	3415	3744	3843	4034	4635	4347	4268	2987	2112	1715	1544	1078	667	 62291
01/07/10	Thu	329	275	321	394	843	1904	2963	3293	3406	3014	2884	2886	3389	3622	3687	4207	4052	3864	2914	2035	1592	1338	1021	603	 54836
01/08/10	Fri	421	425	371	424	738	1847	3591	4079	3903	3430	3421	3611	3947	4115	4299	4411	4429	3796	3185	2472	1894	1781	1296	1173	 63059
01/09/10	Sat	840	703	688	495	508	972	1574	1702	2289	2559	2823	3231	3485	3634	3580	3429	3587	3315	2794	2311	1832	1894	1725	1043	 51013
01/10/10	Sun	783	867	750	465	408	762	1259	1231	1784	2014	2261	2578	3159	3369	3241	3143	3384	3189	2707	2241	1765	1684	919	610	 44573
01/11/10	Mon	393	382	332	390	823	2259	4262	4453	4381	3538	3428	3494	3700	3924	4175	4528	4430	4252	3028	2277	1753	1808	1047	648	 63705
01/12/10	Tue	368	319	294	341	793	2106	3923	4412	4234	3471	3334	3503	3655	3983	4272	4638	3506	4261	3052	2437	1881	1935	1095	666	 62479
01/13/10	Wed	413	307	294	387	748	2096	3997	4565	4200	3551	3359	3569	3829	3876	4260	3963	3222	4126	3087	2439	2015	2059	1243	690	 62295
01/14/10	Thu	440	352	350	392	838	2108	3962	4515	4054	3546	3439	3591	3919	3877	4396	4899	4652	4462	3250	2549	2145	2035	1116	812	 65699
01/15/10	Fri	496	489	436	445	825	2073	3801	4455	4179	3591	3606	3826	4451	4365	4585	4882	4063	4338	3573	2925	2386	2251	1681	1231	 68953
01/16/10	Sat	779	803	673	531	534	935	1602	1952	2689	3118	3301	3748	4072	4088	4173	4333	4294	4150	3773	2899	2398	2302	2145	1334	 60626
01/17/10	Sun	1070	1041	827	519	450	734	1249	1338	1902	2327	2619	3015	3382	3923	3827	3623	3898	3568	3119	2439	2021	2225	1251	911	 51278
01/18/10	Mon	536	568	438	499	985	2056	3513	3804	3811	3476	3547	3824	4103	4360	4597	4206	4772	4207	3208	2445	2253	1607	998	614	 64427
01/19/10	Tue	368	271	264	383	897	2221	4270	4676	4397	3718	3516	3709	3960	4107	4426	4660	4576	3199	3143	2272	2098	1501	1060	602	 64294
01/20/10	Wed	361	308	300	379	782	2028	4064	4485	4042	3455	3366	3503	3844	3950	4246	4573	4272	3414	3156	2368	1974	1763	1109	610	 62352
01/21/10	Thu	391	337	303	379	806	2036	3948	4680	3941	3516	3289	3357	3560	4100	4356	4859	4502	4248	3331	2419	1988	1995	1165	959	 64465
01/22/10	Fri	520	436	431	435	848	1946	3849	4476	3956	3471	3531	3751	3988	4284	4501	4761	4692	4230	3431	2725	2186	2130	1729	1064	 67371
01/23/10	Sat	762	833	745	497	533	852	1481	1770	2155	2438	2738	2980	3457	3694	3801	3609	3366	3229	3028	2107	1720	1863	1855	1045	 50558
01/24/10	Sun	916	920	679	482	445	707	1114	1241	1705	1997	2241	2484	3091	3200	3019	3024	3231	3014	2415	1792	1801	1408	885	614	 42425
01/25/10	Mon	383	415	320	344	861	2226	4212	4445	4435	3559	3450	3610	3786	3803	4149	4572	4358	4033	2847	1961	1582	1461	888	508	 62208
01/26/10	Tue	326	276	272	348	782	2076	4080	4540	4102	3327	3367	3554	3583	3918	4066	4500	4388	4092	2843	2157	1745	1459	888	593	 61282
01/27/10	Wed	333	288	303	366	721	2002	4047	4621	4001	3440	3341	3561	3627	3815	3687	4106	4417	4182	2939	2166	1773	1514	920	589	 60759
01/28/10	Thu	372	316	359	405	805	1892	3773	4348	3761	3255	3161	3273	3591	3934	4039	4463	4351	3953	2928	2222	1815	1556	1116	670	 60358
01/29/10	Fri	428	413	419	406	791	1940	3748	4577	4159	3522	3522	3691	3945	4223	4381	4776	4359	4301	3445	2772	2103	1755	1305	922	 65903
01/30/10	Sat	744	846	732	482	476	861	1422	1762	2359	2492	2779	2977	3411	3487	3559	3464	3452	3213	2714	2245	1751	1738	1556	1076	 49598
01/31/10	Sun	826	977	793	524	444	723	1131	1279	1861	2162	2394	2754	3345	3639	3467	3361	3336	3006	2481	2148	1773	1376	1011	570	 45381
02/01/10	Mon	385	422	365	383	918	2162	4239	4558	4309	3636	3454	3586	3834	3842	4160	4625	4490	4157	2964	2033	1569	1317	981	560	 62949
02/02/10	Tue	332	277	277	335	784	2120	4099	4452	4254	3422	3313	3328	3419	3842	4035	4487	4344	4266	3034	2133	1795	1630	899	494	 61371
02/03/10	Wed	363	301	327	378	750	2085	4124	4690	4058	3317	3336	3558	3680	3913	4128	4490	4420	4139	2967	2172	1831	1443	1044	815	 62329
02/04/10	Thu	425	327	367	416	773	2114	3893	4490	3931	3398	3206	3641	3707	3932	4220	4666	4186	3911	3024	2348	1890	1614	1111	678	 62268
02/05/10	Fri	405	408	435	426	850	1950	3869	4523	3963	3554	3509	3693	4102	4352	4355	4614	4464	4246	3234	2585	1908	1801	1374	1116	 65736
02/06/10	Sat	755	898	676	507	474	873	1453	1716	2233	2458	2944	3283	3588	3549	3621	3574	3415	3098	2555	2126	1660	1662	1384	1125	 49627
02/07/10	Sun	808	919	788	485	438	745	1076	1198	1625	1824	2051	2275	2668	2893	2883	3030	2371	1630	1381	1197	1629	1185	797	586	 36482
02/08/10	Mon	345	316	366	417	900	2063	3317	3161	2765	2488	3285	3050	3246	3340	3695	3992	3782	3270	2354	1751	1296	1215	913	553	 51880
02/09/10	Tue	309	279	276	370	780	2134	3852	4224	3873	3347	3295	3498	3657	3658	4056	4331	4372	3960	2834	2121	1818	1717	1016	641	 60418
02/10/10	Wed	341	295	283	375	739	2106	4064	4509	4061	3429	3365	3599	3812	4022	4281	4506	4387	4132	3106	2234	1996	1583	1024	684	 62933
02/11/10	Thu	399	361	338	424	924	2155	4080	4672	4047	3360	3325	3764	3965	4197	4400	4791	4776	4306	3352	2535	2011	1652	1176	1016	 66026
02/12/10	Fri	578	504	433	456	963	2102	4048	4702	4113	3615	3736	3864	4339	4542	4720	4850	4575	4113	3237	2680	2043	1895	1425	1100	 68633
02/13/10	Sat	788	850	769	559	623	935	1640	2004	2602	2986	3467	3914	4059	4263	4409	4399	4203	3790	3336	2776	2250	2042	1711	1149	 59524
02/14/10	Sun	953	1057	868	494	430	665	1028	1062	1445	1674	2014	2399	2930	3076	3143	3066	3150	2888	2597	2018	1699	1450	1109	815	 42030
02/15/10	Mon	530	586	422	432	909	1854	3267	3575	3542	3447	3437	3767	3806	3927	4263	4583	4517	3938	3039	2287	1674	1402	948	657	 60809
02/16/10	Tue	354	292	255	401	972	2179	4217	4509	4198	3545	3454	3651	3871	4131	4328	4556	4530	4287	3116	2335	1928	1564	1049	648	 64370
02/17/10	Wed	364	352	334	388	861	2135	4120	4647	4242	3503	3487	3589	3828	4036	4177	4484	4416	4154	3002	2368	2001	1566	1085	658	 63797
02/18/10	Thu	406	359	347	433	874	2112	4108	4560	3998	3582	3522	3578	3875	4150	4193	4082	3719	2087	3196	2054	1539	1356	1028	705	 59863
02/19/10	Fri	397	373	449	456	903	1970	3462	4080	3900	3272	3281	3633	3924	4247	4246	4305	3997	3416	2806	2399	1761	1781	1436	933	 61427
02/20/10	Sat	618	619	637	473	553	919	1492	1717	2078	2272	2684	3074	3102	3304	3425	3289	3127	2732	2606	2018	1763	1513	1506	997	 46518
02/21/10	Sun	776	943	961	502	517	795	1142	1255	1810	1897	2153	2363	2981	3177	2938	2697	2843	2458	2203	1883	1464	1275	919	611	 40563
02/22/10	Mon	337	387	373	419	985	2195	3504	3872	3797	3652	3372	3491	3689	3822	4097	4504	4243	3969	2867	2090	1666	1396	963	770	 60460
02/23/10	Tue	366	256	303	337	806	2176	4202	4400	4154	3395	3409	3016	861	945	1036	1095	3215	3653	3009	2276	1815	1585	992	652	 47954
02/24/10	Wed	372	285	323	384	824	2192	4215	4645	4162	3528	3506	3545	3769	3874	4261	4595	4535	4146	3074	2367	1907	1515	1048	639	 63711
02/25/10	Thu	431	322	342	434	834	2195	4170	4625	4052	3466	3419	3789	3906	4083	4368	4623	4469	3927	2911	2396	1902	1546	1058	690	 63958
02/26/10	Fri	461	401	414	426	882	1997	3939	4391	4220	3567	3687	3851	4105	4065	4467	4717	4456	4238	3526	2764	2262	2033	1503	1135	 67507
02/27/10	Sat	807	858	738	521	612	903	1569	1907	2381	2633	3041	3161	3402	3623	3546	3396	3421	3240	2886	2390	1952	1959	1521	1070	 51537
02/28/10	Sun	888	1004	808	511	499	828	1227	1410	1939	2235	2552	2786	3471	3688	3844	3452	3307	2893	2353	1865	1557	1452	950	661	 46180
03/01/10	Mon	407	353	376	402	1014	2294	4245	4609	4080	3499	3545	3608	3845	3968	4365	4885	4302	3997	3079	2211	1709	1558	965	641	 63957
03/02/10	Tue	312	273	299	391	842	2176	3779	4712	4489	3462	3463	3674	3639	3951	4183	4518	4391	4312	3198	2278	1856	1555	1019	643	 63415
03/03/10	Wed	432	332	314	404	828	2220	4267	3997	4404	3477	3588	3711	3864	4028	4259	4684	4557	4244	3123	2397	1998	1820	1067	702	 64717
03/04/10	Thu	393	393	333	425	855	2219	4206	4585	4112	3416	3491	3730	3971	4127	4397	4668	4666	4349	3384	2565	2074	1699	1109	788	 65955
03/05/10	Fri	497	458	412	480	886	2049	4073	4699	4122	3624	3660	3979	4296	4346	4607	4874	4668	4428	3555	3025	2430	2150	1514	1036	 69868
03/06/10	Sat	862	890	718	501	557	983	1623	1957	2656	2771	3080	3291	3578	3732	3655	3908	3613	3371	2955	2494	1961	1965	1543	1056	 53720
03/07/10	Sun	852	908	739	531	504	804	1338	1408	1966	2241	2459	2703	3346	3681	3606	3425	3435	3170	2753	2147	1728	1474	1055	887	 47160
03/08/10	Mon	482	389	333	413	1017	2274	4498	4688	4230	3505	3479	3721	3852	4042	4267	4842	4516	4057	2796	2130	1607	1361	905	799	 64203
03/09/10	Tue	356	303	279	373	829	2212	4429	4592	4209	3503	3442	3591	3782	3911	4148	4490	4541	4140	2990	2242	1805	1658	1016	580	 63421
03/10/10	Wed	352	351	321	372	826	2274	4238	4702	4185	3562	3523	3687	3984	4086	4544	4978	4849	4758	3423	2484	2054	1896	994	639	 67082
03/11/10	Thu	382	346	307	436	965	2292	4224	4688	4042	3539	3528	3536	4009	4096	4286	4674	3621	4328	3282	2488	2029	1986	1231	821	 65136
03/12/10	Fri	490	481	422	480	933	2247	4115	4593	4246	3801	3774	4006	4347	4457	4647	4629	4228	4287	3627	2860	2149	2328	1704	1129	 69980
03/13/10	Sat	794	868	711	510	601	989	1650	2080	2454	2824	2972	3402	3774	4043	3867	2903	3539	3601	2940	2449	1958	2082	1596	1185	 53792
03/15/10	Mon	452	431	328	442	975	2280	4099	4586	4166	3411	3420	3759	3854	4131	4220	4779	4691	3404	2847	2446	2004	1645	965	757	 64092
03/16/10	Tue	345	331	310	396	844	2224	4185	4358	4414	3671	3539	3735	3914	4019	4426	4949	4645	4210	3126	2786	2120	1806	1230	712	 66295
03/17/10	Wed	411	359	313	438	960	2306	4422	4286	4583	3739	3678	3887	4293	4664	4745	5156	4936	4913	3459	2718	2153	1839	1225	881	 70364
03/18/10	Thu	525	447	402	533	1110	2508	4372	4549	4639	4057	4012	4073	4308	4578	4540	4141	3825	3043	3349	2962	2507	2047	1433	970	 68930
03/19/10	Fri	518	560	538	527	1022	2098	3587	4067	3456	3133	3236	3202	3544	3600	3185	2530	2874	2997	2165	1787	1419	1404	1168	915	 53532
03/20/10	Sat	568	476	454	387	537	965	1260	1571	1927	2454	2786	3245	3468	3741	3806	3756	3683	3206	2806	2555	2142	2105	1911	1361	 51170
03/21/10	Sun	1013	1024	791	581	610	895	1284	1426	1890	2303	2666	2971	3456	3691	3503	3622	3462	3074	2756	2450	1979	1706	1093	746	 48992
03/22/10	Mon	439	508	341	412	1073	2433	4283	4748	4272	3525	3631	3779	3869	4149	4259	4748	3537	4083	2927	2423	1834	1564	982	806	 64625
03/24/10	Wed	302	232	292	359	687	1442	2017	2192	2225	2302	2196	2543	2815	2978	3283	3573	3447	3047	2361	1889	1679	1473	1067	697	 45098
03/25/10	Thu	451	371	344	483	1076	2372	4011	4157	4303	3778	3534	3805	3965	4141	4372	4692	4640	4135	3358	2628	2123	1809	1168	811	 66527
03/26/10	Fri	486	506	412	494	1098	2318	4023	4715	4053	3748	3858	4135	4228	4321	4397	4720	4377	4254	3129	2443	1962	1980	1530	966	 68153
03/27/10	Sat	769	748	614	500	627	1063	1497	1798	2247	2464	2800	3073	3335	3432	3332	3453	3204	3048	2734	2280	1917	1886	1676	1247	 49744
03/28/10	Sun	889	1047	746	587	579	868	1298	1474	1817	2198	2421	2728	3166	3441	3396	3281	3147	3011	2669	2330	1842	1549	1002	732	 46218
03/29/10	Mon	476	487	304	450	1064	2162	3988	4368	3925	3591	3463	3637	3666	3881	4100	4468	4458	4015	2983	2369	1897	1491	1030	624	 62897
03/30/10	Tue	377	324	272	385	844	2241	3920	4367	3965	3508	3454	3804	3684	3976	4270	4578	4421	4037	2992	2542	2113	1736	1296	790	 63896
04/01/10	Thu	452	385	337	446	976	2181	3928	4163	3884	3504	3637	3770	3966	4003	4248	4669	4644	4264	3302	2573	2177	1846	1245	1090	 65690
04/02/10	Fri	530	550	458	448	945	1968	3522	3939	4053	3530	3590	3896	4240	4372	4430	4620	4549	3806	3077	2637	2316	2153	1588	1139	 66356
04/03/10	Sat	817	789	611	523	609	952	1469	1803	2370	2756	3036	3344	3762	4231	3460	3475	3246	2989	2664	2380	2000	2110	1558	1139	 52093
04/04/10	Sun	811	934	712	473	514	657	994	1271	1761	1964	2340	2810	3170	3519	3190	3148	3047	2813	2644	2467	2125	1745	1081	761	 44951
04/05/10	Mon	441	413	307	411	1056	2459	4418	4707	4250	3120	3565	3721	3945	4069	4221	4564	4578	4189	3093	2484	1869	1584	1042	598	 65104
04/06/10	Tue	366	282	289	411	918	2409	4337	4324	4505	3544	3351	3077	3795	3965	4316	4664	4652	4336	2990	2446	2028	1716	1058	677	 64456
04/07/10	Wed	346	296	340	419	874	2233	3953	4212	3954	3276	3220	3430	3845	4066	4304	4606	4464	4027	3222	2660	2134	1789	1255	798	 63723
04/08/10	Thu	460	396	336	474	1056	2368	4250	4652	4134	3928	3685	3826	3941	4198	4446	4704	4635	4202	3363	2941	2305	1876	1254	1001	 68431
04/09/10	Fri	653	512	416	479	1079	2314	4155	4656	4295	3781	3688	4065	4162	4277	4385	4730	4149	4397	3587	2880	2352	2162	1515	1114	 69803
04/10/10	Sat	762	794	679	552	726	1208	1859	2216	2792	2804	3131	3391	3485	3561	3673	3502	3492	3158	2668	2354	2112	2176	1848	1221	 54164
04/11/10	Sun	882	1018	838	543	621	1022	1413	1647	2142	2265	2693	2830	3370	3508	3229	3108	3307	3019	2527	2390	2105	1626	1111	749	 47963
04/12/10	Mon	478	429	326	443	1141	2519	4614	4910	4342	3677	3457	3768	3813	4003	4277	4824	4325	4139	3013	2437	1932	1748	1133	596	 66344
04/13/10	Tue	383	291	291	386	931	2416	4540	4650	4427	3657	3426	3726	3823	3969	4214	4711	4468	4052	2995	2477	2178	1830	1212	642	 65695
04/14/10	Wed	367	354	309	404	897	2443	4440	4678	4274	3642	3448	3699	3832	4068	4239	4643	4648	4161	3169	2660	2214	1798	1359	693	 66439
04/15/10	Thu	419	388	336	440	962	2516	4468	4790	4140	3536	3697	3904	3960	4114	4408	4966	4759	4407	3371	2970	2274	1804	1254	882	 68765
04/16/10	Fri	523	505	416	492	1013	2297	4300	4720	4365	3628	3656	4045	4127	4266	4480	4711	4567	4086	3160	2579	2189	1855	1523	1120	 68623
04/17/10	Sat	726	866	641	521	631	1068	1677	2102	2500	2625	2940	3239	3465	3401	3318	3462	3288	2869	2452	2083	1825	1908	1651	1316	 50574
04/18/10	Sun	906	977	777	496	545	808	1218	1511	1912	2282	2498	2899	3476	3726	3776	3340	3404	2998	2642	2393	2046	1494	1207	747	 48078
04/19/10	Mon	464	438	355	425	1039	2501	4706	4789	4192	3588	3389	3678	3855	3957	4236	4434	4412	3671	2045	1890	2126	1469	969	773	 63401
04/20/10	Tue	567	319	288	396	915	2496	4501	4691	4088	3585	3314	3649	3736	3865	3836	4001	4414	4179	3122	2457	2133	1688	1092	817	 64149
04/21/10	Wed	432	348	292	463	913	2498	4483	4704	4233	3678	3413	3644	3809	4063	4328	4710	3787	3750	3165	2627	2111	1669	1090	669	 64879
04/22/10	Thu	408	336	315	447	1064	2495	4173	4215	4512	3418	3428	3579	3828	4222	4236	4437	4458	4074	3032	2289	1998	1656	1254	718	 64592
04/23/10	Fri	469	493	379	497	1060	2261	3989	4338	4025	3367	3205	3371	3730	3197	3610	3894	4373	3833	2908	2529	1999	1835	1398	1039	 61799
04/24/10	Sat	678	733	640	521	559	1029	1527	1787	2188	2472	2737	3083	3442	3582	3471	3481	3496	2970	2620	2233	2161	2129	1788	1504	 50831
04/25/10	Sun	1067	1105	808	564	572	866	1190	1364	1756	2085	2390	2728	3151	3505	3196	3246	3208	3170	2701	2036	1666	1245	903	628	 45150
04/26/10	Mon	403	400	309	403	1009	2398	4418	4792	4130	3547	3473	3725	3859	3834	4090	4463	4488	4129	3013	2369	1903	1723	1027	610	 64515
04/27/10	Tue	381	281	285	380	887	2405	4501	4787	4133	3628	3485	3730	3731	3824	3947	4637	3754	3424	3037	2485	2115	1890	1150	595	 63472
04/28/10	Wed	389	363	298	439	948	2498	4497	4677	4207	3598	3471	3618	3741	3771	4120	4604	4540	4303	3235	2640	2171	1628	1067	999	 65822
04/29/10	Thu	477	369	345	455	1021	2465	4312	4506	4039	3480	3510	3674	3902	4094	4385	4824	4441	4237	3234	2516	2178	1689	1208	742	 66103
04/30/10	Fri	512	475	432	530	1049	2428	4372	4707	4151	3687	3753	4015	4391	4279	4408	4608	3774	4054	3435	2726	2343	1897	1395	1251	 68672
05/01/10	Sat	777	832	691	473	679	1150	1841	2203	2424	2739	2924	3439	3426	3494	3535	3427	3375	3266	2788	2529	2089	1941	1733	1342	 53117
05/02/10	Sun	995	964	704	521	545	881	1159	1381	1847	2114	2513	2633	3221	3410	3334	3201	3104	2799	2384	2106	1720	1457	993	686	 44672
05/03/10	Mon	423	424	329	435	1041	2630	4559	4772	4161	3560	3514	3742	3805	3933	4304	4534	4544	4186	3045	2447	1905	1566	1026	603	 65488
05/04/10	Tue	395	310	321	374	986	2621	4544	4813	4278	3698	3589	3585	3741	3848	4177	4549	4373	3609	3528	2592	2198	1658	1105	640	 65532
05/05/10	Wed	417	313	340	448	963	2493	4565	4595	4398	3651	3504	3739	3819	3993	4127	4750	4851	4407	3716	2693	2232	1679	1044	833	 67570
05/06/10	Thu	431	414	361	463	1007	2478	4443	4725	4175	3751	3537	3760	3817	4080	4391	4649	4305	4052	3274	2561	2151	1651	1173	765	 66414
05/07/10	Fri	433	461	359	481	984	2392	4188	4547	4117	3510	3635	3952	4128	4020	4574	4631	4581	4041	3392	2774	2289	1885	1465	1075	 67914
05/08/10	Sat	751	860	625	490	592	1149	1770	2092	2480	2724	2879	3158	3196	3330	3351	3435	3265	3067	2632	2408	2119	1968	1503	1131	 50975
05/09/10	Sun	899	937	706	477	451	767	1134	1254	1651	2018	2432	2673	3319	3413	3266	3116	3166	2948	2612	2460	2189	1705	1198	704	 45495
05/10/10	Mon	476	473	359	441	1112	2540	4658	4739	4190	3576	3398	3696	3474	3817	4208	4049	3946	3807	2922	2497	2012	1681	1294	622	 63987
05/11/10	Tue	406	275	326	420	976	2461	4592	4544	4305	3586	3442	3662	3948	4149	4474	4691	4514	3878	3043	2351	1905	1563	1120	662	 65293
05/12/10	Wed	390	272	323	446	926	2318	4120	4379	3887	3541	3302	3555	3819	3986	4238	4282	4374	3859	2906	2351	1956	1690	1179	747	 62846
05/13/10	Thu	461	378	344	451	1032	2374	4346	4621	3957	3519	3468	3846	3768	4135	4279	4829	4692	3712	3396	2696	2210	1920	1409	895	 66738
05/14/10	Fri	563	528	394	496	1176	2356	4252	4672	4171	3705	3779	4080	4257	4268	3691	2997	3516	3749	3187	2617	2153	1966	1525	1099	 65197
05/15/10	Sat	785	866	691	576	791	1325	2035	2308	2949	2949	3328	3417	4009	3832	3960	3731	3373	3081	2637	2219	2233	2192	1722	1204	 56213
05/16/10	Sun	968	996	824	527	522	927	1254	1502	1924	2253	2542	2943	3089	3461	3444	3396	3767	2890	2868	2408	2117	1640	1215	799	 48276
05/17/10	Mon	466	470	371	469	1181	2572	4594	4726	3203	3686	3522	3560	3907	3890	4206	4317	4513	3951	2887	2373	1929	1581	1095	695	 64164
05/18/10	Tue	397	297	320	414	987	2472	4603	4687	4079	3433	3372	3622	3595	3835	4131	4253	3804	3978	2973	2446	1957	1585	1174	784	 63198
05/19/10	Wed	436	395	309	455	1034	2497	4521	4736	4100	3616	3518	3688	3941	4067	4217	4687	4618	4141	3055	2585	2108	1679	1164	774	 66341
05/20/10	Thu	445	425	375	474	1101	2613	4666	4700	3385	2989	3180	3253	3769	4076	4374	4123	3871	3991	3358	2739	2479	1993	1400	977	 64756
05/21/10	Fri	582	544	453	497	1135	2448	4428	4748	3967	3671	3799	3958	4268	4237	4542	4339	3975	4020	3295	2878	2443	2087	1600	1178	 69092
05/22/10	Sat	839	932	727	590	744	1261	1795	2141	2742	2868	2912	3177	3473	3681	3454	3523	3456	3042	2637	2411	2241	2083	1617	1233	 53579
05/23/10	Sun	925	1011	777	532	561	886	1297	1418	1972	2279	2540	2849	3411	3416	3436	3559	3253	3084	2566	2300	2085	1702	1302	831	 47992
05/24/10	Mon	493	476	365	494	1249	2614	4544	4579	3497	2993	2862	2859	3400	3748	3981	4268	4270	3824	2827	2289	2049	1707	1226	704	 61318
05/25/10	Tue	399	328	318	475	1034	2601	4509	4395	3977	3403	3402	3531	3778	3804	4074	4488	3979	4015	3370	2440	2093	2024	1270	753	 64460
05/26/10	Wed	429	362	352	502	1027	2621	4385	4598	4006	3681	3539	3696	3775	3899	4061	4616	4531	4046	3283	2479	2286	2126	1443	964	 66707
05/27/10	Thu	617	452	357	537	1221	2673	4328	4677	4314	3692	3740	3784	3909	4194	4454	4527	3840	4053	3422	2741	2529	2090	1442	1006	 68599
05/28/10	Fri	632	635	501	592	1197	2390	4025	4422	3892	3883	3665	4013	4214	4217	4818	4575	4561	3941	3356	2891	2430	2443	2088	1208	 70589
05/29/10	Sat	826	902	746	552	793	1225	1831	2062	2534	2827	3001	3085	3266	3362	3386	3329	3201	3196	3192	2352	2071	2357	1655	1226	 52977
05/30/10	Sun	892	1041	724	551	477	742	1174	1434	1795	2130	2386	2514	2914	3297	3082	3141	3344	2872	2420	2261	2066	1948	1472	1159	 45836
05/31/10	Mon	753	906	552	470	630	984	1511	1554	2049	2284	2546	2774	2887	3079	3000	2971	2996	2723	2484	2293	1966	1716	1145	749	 45022
06/01/10	Tue	418	331	317	449	1179	2721	4490	4465	4047	3700	3678	3673	3977	4015	4375	4642	4728	4079	3275	2684	2132	1764	1306	830	 67275
06/02/10	Wed	484	357	346	487	1110	2743	4525	4389	3924	3560	3564	3646	3770	4053	4211	4517	4534	4248	3358	2626	2200	1806	1319	815	 66592
06/03/10	Thu	439	427	395	587	1184	2678	4396	4515	3952	3603	3598	3768	3902	4045	4366	4673	4440	4289	3298	2617	2268	1766	1283	860	 67349
06/04/10	Fri	580	546	466	603	1171	2622	4245	4574	3941	3677	3776	4129	4250	4365	4407	4548	4447	4082	3519	2860	2543	2214	1579	1309	 70453
06/05/10	Sat	822	906	744	615	703	1398	2191	2442	2964	2947	3196	3510	3679	3747	3735	3676	3687	3110	2613	2792	2344	2243	1762	1284	 57110
06/06/10	Sun	1112	989	759	570	567	997	1584	1842	2318	2577	2903	3021	3529	3676	3492	3601	3400	3038	2648	2310	2167	1899	1361	998	 51358
06/07/10	Mon	540	523	397	520	1126	2744	4526	4536	4081	3695	3652	3615	3896	3894	4237	4536	4493	3908	3012	2586	2210	2021	1287	717	 66752
06/08/10	Tue	436	335	323	508	1020	2673	4365	4508	4033	3577	2869	3571	3784	3960	4273	4530	4383	4332	3379	2691	2210	2034	1214	846	 65854
06/09/10	Wed	446	349	370	548	1134	2752	4391	4511	4104	3577	3483	3666	3951	4056	4275	4487	4138	4040	3152	2711	2446	2157	1484	959	 67187
06/10/10	Thu	483	446	375	495	1242	2736	4285	4552	4035	3669	3795	3891	3931	3972	4481	4660	3863	4179	3466	2698	2314	1883	1388	926	 67765
06/11/10	Fri	592	532	475	516	1221	2562	4093	4370	4144	3704	3881	4207	4229	4212	4545	3807	3720	3825	3179	2550	2238	2104	1841	1410	 67957
06/12/10	Sat	836	839	637	505	669	1215	1694	1849	2234	2409	2735	3053	3228	3289	3328	3296	3295	2958	2600	2319	2120	2065	1562	1095	 49830
06/13/10	Sun	830	918	685	503	613	929	1239	1389	1739	1993	2399	2781	3168	3303	3180	3360	3600	2941	2526	1954	1698	1519	1081	767	 45115
06/14/10	Mon	458	489	373	490	1212	2670	4255	4611	4130	3620	3600	3919	3962	4062	4377	4535	4644	3962	3073	2602	2102	1705	1220	699	 66770
06/15/10	Tue	458	338	328	449	1127	2681	4338	4526	4599	4114	3577	3809	3855	3911	4276	4711	3897	4270	3173	2606	2265	1954	1840	1181	 68283
06/16/10	Wed	668	537	491	714	1390	2774	4302	4481	4214	3587	3621	3665	4046	4021	4319	4652	4003	3640	3151	2692	2392	1970	1321	938	 67589
06/17/10	Thu	503	461	346	534	1222	2703	4113	4547	4067	3815	3684	3794	4090	4004	4427	4521	3387	3794	3503	2707	2416	1877	1508	990	 67013
06/18/10	Fri	593	625	509	626	1166	2635	4127	4432	3980	3717	3728	3909	4094	4229	2593	2719	3891	3527	3580	2900	2509	2365	2057	1267	 65778
06/19/10	Sat	849	963	761	551	697	1375	1832	2179	2681	2831	3014	3120	3321	3469	3493	3463	3491	3217	2983	2508	2369	2384	2200	1357	 55108
06/20/10	Sun	1079	1109	820	609	603	963	1292	1606	1964	2353	2676	2990	3387	3435	3423	3657	3970	3269	2667	2318	2456	2055	1486	931	 51118
06/21/10	Mon	587	508	395	545	1261	2807	4260	4539	4234	3678	3643	3685	3938	4115	4266	4620	4377	4063	3253	2506	2111	1822	1271	713	 67197
06/22/10	Tue	417	302	321	475	1166	2797	4362	4619	4091	3545	3587	3920	4012	3935	4216	4636	4462	4138	3271	2750	2305	2218	1613	960	 68118
06/23/10	Wed	429	408	341	558	1193	2779	4314	4503	4095	3625	3551	3897	4115	4031	4178	4446	3950	3883	3345	2788	2357	2216	1803	1053	 67858
06/24/10	Thu	482	452	362	575	1291	2814	4372	4549	4068	3754	3773	3982	4066	4207	4273	4684	4349	4129	3375	2801	2373	2036	1540	1345	 69652
06/25/10	Fri	813	577	517	608	1298	2669	4132	4637	4078	3691	3812	4047	4217	4465	4472	4569	4241	4036	3438	2816	2449	2130	1724	1220	 70656
06/26/10	Sat	938	899	676	592	730	1249	1803	2113	2453	2805	2806	3238	3406	3371	3226	3455	3449	3265	3040	2365	2209	2096	1746	1298	 53228
06/27/10	Sun	984	952	736	585	639	1020	1362	1687	2037	2312	2755	3044	3372	3392	3336	3362	3584	3157	2789	2494	2380	2013	1368	926	 50286
06/28/10	Mon	571	528	391	536	1283	2798	4286	4643	4125	3718	3535	3627	3739	4059	4363	4456	4077	4041	3290	2699	2242	1943	1223	841	 67014
06/29/10	Tue	542	392	312	522	1237	2831	4314	4588	4217	3585	3672	3829	3855	3915	4210	4697	4165	4121	3364	2732	2329	2045	1350	950	 67774
06/30/10	Wed	504	402	439	561	1268	2858	4337	4568	4027	3710	3532	4039	3949	4241	4073	3735	2766	3599	3426	2978	2231	2090	1405	984	 65722
07/01/10	Thu	513	380	392	626	1283	2865	4301	4631	4181	3678	3783	3843	4087	4316	4184	4504	4050	3580	3602	3016	2580	2401	1541	1033	 69370
07/02/10	Fri	572	570	515	667	1214	2627	3961	4331	2538	3692	3823	4164	4030	4324	4499	4554	4286	3731	3262	2892	2493	2672	2185	1335	 68937
07/03/10	Sat	857	881	672	556	708	1258	1508	1870	2272	2535	2721	2942	3008	3078	2748	3088	2953	2612	2514	2300	1963	2073	2818	1726	 49661
07/04/10	Sun	984	1006	733	536	475	724	1023	1258	1478	1788	2034	2236	2613	2715	2813	2701	2960	2996	2697	2055	1933	1899	1998	1228	 42883
07/05/10	Mon	678	707	400	481	666	1148	1629	1865	2369	2460	2675	2903	3009	3190	3165	3366	3131	3154	2689	2449	2118	1980	1296	806	 48334
07/06/10	Tue	419	285	314	509	1291	2826	4388	4592	4048	3754	3598	3655	3236	4078	4336	4584	3181	3493	3223	2607	2220	2116	1520	880	 65153
07/07/10	Wed	482	360	354	487	1138	2621	4168	4472	4263	3695	3562	3696	3860	3943	4261	4652	4510	3866	3269	2551	2106	1931	1476	795	 66518
07/08/10	Thu	464	404	338	509	1108	2681	4231	4605	3969	3718	3563	3653	3864	4035	4238	4738	3874	4043	3199	2721	2234	1847	1350	845	 66231
07/09/10	Fri	516	531	447	561	1180	2635	4123	4286	3996	3646	3741	3739	3941	4135	4337	4267	4311	3714	3289	2838	2383	2227	1628	1491	 67962
07/10/10	Sat	884	930	682	568	754	1393	1860	2129	2605	2799	2942	3342	3445	3462	3725	3467	3539	2996	2758	2525	2516	2736	1966	1496	 55519
07/11/10	Sun	1051	1039	767	557	642	980	1395	1741	2014	2464	2691	3026	3195	3234	3060	3801	3776	3281	3132	2681	2362	1863	1319	893	 50964
07/12/10	Mon	501	503	378	529	1256	2845	4438	4618	4146	3648	3618	3947	4009	4066	4201	4668	4421	4162	3079	2575	2270	1843	1258	845	 67824
07/13/10	Tue	464	331	327	501	1158	2743	4408	4149	4323	3678	3595	3779	3869	4075	4276	4721	4272	4206	3274	2722	2365	1876	1324	856	 67292
07/14/10	Wed	471	367	344	509	1165	2787	4411	4504	4217	3737	3562	3790	4005	3993	4314	4461	4079	3976	3314	3026	2379	1971	1418	831	 67631
07/15/10	Thu	447	423	355	553	1280	2599	3685	4691	4142	3799	3789	3978	4150	4122	4448	4078	3574	3834	3470	2894	2540	1995	1449	1097	 67392
07/16/10	Fri	597	599	480	606	1184	2595	4109	4561	4114	3747	3964	3876	3950	4545	4453	3908	3981	4070	3403	2918	2463	2296	1599	1271	 69289
07/17/10	Sat	849	889	749	642	766	1261	1816	2312	2744	2832	3021	3183	3405	3446	3526	3475	3370	3371	3447	2419	2312	2329	1790	1403	 55357
07/18/10	Sun	1064	1137	886	618	672	1033	1314	1680	2122	2483	2748	2946	3372	3361	3309	3160	3320	2996	2848	2382	2458	1976	1516	981	 50382
07/19/10	Mon	561	595	385	552	1320	2755	4319	4542	4055	3692	3603	3726	3860	4054	4248	4322	4097	3951	3149	2562	2050	1739	1137	734	 66008
07/20/10	Tue	407	290	321	574	1135	2830	4370	4494	4138	3538	3504	3682	3845	4114	4269	4422	3844	3858	3442	2725	2061	1667	1217	827	 65574
07/21/10	Wed	475	360	342	539	1181	2799	4325	4538	4099	3751	3646	3834	4054	4641	4698	3963	3542	4033	3118	2846	2319	1804	1378	879	 67164
07/22/10	Thu	518	423	378	551	1209	2731	4292	4625	4013	3629	3736	3668	4072	4143	4571	4426	3663	4207	3387	2741	2371	2007	1429	921	 67711
07/23/10	Fri	539	573	494	605	1201	2560	4115	4476	4014	3914	3909	4198	3627	4592	4584	4194	3964	3949	3326	2922	2517	2264	1817	1269	 69623
07/24/10	Sat	914	966	688	608	763	1271	1777	2049	2596	2778	2942	3276	3378	3362	3387	3489	3461	3331	3005	2526	2384	2320	1750	1316	 54337
07/25/10	Sun	1037	1151	841	578	659	966	1285	1684	2073	2394	2693	2785	3364	3569	3399	3484	3576	3337	2930	2566	2514	1929	1413	836	 51063
07/26/10	Mon	610	539	401	601	1374	2847	4436	4734	4275	3743	3778	3913	4064	4161	4444	4154	4499	3927	3159	2582	2077	1692	1163	748	 67921
07/27/10	Tue	432	326	347	486	1243	2846	4371	4450	3973	3688	3677	3659	3780	4002	4353	4318	4152	4046	3241	2704	2326	2284	1429	876	 67009
07/28/10	Wed	462	396	356	536	1204	2907	4511	4709	4215	3801	3648	3368	3807	4217	4285	4649	4257	3964	3355	2848	2260	2053	1620	1151	 68579
07/29/10	Thu	613	485	388	560	1269	2805	4477	4488	4140	3752	3687	3883	4001	4145	4385	3476	3624	3910	3452	3035	2463	2103	1401	1039	 67581
07/30/10	Fri	632	681	501	585	1329	2668	4140	4518	4136	3879	3857	4048	4203	4394	4713	4943	4265	4017	3335	2590	2070	2572	1768	1461	 71305
07/31/10	Sat	1256	955	715	605	837	1352	1871	2276	2775	2992	3237	3343	3529	3870	3644	3523	3394	3166	2761	2508	2711	2617	1898	1485	 57320
08/01/10	Sun	1070	1121	778	618	708	1090	1415	1815	2215	2498	2744	3048	3368	3386	3319	3468	3778	3445	2796	2507	2363	1786	1258	786	 51380
08/02/10	Mon	550	511	376	618	1335	2905	4480	4689	4120	3726	3718	3930	4030	4039	4360	4686	4419	4073	3194	2584	1936	1565	1087	667	 67598
08/03/10	Tue	409	302	305	553	1222	2872	4509	4684	3946	3711	3709	3962	4030	4154	4418	4732	4622	4126	3271	2457	2269	2150	1509	880	 68802
08/04/10	Wed	498	354	340	608	1197	2854	4546	4710	4050	3593	3688	3760	3934	4307	4305	4716	3575	3492	3320	2690	2315	1921	1282	782	 66837
08/05/10	Thu	512	394	388	578	1305	2844	4558	4830	4117	3739	3794	3958	4218	4378	4627	2803	3738	3932	3410	2889	2322	2138	1366	918	 67756
08/06/10	Fri	580	636	426	673	1245	2573	4393	4769	4145	3953	4004	4161	4414	4430	4177	4250	4007	4202	3240	2878	2430	2129	1616	1238	 70569
08/07/10	Sat	837	938	744	605	816	1387	2094	2569	3005	3142	3197	3582	3530	3566	3735	3923	3796	3573	3307	2451	2594	2132	1782	1327	 58632
08/08/10	Sun	926	1055	793	579	722	1090	1688	1971	2230	2680	2906	2977	3416	3488	3518	3483	3510	3253	2681	2638	2449	1871	1267	804	 51995
08/09/10	Mon	519	515	385	597	1313	2864	4643	4698	4109	3696	3714	3681	4016	4204	4302	4650	4099	2918	3129	2377	1908	1600	1108	713	 65758
08/10/10	Tue	390	308	321	550	1225	2859	4578	4651	4163	3607	3539	3658	3902	4059	4403	4584	4426	4094	3285	2640	2265	1782	1191	807	 67287
08/11/10	Wed	452	372	375	554	1206	2815	4573	4742	4098	3721	3707	3742	3986	4093	4421	4600	4194	4137	3165	2637	2419	1887	1301	892	 68089
08/12/10	Thu	519	419	362	596	1251	2876	4521	4902	4076	3869	3816	3834	4187	4147	4547	4609	4058	3990	3315	2649	2396	1787	1401	972	 69099
08/13/10	Fri	602	604	508	656	1213	2711	4385	4524	4025	3865	3948	4060	4230	4410	3332	2469	4329	3071	3741	2812	2516	2046	1577	1326	 66960
08/14/10	Sat	929	946	782	605	827	1349	1782	2298	2791	3058	3413	4100	4294	4013	4012	3853	3599	3142	2853	2516	2541	2686	2341	1609	 60339
08/15/10	Sun	975	1138	794	612	679	1081	1391	1717	2205	2652	2859	3479	3842	4560	4169	4115	4009	3321	3119	2570	2488	1888	1459	971	 56093
08/16/10	Mon	550	514	377	589	1384	2920	4730	4818	4151	3657	3721	3820	4140	4242	4518	4327	4013	4026	2997	2461	1990	1489	1123	712	 67269
08/17/10	Tue	444	316	312	507	1218	3006	4345	4678	4146	3609	3507	3758	3961	4184	4254	3669	4200	4006	3315	2630	2214	1599	1203	760	 65841
08/18/10	Wed	454	391	329	537	1191	2871	4602	4764	4260	3669	3600	3681	3798	4116	4404	4808	3881	3886	3228	2718	2315	1811	1163	827	 67304
08/19/10	Thu	505	393	361	562	1212	2968	4733	4729	4013	3702	3577	3846	4176	4146	4394	4313	3738	3730	3461	2645	2183	1715	1220	762	 67084
08/20/10	Fri	486	494	454	576	1253	2782	4551	4578	3857	3793	3774	3843	4159	4277	4590	4400	4385	3838	3316	2794	2388	1920	1570	1183	 69261
08/21/10	Sat	904	956	747	604	817	1302	1824	2339	2708	2893	3063	3218	3437	3396	3466	3445	3329	3018	2727	2391	2257	2411	2338	1313	 54903
08/22/10	Sun	991	1183	865	588	555	1000	1275	1709	2052	2351	2601	2961	3481	3435	3387	3425	3407	3070	2906	2533	2328	1794	1100	739	 49736
08/23/10	Mon	457	457	331	523	1253	3013	4747	4685	4132	3752	3597	3784	3984	4128	4443	4532	4451	4084	3036	2485	1937	1631	1147	611	 67200
08/24/10	Tue	355	288	296	493	1148	2818	4470	4664	3992	3545	3436	3751	3851	4019	4306	4188	4289	3998	3217	2614	2179	2022	1122	691	 65752
08/25/10	Wed	376	347	388	458	1143	2953	4445	4477	4458	3642	3596	3676	3447	3890	4158	4653	4016	3945	3207	2479	2210	1713	1063	741	 65481
08/26/10	Thu	471	353	345	549	1055	3043	4377	4501	4340	3604	3631	3568	3830	4033	4483	4683	4276	4032	3156	2704	2283	1652	1194	799	 66962
08/27/10	Fri	515	503	450	632	1150	2919	4299	4645	4267	3798	3798	4053	4244	4376	4571	4131	4150	3883	3209	2739	2255	1943	1511	1138	 69179
08/28/10	Sat	775	875	696	578	733	1318	1805	2119	2730	3001	3218	3366	3424	3551	3482	3467	3286	3096	3048	2431	2186	2465	1634	1223	 54507
08/29/10	Sun	944	1046	762	507	533	874	1175	1638	2126	2305	2752	2957	3428	3563	3404	3452	3662	3351	2643	2366	2315	2032	1152	694	 49681
08/30/10	Mon	448	432	360	528	1070	2900	4727	4661	4208	3572	3600	3609	3783	3976	4315	4513	4467	3890	2906	2327	1795	1437	891	633	 65048
08/31/10	Tue	332	311	291	486	1152	2798	4356	4579	4170	3433	3464	3511	3817	3811	4290	4564	4365	4126	3049	2568	1997	1520	935	653	 64578
09/01/10	Wed	389	285	335	530	1188	2826	4303	4384	4268	3518	3418	3605	3780	3790	4231	4586	4539	3989	3108	2567	2252	1592	1019	749	 65251
09/02/10	Thu	433	398	336	567	1138	2918	4305	4476	4136	3604	3682	3676	3850	4156	4386	4690	4004	4082	3371	2949	2281	1912	1201	748	 67299
09/03/10	Fri	490	521	421	648	1300	2582	4158	4360	3556	3883	3656	4004	4111	4261	4637	4399	3616	3667	3333	2909	2457	2163	1605	1056	 67793
09/04/10	Sat	740	886	667	589	774	1241	1552	1960	2482	2726	2950	2980	3095	3068	3035	3221	3182	3075	2792	2273	2103	1962	1544	1207	 50104
09/05/10	Sun	846	938	712	479	433	673	930	1213	1684	1983	2263	2545	2882	2918	2957	2846	2651	2597	2336	2345	2141	1937	1369	1022	 42700
09/06/10	Mon	716	843	637	515	614	1015	1338	1681	2133	2442	2546	2644	2849	2952	3134	3302	3651	3072	2709	2704	1933	1433	971	487	 46321
09/07/10	Tue	299	230	291	551	1363	2891	4404	4399	4302	3903	3532	3733	3815	3937	4239	4566	4379	3990	3260	2524	2069	1762	1058	580	 66077
09/08/10	Wed	327	304	311	506	1132	2829	4467	4130	4257	3475	3370	3634	3675	3728	4180	4244	4392	4041	3086	2453	2020	1687	1007	607	 63862
09/09/10	Thu	367	355	337	500	1128	2788	4123	4238	4165	3842	3480	3618	3829	3969	4263	4281	3831	4129	3290	2577	2185	1610	1003	678	 64586
09/10/10	Fri	446	498	393	559	1173	2701	4183	4295	4069	3656	3634	3988	4103	4091	4424	4422	4354	3792	3122	2816	2164	2014	1531	1055	 67483
09/11/10	Sat	714	791	673	531	715	1346	1839	2370	2697	2791	3040	3286	3388	3348	3473	3368	3244	2889	2525	2420	2120	2338	1501	1151	 52558
09/12/10	Sun	907	944	634	533	534	961	1297	1607	1988	2287	2645	2805	3027	3067	3282	3185	3652	2968	2624	2484	1834	1526	991	584	 46366
09/13/10	Mon	393	438	334	514	1225	2882	4271	4397	4171	3481	3419	3635	3853	3763	4289	4314	3737	4185	3014	2290	1900	1602	1281	653	 64041
09/14/10	Tue	346	269	262	432	1060	2870	3514	4289	3860	3369	3336	3624	3704	3876	4102	4362	4358	4020	3197	2559	1966	1721	1004	569	 62669
09/15/10	Wed	365	341	314	464	1091	2841	4212	3779	4247	3560	3487	3727	3735	3682	3338	3703	3028	4117	3388	2683	2106	1466	867	563	 61104
09/16/10	Thu	351	352	334	555	1123	2823	4088	4305	3628	3444	3632	3801	3883	4124	4414	3912	4147	4188	3397	2887	2385	1822	1203	756	 65554
09/17/10	Fri	489	474	470	565	1184	2678	3869	4224	3904	3689	3622	3912	4046	4190	4271	4346	4358	4055	3408	2954	2330	1863	1350	996	 67247
09/18/10	Sat	837	810	745	564	714	1266	1753	2189	2607	2819	3064	3283	3353	3517	3527	3678	3715	3518	3327	2489	2070	1805	1553	1180	 54383
09/19/10	Sun	874	1062	684	532	627	997	1349	1831	2298	2430	2868	3117	3449	3463	3375	3253	3629	3653	2999	2548	1936	1450	942	761	 50127
09/20/10	Mon	426	429	330	558	1409	2980	4114	4202	4063	3787	3582	3678	3941	3962	4041	4342	4240	4000	3055	2244	1720	1330	868	492	 63793
09/21/10	Tue	281	289	288	470	1118	2965	4513	4102	3877	3410	3316	3656	3674	3735	4291	4374	2194	3715	3195	2405	1830	1437	869	496	 60500
09/22/10	Wed	330	330	314	489	1118	2856	4305	4168	4084	3584	3508	3635	3732	3939	4158	4138	3674	3908	3080	2355	1850	1561	960	633	 62709
09/23/10	Thu	380	345	312	531	1268	2926	4577	4307	3823	3539	3468	3751	4011	3994	4254	4560	4228	3704	3219	2713	2069	1565	1069	710	 65323
09/24/10	Fri	457	467	410	577	1257	2717	4229	4393	3988	3657	3838	4211	4266	4128	4438	4647	4187	3820	3322	2826	2344	2173	1447	1061	 68860
09/25/10	Sat	845	871	650	536	737	1247	1812	2389	2713	2800	3181	3381	3547	3550	3505	3594	3471	3270	2914	2494	2127	2108	2098	1284	 55124
09/26/10	Sun	1161	1532	993	751	577	872	1284	1613	2148	2398	2739	2898	3334	3430	3170	3473	3719	4137	3360	2544	2103	1628	1083	636	 51583
09/27/10	Mon	429	430	320	603	1438	3152	4626	4374	4290	3712	3741	3849	3965	4042	4296	4545	4375	3754	3018	2357	1933	1820	890	527	 66486
09/28/10	Tue	369	299	299	464	1153	2876	4539	4256	3953	3548	3411	3608	3785	4000	4180	4620	4346	3713	3234	2572	2105	1724	1022	590	 64666
11/02/10	Tue	308	276	248	339	779	2034	4215	4461	4078	3564	3274	3448	3608	3785	4035	4373	4365	4169	3303	2373	1502	1284	836	742	 61399
11/03/10	Wed	387	294	299	419	811	2049	4188	4606	4263	3646	3376	3573	3621	3874	4188	4476	4574	4197	3564	2487	1957	1680	1148	759	 64436
11/04/10	Thu	457	328	375	421	941	2077	4212	4665	4362	3750	3514	3651	3879	4041	4467	4370	4102	4122	3591	2703	1993	1708	1161	835	 65725
11/05/10	Fri	478	409	439	481	907	1997	4114	4580	4165	3694	3604	3839	4139	4241	4459	4298	3456	3331	3929	2945	2233	2071	1624	1311	 66744
11/06/10	Sat	864	739	810	548	565	904	1724	1778	2366	2445	2793	2988	3594	3519	3508	3424	3614	3329	3070	2433	1929	1926	1525	1092	 51487
11/07/10	Sun	644	763	768	591	439	453	692	1271	1367	1796	2209	2520	2828	3120	3617	3426	3234	3485	3072	2587	2062	1601	1341	953	 44839
11/08/10	Mon	445	329	361	361	888	2182	4463	4845	4268	3568	3378	3609	3655	3858	4063	4412	4429	4241	3059	2150	1696	1209	827	544	 62840
11/09/10	Tue	299	255	278	387	760	2137	4504	4565	4133	3547	3437	3609	3602	3979	3879	3621	3248	3039	2870	1937	1357	1155	876	503	 57977
11/10/10	Wed	302	225	310	388	787	1976	4142	4608	4276	3667	3588	3768	3845	3629	3367	4485	4132	3954	3265	2470	1582	1283	889	554	 61492
11/11/10	Thu	323	299	294	388	838	1849	3678	3739	3557	3168	3163	3362	3582	3817	3946	4271	4324	3935	2834	2125	1448	1237	933	769	 57879
11/12/10	Fri	495	350	365	378	737	1967	4045	4530	4067	3674	3553	3798	4262	4361	4489	4375	4316	4290	3516	2654	2179	1864	1568	1056	 66889
11/13/10	Sat	803	620	693	507	595	887	1554	1675	2266	2483	2665	3104	3348	3468	3487	3498	3669	3391	3517	2434	2034	1549	1479	1323	 51049
11/14/10	Sun	899	833	782	520	508	738	1299	1231	1669	2092	2330	2641	2956	3415	3215	3051	2647	3391	3070	2194	1710	1297	985	646	 44119
11/15/10	Mon	405	355	335	369	976	2239	4488	4302	4194	3726	3421	3569	3556	3790	4022	4339	4320	4204	2858	2055	1697	1511	1096	665	 62492
11/16/10	Tue	334	295	273	370	769	2046	4382	4703	4288	3699	3383	3597	3655	3453	3686	4119	3374	3778	2956	2226	1698	1454	1125	637	 60300
11/17/10	Wed	372	266	284	420	726	2024	4197	4265	4385	3652	3310	3453	3777	3805	4220	4552	3952	3770	3278	2452	2022	1715	1233	772	 62902
11/18/10	Thu	494	316	337	440	879	2168	4227	4719	4264	3665	2953	3610	3746	4044	4440	4611	3954	3765	3373	2567	2101	1702	1355	869	 64599
11/19/10	Fri	521	410	447	525	984	2068	4121	4674	4190	3748	3599	3797	4011	4318	4464	4532	4367	4055	3653	2660	2147	1977	1880	1212	 68360
11/20/10	Sat	870	734	786	544	704	1133	1772	1935	2455	2714	2981	3219	3538	3598	3591	3857	3635	3355	2785	2093	1726	1938	1676	1162	 52801
11/21/10	Sun	871	851	859	575	587	868	1321	1441	1804	2202	2467	2753	3146	3300	3661	3694	3498	2903	2166	1811	1506	1305	1031	609	 45229
11/22/10	Mon	403	371	328	423	878	2138	3852	4504	4359	3413	3452	3655	3670	3828	4210	4486	4363	4197	3018	2156	1653	1432	1071	637	 62497
11/23/10	Tue	398	281	299	522	939	2145	4217	4595	4184	3676	3648	3728	3972	4188	4547	4174	3081	3472	3729	2563	1989	1682	1293	1016	 64338
11/24/10	Wed	502	335	385	592	1084	2272	3811	4096	3927	3716	3644	3875	4323	4335	4645	4682	4347	3918	2902	2295	1916	1627	1279	883	 65391
11/25/10	Thu	578	439	443	446	656	872	1206	1225	1459	1561	1911	2243	2342	2391	2236	2106	2052	2114	1994	1724	1601	1332	1089	783	 34803
11/26/10	Fri	463	414	467	492	606	1215	1816	1979	2219	2411	2645	2745	3034	3074	3208	3107	3057	2854	2293	1952	1549	1390	1325	805	 45120
11/27/10	Sat	665	576	634	485	555	863	1289	1491	1869	2281	2490	2648	2943	3255	3239	3211	3120	2951	2522	2194	1825	1671	1493	986	 45256
11/28/10	Sun	852	861	875	541	753	918	1344	1423	2002	2189	2389	2616	2971	3278	3184	2838	2947	2985	2734	2076	1672	1377	905	619	 44349
11/29/10	Mon	345	310	320	406	1017	2166	4177	4464	4096	3586	3341	3473	3593	3749	3972	4473	4358	4194	2819	2168	1692	1353	1004	668	 61744
11/30/10	Tue	388	266	274	396	906	2215	4313	4389	4327	3710	3447	3583	3663	3871	4195	4550	4391	2707	3138	2348	1867	1563	1195	716	 62418
12/01/10	Wed	381	287	301	401	771	1994	4389	4642	4179	3669	3340	3443	3637	3821	4054	4508	4374	4283	3290	2248	1871	1747	1159	738	 63527
12/02/10	Thu	432	325	343	447	849	2024	4210	4434	4124	3556	3302	3618	3633	3844	4210	4469	4473	4163	3253	2544	1867	1627	1097	788	 63632
12/03/10	Fri	495	439	419	461	853	1961	4191	4649	4107	3648	3525	3958	4084	4259	4438	4682	4452	3819	2909	2310	2208	2706	2111	1151	 67835
12/04/10	Sat	945	743	777	531	552	978	1679	1821	2256	2408	2776	3060	3115	3201	3224	3370	3442	3065	2670	2396	2041	1820	1589	1099	 49558
12/05/10	Sun	871	873	827	500	446	668	1196	1166	1632	2056	2264	2527	2718	3169	3192	3113	3137	2733	2214	1946	1717	1440	933	605	 41943
12/06/10	Mon	369	329	361	240	592	2083	4315	4665	4303	3546	3411	3486	3700	3924	4151	4589	4425	4086	2881	2189	1588	1400	988	614	 62235
12/07/10	Tue	397	291	324	384	773	1939	4239	4587	4232	3627	3300	3475	3635	3781	3984	4459	4385	3962	3188	2332	1815	1424	1010	644	 62187
12/08/10	Wed	418	291	315	404	798	2016	4230	4639	4310	3628	3292	3503	3721	3807	4109	4403	4411	4176	3186	2341	2027	1605	1049	701	 63380
12/09/10	Thu	463	323	349	420	836	2006	4260	4670	4229	3705	3452	3693	3739	4035	4287	4762	4303	3915	3268	2344	2011	1821	1227	819	 64937
12/10/10	Fri	540	509	506	447	895	1869	4071	4656	4297	3835	3707	3970	4116	4336	4119	3735	4140	4085	3222	2482	2077	2070	1582	1140	 66406
12/11/10	Sat	814	752	759	521	497	861	1528	1769	2305	2621	2856	3279	3414	3590	3479	3323	3377	3125	2562	2009	1806	1804	1723	1239	 50013
12/12/10	Sun	1014	937	1004	528	461	710	1116	1086	1559	2000	2255	2605	2995	3418	3339	3212	3110	2888	2454	2048	1630	1263	891	555	 43078
12/13/10	Mon	413	344	351	380	930	2147	4292	4665	3538	3855	3566	3802	3912	3921	4238	4561	4335	3999	2716	2213	1801	1419	1091	689	 63178
12/14/10	Tue	375	293	287	416	770	2093	4264	4751	4338	3763	3418	3680	3847	4113	4368	4645	4512	3866	3023	2031	1535	1280	1122	595	 63385
12/15/10	Wed	443	303	371	404	782	2132	4178	4661	4277	3682	3640	3585	3807	4121	4451	4535	3503	3232	2962	2357	1974	1627	1114	773	 62914
12/16/10	Thu	439	322	405	465	881	2015	3997	4550	4124	3613	3627	3707	4015	4217	4311	4604	4544	4150	3303	2474	2109	1820	1286	1027	 66005
12/17/10	Fri	665	487	525	526	1020	1916	3777	4428	4205	3747	3637	3996	4183	4425	4719	4632	4423	4094	3269	2654	2266	2040	1781	1272	 68687
12/18/10	Sat	882	748	685	530	650	1038	1537	1643	2308	2628	2959	3261	3568	3635	3678	3595	3553	3260	2845	2604	2110	2088	1864	1241	 52910
12/19/10	Sun	928	899	850	552	572	784	1236	1224	1608	1986	2405	2791	2964	3439	3256	3062	3116	2852	2474	2186	1990	1497	1114	688	 44473
12/20/10	Mon	375	354	323	442	892	2019	3820	4120	3793	3666	3695	3846	3791	3921	4226	4636	4578	4317	2941	2287	1867	1546	1225	841	 63521
12/21/10	Tue	482	346	347	489	955	2047	3778	4087	3925	3631	3527	3794	4087	4190	4494	4751	4764	4334	3405	2437	1991	1490	1523	793	 65667
12/22/10	Wed	585	388	368	587	1104	2069	3703	3956	4079	3711	3780	3995	4128	4300	4431	4715	4610	4370	3382	2719	2186	1782	1427	1152	 67527
12/23/10	Thu	562	429	412	628	1033	1950	3428	3654	3824	3664	3758	3914	4032	4529	4698	4828	4388	3896	3057	2545	2146	1892	1480	1002	 65749
12/24/10	Fri	647	598	545	549	815	1179	1688	1917	2264	2633	2818	2995	3100	3259	3162	3057	2840	2499	2309	2012	1829	1741	1510	1066	 47032
12/25/10	Sat	769	640	448	332	382	570	835	848	1038	1345	1560	1814	2074	2264	2274	2169	2221	2113	1972	1764	1602	1463	1107	746	 32350
12/26/10	Sun	525	473	513	387	554	717	1132	1156	1472	1891	2122	2405	2681	2903	2802	2838	2707	3016	2700	1992	1876	1427	1085	757	 40131
12/27/10	Mon	516	455	410	435	873	1700	2956	3250	3093	3115	3098	3288	3508	3605	3829	4157	4106	3680	2633	2305	1739	1407	1131	700	 55989
12/28/10	Tue	419	322	291	446	869	1868	3401	3609	3456	3382	3281	3534	3507	3678	4001	4406	4348	4063	2900	2461	1879	1783	1285	793	 59982
12/29/10	Wed	500	369	346	471	955	1892	3359	3632	3541	3411	3263	3592	3715	3926	4128	4353	4347	4022	3153	2547	2069	1639	1234	892	 61356
12/30/10	Thu	507	411	480	504	904	1754	3166	3446	3597	3518	2991	3164	3027	3023	3013	2669	2225	2075	1768	1517	1125	1079	891	703	 47557
12/31/10	Fri	441	342	380	457	599	1023	1287	1451	1716	1837	1951	2057	2316	2523	2530	2573	2299	2104	1820	1577	1379	1183	978	675	 35498