01/01/10	Fri	870	896	701	490	434	507	721	869	1052	1476	1790	2253	2379	2593	2618	2686	2382	2392	2096	1699	1679	1583	1274	834	 36274
01/02/10	Sat	508	340	246	263	351	710	1168	1508	1851	2267	2775	3079	3087	3296	3093	3119	2966	2883	2516	2028	1805	1867	1595	1138	 44459
01/03/10	Sun	726	494	359	226	312	580	1037	1322	1691	2403	2865	3119	3033	3089	2721	2927	2796	2869	2203	1714	1464	1540	1262	824	 41576
01/05/10	Tue	462	324	247	318	644	1849	3814	4783	4012	3502	3463	3848	3605	3716	4308	4492	3566	3799	3052	2141	1835	1562	1043	677	 61062
01/07/10	Thu	485	342	268	382	583	1485	2678	3456	3318	2893	2880	3183	3412	3334	4013	4098	4004	3575	2867	1989	1818	1610	1287	711	 54671
01/08/10	Fri	490	308	326	310	590	1600	3326	4649	3816	3354	3708	3919	3887	4068	4422	4280	3770	3702	3234	2777	2202	1942	1594	942	 63216
01/09/10	Sat	661	413	340	281	377	766	1613	2234	2527	2792	3198	3460	3613	3489	3530	3305	3177	3078	2747	2160	1856	1832	1559	943	 49951
01/10/10	Sun	595	431	325	233	262	492	1117	1463	1719	2432	2836	2986	2796	3163	3059	2984	2778	2762	2561	1967	1876	1511	1159	686	 42193
01/11/10	Mon	450	327	266	335	676	1893	3708	4798	4161	3629	3761	3734	3619	3722	4156	4212	3602	3581	3126	2095	1666	1303	1031	609	 60460
01/12/10	Tue	399	261	232	358	639	1764	3766	4671	4132	3554	3495	3676	3666	3655	4204	3942	3375	3865	3304	2264	1784	1454	1140	621	 60221
01/13/10	Wed	419	273	213	296	716	1814	3909	5025	4290	3564	3569	3983	3705	3779	4316	4213	4286	3961	3456	2230	2098	1558	1221	659	 63553
01/14/10	Thu	394	292	254	312	733	1842	3783	4876	4341	3831	3720	3999	3856	4044	4451	4550	4078	3850	3512	2553	2382	2101	1477	868	 66099
01/15/10	Fri	589	331	313	389	698	1802	3724	4757	4028	3575	4024	4549	4360	4335	4445	3872	3458	3488	4137	2860	2687	2498	1938	1177	 68034
01/16/10	Sat	799	423	376	299	448	796	1550	2465	2986	3368	3789	3879	3795	4036	3879	3398	3253	3286	2881	2166	1971	1986	1592	1019	 54440
01/17/10	Sun	674	460	389	244	231	505	985	1558	1910	2738	3076	2932	2764	3164	3217	3065	2851	2797	2815	2012	1840	1579	1068	805	 43679
01/18/10	Mon	482	305	313	340	623	1688	3256	4065	3696	3896	4094	4169	3694	3934	4006	4121	3940	3804	3076	2089	1749	1549	1067	727	 60683
01/19/10	Tue	506	223	249	360	699	1928	3845	5007	4217	3735	3738	3756	3790	3900	4121	4474	3960	3750	3066	2122	1789	1408	1103	589	 62335
01/20/10	Wed	370	273	208	347	672	1826	3751	5021	4059	3668	3614	3779	3604	3821	4096	4467	2720	3735	3231	2246	1958	1574	1088	628	 60756
01/21/10	Thu	429	284	239	345	671	1827	3764	4925	4210	3688	3729	3802	3641	3776	4239	4722	4476	4164	3346	2451	2230	1949	1259	760	 64926
01/22/10	Fri	543	347	372	357	680	1763	3625	4954	4098	3743	3898	4195	4030	4412	4528	4436	3620	2207	4061	2673	2480	2261	1764	1202	 66249
01/23/10	Sat	630	432	349	314	375	724	1364	1974	2573	3051	3459	3738	3733	3608	3620	3508	3149	3099	2691	2093	1875	1734	1485	1094	 50672
01/24/10	Sun	651	446	333	190	249	497	849	1201	1543	2308	2894	2933	2902	2933	2711	2734	2773	2525	2548	1877	1857	1650	1086	711	 40401
01/25/10	Mon	393	275	279	300	668	1849	3731	4905	3987	3566	3570	3664	3618	3639	4064	4399	4148	3743	2892	1925	1511	1324	982	499	 59931
01/26/10	Tue	362	224	230	325	635	1776	3660	4817	3945	3342	3366	3606	3546	3692	4049	4503	4206	3803	3041	2001	1712	1455	957	594	 59847
01/27/10	Wed	379	236	236	298	665	1713	3641	4674	3895	3403	3492	3683	3808	3827	4059	4529	4537	3901	3278	2115	1873	1637	1087	686	 61652
01/28/10	Thu	453	258	242	369	650	1738	3420	4478	3682	3307	3325	3663	3571	3674	4185	4662	4507	3864	3301	2409	1991	1908	1419	806	 61882
01/29/10	Fri	507	279	277	317	607	1681	3404	4583	3909	3534	3683	4030	4149	4115	4465	4848	4046	4030	3678	2706	2535	2371	1692	1080	 66526
01/30/10	Sat	687	449	313	274	338	666	1359	2126	2620	2947	3313	3664	3766	3547	3363	3455	3207	3001	2932	2159	1952	1876	1550	1042	 50606
01/31/10	Sun	589	439	345	221	242	440	898	1260	1605	2525	2985	2956	2940	3273	3023	2888	2945	2917	2624	1979	1901	1564	1161	719	 42439
02/01/10	Mon	453	260	248	344	673	1858	3687	4771	4047	3518	3663	3715	3604	3701	3998	4336	4367	3765	2945	2041	1649	1340	909	568	 60460
02/02/10	Tue	370	252	237	325	644	1867	3724	4908	3954	3401	3543	3634	3657	3636	3995	4497	4310	3928	3079	2001	1797	1384	1046	580	 60769
02/03/10	Wed	356	253	249	329	660	1750	3681	4875	3959	3497	3393	3741	3844	3833	4161	4557	3969	3889	3246	2336	1965	1671	1095	632	 61941
02/04/10	Thu	426	263	242	351	675	1776	3541	4672	4057	3444	3512	3796	3824	3896	4142	4704	4207	3813	3460	2519	2346	1886	1393	831	 63776
02/05/10	Fri	499	332	278	346	649	1715	3521	4779	4117	3668	3714	4007	4239	4171	4596	4689	3901	4106	3687	2786	2467	2143	1668	1116	 67194
02/06/10	Sat	643	420	332	287	383	732	1486	2220	2653	2925	3298	3485	3563	3451	3291	3318	3094	3046	2769	2205	1841	1692	1571	1019	 49724
02/07/10	Sun	588	409	315	217	249	447	896	1256	1408	1929	2145	2340	2733	2491	2552	2801	2079	1506	1705	1506	2132	1503	1054	746	 35007
02/08/10	Mon	475	268	272	358	666	1731	2755	3141	2758	2849	3013	3164	3151	3296	3573	3934	3734	3238	2438	1774	1347	1315	1051	734	 51035
02/09/10	Tue	437	247	237	354	627	1774	3473	4606	3732	3342	3296	3516	3598	3677	4099	4376	4266	3801	3270	2026	1729	1520	984	728	 59715
02/10/10	Wed	419	244	235	299	623	1772	3733	4804	4017	3554	3478	3860	3910	3792	4193	4698	4330	3921	3310	2231	1938	1655	1159	754	 62929
02/11/10	Thu	450	266	271	348	708	1829	3811	4827	4182	3685	3522	3971	3660	3964	4427	4719	4440	3872	3525	2704	2405	2191	1522	994	 66293
02/12/10	Fri	713	443	389	398	694	1841	3600	4762	4196	3924	4129	4497	4260	4347	4664	3962	3391	3681	3837	2913	2673	2523	1894	1228	 68959
02/13/10	Sat	902	505	379	309	348	694	1376	2066	2721	3044	3430	3822	3886	3660	3499	3459	3313	3155	3197	2488	2344	2127	1713	1087	 53524
02/14/10	Sun	766	497	387	244	224	371	778	1113	1296	1730	2359	2640	2647	3053	3002	2927	2764	2800	2636	2165	1903	1760	1258	892	 40212
02/15/10	Mon	574	286	288	350	623	1595	3003	3819	3290	3352	3599	3697	3820	3739	3943	4135	3809	3508	2933	2157	1901	1504	1035	774	 57734
02/16/10	Tue	551	291	246	319	645	1836	3688	4829	4013	3454	3744	3884	3986	4044	4220	4588	4126	3872	3264	2233	1887	1557	1051	730	 63058
02/17/10	Wed	434	261	280	308	646	1854	3783	4983	4011	3690	3616	3876	3811	3828	4363	4619	4218	3999	3309	2275	1950	1649	1081	737	 63581
02/18/10	Thu	436	257	248	358	681	1825	3712	4817	4122	3614	3691	3768	3747	4020	3595	3336	2824	2803	2753	2279	2090	1748	1255	887	 58866
02/19/10	Fri	575	362	314	398	662	1465	2301	3815	3774	3401	3368	3748	4007	3967	4439	4362	3287	3151	2963	2429	2155	2102	1489	1089	 59623
02/20/10	Sat	630	368	300	318	372	716	1208	1802	2184	2628	2948	3372	3325	3326	3256	3204	2876	2830	2423	2083	1871	1940	1478	1057	 46515
02/21/10	Sun	613	406	337	249	258	489	806	1092	1445	1999	2346	2641	2725	2659	2650	2688	2556	2343	2283	1902	1627	1522	1037	864	 37537
02/22/10	Mon	587	330	275	386	660	1740	3036	3948	3786	3266	3400	3441	3569	3599	4042	4418	4153	3800	3001	2059	1578	1379	996	696	 58145
02/23/10	Tue	434	275	213	315	659	1795	3764	4674	4020	3436	3593	3714	3227	3126	3164	2892	3367	3721	3269	2233	1781	1668	1007	681	 57028
02/24/10	Wed	399	265	227	333	661	1801	3835	4854	4113	3645	3569	3839	3763	3711	4135	4562	4280	3842	3273	2394	2181	1727	1204	869	 63482
02/25/10	Thu	478	300	269	332	702	1888	3705	4992	4178	3610	3730	3771	3764	3819	4423	4225	3860	3359	3305	2463	2101	2010	1392	897	 63573
02/26/10	Fri	523	326	289	372	643	1759	3522	4762	4010	3734	3925	4252	4192	3374	3782	4471	3600	3539	3912	2938	2675	2375	1747	1266	 65988
02/27/10	Sat	846	500	366	318	342	773	1529	2060	2521	2986	3220	3546	3747	3464	3510	3390	3289	3123	2994	2371	2173	2062	1671	1239	 52040
02/28/10	Sun	663	411	377	242	274	509	1005	1310	1661	2290	2682	2789	2911	2997	3045	3016	3063	2787	2662	2034	1874	1543	1160	868	 42173
03/01/10	Mon	554	264	267	365	682	1893	3803	4591	3995	3605	3624	3641	3716	3756	4353	4470	4120	3765	3160	2126	1769	1381	1030	700	 61630
03/02/10	Tue	451	289	241	351	669	1864	3872	4789	4154	3605	3675	3665	3738	3732	4107	4572	3915	3749	3155	2237	1899	1551	1031	728	 62039
03/03/10	Wed	443	266	239	340	669	1845	3846	4940	4192	3702	3704	3899	3793	3934	4316	4696	4455	4062	3488	2298	2194	1744	1082	815	 64962
03/04/10	Thu	458	263	251	371	669	1911	3801	4979	4116	3766	3731	3929	3975	3958	4560	4826	4416	3717	3545	2583	2335	1998	1318	928	 66404
03/05/10	Fri	595	349	288	355	679	1806	3757	4829	4209	3664	3019	4670	4281	4343	4631	4151	3786	3722	4155	2968	2574	2400	1555	1175	 67961
03/06/10	Sat	743	456	373	308	398	785	1588	2115	2774	3179	3472	3748	3895	3763	3643	3587	3529	3273	2935	2367	2127	2154	1755	1155	 54122
03/07/10	Sun	685	424	375	230	279	500	990	1337	1543	2356	2829	2944	3145	3272	3220	3275	3312	3293	2896	2313	2123	1667	1164	861	 45033
03/08/10	Mon	581	354	276	315	710	1924	3888	4737	4134	3541	3570	3778	3663	3725	4252	4557	4195	3748	2966	2034	1663	1248	1045	688	 61592
03/09/10	Tue	419	285	249	304	654	1811	3978	4943	4019	3632	3486	3692	3679	3586	4223	4577	4324	3902	3163	2108	1993	1519	1019	654	 62219
03/10/10	Wed	355	262	253	306	661	1828	3985	4975	4018	3683	3620	3742	3791	3780	4250	4444	3833	2562	3624	2237	1964	1673	1271	686	 61803
03/11/10	Thu	452	293	250	331	696	1941	4000	4969	4028	3594	3728	3898	3844	3902	4539	3771	2999	3659	3782	2603	2119	1899	1489	1073	 63859
03/12/10	Fri	578	384	294	348	690	1896	4031	5042	4165	3994	4132	4257	4363	4372	4617	3958	3654	3312	3949	2986	2645	2409	1948	1337	 69361
03/13/10	Sat	820	466	381	371	444	828	1678	2323	3195	3830	4082	4121	4041	4091	4017	3838	3548	3358	3439	2633	2310	2171	1791	1328	 59104
03/15/10	Mon	642	303	265	347	704	1870	3702	4646	4158	3577	3857	3938	4004	4046	4559	4395	4241	3773	2931	2309	2012	1678	1154	799	 63910
03/16/10	Tue	538	309	278	363	685	1853	3825	4868	4399	3674	3780	3804	4005	3800	4451	4620	4298	3948	3284	2490	2064	1696	1169	806	 65007
03/17/10	Wed	453	269	256	314	732	1980	3890	4923	4420	3765	3806	4000	4138	3877	4427	4267	3904	3835	3381	2540	2350	1767	1251	843	 65388
03/18/10	Thu	479	274	311	346	738	2016	3993	5018	4345	3908	3910	4169	4091	4234	4546	4020	3446	3880	3617	2823	2549	2012	1484	1022	 67231
03/19/10	Fri	613	351	293	394	722	1710	3219	3843	3338	3064	3218	3362	3369	3617	2811	2116	2217	2640	2058	1835	1667	1522	1275	933	 50187
03/20/10	Sat	685	406	286	307	365	699	1220	1638	1975	2177	3195	3553	3618	3564	3601	3465	3312	3098	3034	2586	2383	2298	1889	1297	 50651
03/21/10	Sun	698	465	347	248	286	503	1041	1441	1801	2734	3306	3274	3300	3366	3338	3203	3033	3069	2810	2363	2244	1890	1304	830	 46894
03/22/10	Mon	618	355	289	337	721	2002	3809	4857	4144	3727	3794	4043	3971	3932	4229	4488	4267	3872	3167	2414	1945	1567	1123	724	 64395
03/24/10	Wed	461	328	262	313	535	1094	1631	2063	1852	2143	2295	2748	2838	3140	3390	3649	3403	3143	2619	2133	2008	1644	1183	834	 45709
03/25/10	Thu	572	386	291	374	727	1996	3822	4600	4150	3681	3721	4000	3905	4040	4088	4218	4001	3931	3540	2571	2458	2019	1438	954	 65483
03/26/10	Fri	659	393	305	374	704	1934	3726	4743	4122	3692	3967	4133	4335	4227	3888	3666	2720	3254	3821	2681	2263	2258	1791	1126	 64782
03/27/10	Sat	753	442	348	294	403	863	1400	1844	2456	2802	3180	3561	3528	3509	3144	3257	3136	3145	3065	2455	2278	2234	1660	1235	 50992
03/28/10	Sun	685	479	409	237	269	570	1033	1394	1801	2597	3103	3022	3019	3012	3151	3017	2909	2976	2706	2247	2155	1790	1297	748	 44626
03/29/10	Mon	533	305	279	341	725	1922	3656	4599	4052	3665	3911	3789	3909	3856	4018	4191	4157	3595	2850	2191	1926	1760	1106	711	 62047
03/30/10	Tue	551	305	259	333	676	1950	3922	4679	3969	3691	3768	4058	4156	3952	4073	4361	4024	3703	3029	2820	2132	1766	1231	911	 64319
04/01/10	Thu	604	307	285	341	687	1966	3715	4641	3959	3696	3922	4023	3912	4009	4349	4555	4313	4049	3463	2718	2321	2144	1402	862	 66243
04/02/10	Fri	749	424	308	351	641	1707	3401	4119	3768	3534	3780	4184	4196	4187	4532	4415	4264	4017	3488	2633	2412	2176	1634	1129	 66049
04/03/10	Sat	820	389	340	291	366	712	1336	2032	2424	2833	3254	3427	3483	3434	3376	3186	3823	3118	2889	2502	2186	2145	1742	1129	 51237
04/04/10	Sun	666	449	395	223	335	564	893	1246	1574	2367	2919	2991	2990	3049	3142	2897	2788	2961	2814	2477	2443	1991	1237	889	 44300
04/05/10	Mon	685	325	241	349	730	1943	4064	4862	3256	3499	3732	3976	3962	3960	4256	4625	4442	3856	3014	2389	2000	1682	1130	809	 63787
04/06/10	Tue	518	302	258	358	695	2001	4072	4605	4076	3524	3557	3862	3913	3803	4209	4488	4262	4002	3256	2445	2032	1655	1151	794	 63838
04/07/10	Wed	394	272	247	336	606	1695	3260	4330	3946	3385	3479	3737	3720	3920	4287	4496	4437	4098	3219	2382	2186	1783	1279	888	 62382
04/08/10	Thu	531	342	273	364	759	2029	4189	5044	3271	3395	3796	3984	3826	3934	4433	4907	4669	4237	3573	2920	2491	2049	1355	937	 67308
04/09/10	Fri	558	356	89	2	355	2023	4054	4864	4223	3892	4197	4422	4313	4151	4544	4732	4328	3878	3573	2763	2504	2248	1627	1145	 68841
04/10/10	Sat	613	408	330	305	416	872	1722	2320	2796	3161	3340	3492	3441	3556	3527	3493	3447	3265	2902	2397	2197	1969	1614	1223	 52806
04/11/10	Sun	652	441	347	239	303	565	1104	1595	1946	2719	3219	3365	3224	3170	3366	3175	2942	2953	2837	2439	2127	1855	1304	878	 46765
04/12/10	Mon	613	306	286	351	760	2018	4148	4810	4232	3604	3788	3742	3766	3848	4229	4507	2257	4051	3183	2483	1931	1529	1100	685	 62227
04/13/10	Tue	447	265	241	329	752	2034	4199	4674	4103	3638	3651	3720	3707	3895	4246	4509	4448	3873	3014	2432	2187	1786	1113	748	 64011
04/14/10	Wed	364	270	284	345	723	2060	4138	4935	4135	3701	3681	3814	3864	3929	4361	4617	4592	4216	3414	2535	2247	1617	1175	800	 65817
04/15/10	Thu	398	282	261	376	742	2094	4134	5019	4193	3700	3726	4226	3982	3952	4484	3958	3768	3619	3398	2748	2683	2260	1349	1031	 66383
04/16/10	Fri	563	303	325	355	720	2025	3981	4859	3950	3683	3776	4020	4152	4310	4471	4842	4516	4149	3671	2804	2600	2163	1602	1090	 68930
04/17/10	Sat	689	382	353	288	382	766	1584	2266	2678	3027	3228	3514	3428	3512	3367	3125	2987	3221	2314	2833	2130	1904	1561	1162	 50701
04/18/10	Sun	627	439	304	233	248	544	948	1435	1811	2495	2996	3216	3319	3303	3237	3346	3237	3682	3000	2269	2256	1856	1260	869	 46930
04/19/10	Mon	613	290	257	342	751	2072	4108	4477	4170	3657	3795	3794	3822	3925	4258	4685	4336	3846	2916	2302	1955	1516	1086	711	 63684
04/20/10	Tue	468	302	280	326	753	2100	4215	4952	3847	3483	3576	3708	3704	3897	4209	4582	4475	3921	3225	2489	2120	1716	1175	745	 64268
04/21/10	Wed	394	251	256	347	758	2135	4102	4894	4087	3628	3571	3865	3868	3798	4176	4772	4254	3998	3260	2466	2049	1822	1144	775	 64670
04/22/10	Thu	458	278	279	356	754	2100	4063	4790	3918	3350	3230	2820	3656	3928	3698	4433	4285	3865	3026	2347	2135	2110	1302	994	 62175
04/23/10	Fri	608	352	312	352	659	1851	3464	4174	3716	3129	3239	3260	3543	2841	4093	4309	4329	3893	3293	2639	2220	2209	1552	1075	 61112
04/24/10	Sat	578	359	324	278	396	752	1419	1993	2512	2951	2920	3716	3644	3414	3575	3294	3130	3139	3049	2635	2258	2019	1774	1170	 51299
04/25/10	Sun	682	494	358	269	290	489	1044	1336	1764	2483	3068	3093	3163	3307	3265	3044	2940	2800	2615	2264	2045	1734	1174	851	 44572
04/26/10	Mon	574	322	307	318	763	2020	4138	4619	3598	3993	3719	3799	3741	3852	4341	4565	4331	4069	3007	2371	2029	1612	1011	768	 63867
04/27/10	Tue	484	271	238	321	762	2166	4255	4884	3905	3684	3647	3807	3654	3924	4372	4667	3914	1480	3746	2324	2187	1579	1102	718	 62091
04/28/10	Wed	445	251	271	336	788	1490	4127	4959	3921	3439	3459	3974	3850	3632	4171	4499	4220	3537	3368	2591	2132	1818	1204	737	 63219
04/29/10	Thu	466	291	270	330	765	2058	4068	4570	3859	3287	3452	3757	3620	3878	4418	4117	4480	4009	3404	2613	2315	1950	1334	857	 64168
04/30/10	Fri	529	326	321	366	737	2031	4083	4908	3980	3568	3870	3992	3897	3957	3379	4411	4320	3918	3600	2821	2531	2317	1667	1162	 66691
05/01/10	Sat	797	453	361	288	402	885	1661	2409	2738	3244	3434	3586	3663	3445	3499	3409	3219	3153	2931	2642	2216	1946	1803	1379	 53563
05/02/10	Sun	811	443	358	238	258	536	1069	1473	1702	2474	2860	2902	3081	3235	3167	3112	3058	2894	2868	2320	2273	1889	1252	781	 45054
05/03/10	Mon	680	313	262	329	794	2213	4223	4837	3976	3467	3531	3545	3485	3606	4312	4464	4551	3805	3151	2282	2079	1574	1075	751	 63305
05/04/10	Tue	462	281	285	348	779	2254	4239	4910	3383	3681	3392	3425	3525	3594	3962	4191	4317	3793	3127	2560	2123	1845	1272	707	 62455
05/05/10	Wed	435	256	268	327	784	2157	4249	5022	3940	3399	3439	3658	3394	3645	4019	4563	4419	4041	3304	2632	2287	2587	1436	806	 65067
05/06/10	Thu	468	300	289	371	793	2246	4237	4812	3829	3365	3406	3565	3402	3506	4206	4133	3106	3650	3526	2553	2417	2127	1350	888	 62545
05/07/10	Fri	437	320	341	331	735	2082	4169	4233	3960	3351	3595	3846	3757	4017	4517	4683	4548	3936	3759	2902	2592	2397	1836	1167	 67511
05/08/10	Sat	682	415	342	280	379	872	1642	2167	2730	3088	3435	3500	3578	3322	3376	3298	3223	2997	2806	2390	2209	2290	1656	1214	 51891
05/09/10	Sun	652	410	345	218	263	528	937	1324	1716	2640	3083	3224	3159	3307	3435	3277	3011	2901	2874	2508	2401	2147	1330	988	 46678
05/10/10	Mon	537	302	284	342	809	2237	4175	4836	3964	3669	3560	3659	3658	3651	4275	4580	4407	4053	3192	2385	2034	1805	1100	757	 64271
05/11/10	Tue	516	313	261	325	761	2220	4253	4993	4102	3563	3592	3933	3959	4149	4512	4699	4171	2487	3368	2198	1775	1702	1260	686	 63798
05/12/10	Wed	545	279	266	323	708	1962	3721	4444	3832	3512	3669	3946	4000	3905	4042	4514	4129	3775	3074	2104	1899	1901	1239	855	 62644
05/13/10	Thu	557	328	280	361	773	2163	4145	4970	3875	3522	3729	3794	3740	3903	4507	4710	4501	4249	3498	2500	2291	2233	1492	1047	 67168
05/14/10	Fri	549	305	308	341	761	2188	4153	4802	4063	3594	3842	4170	3953	4358	2523	1125	2452	3136	3687	2502	2294	2437	1796	1286	 60625
05/15/10	Sat	764	487	392	352	471	1043	1768	2374	3061	3412	3779	3993	3710	3831	3709	3798	3695	3497	3266	2637	2446	2230	1846	1319	 57880
05/16/10	Sun	734	427	367	317	365	731	1169	1761	2014	2727	3220	3279	3463	3464	3427	3334	3292	3217	2939	2484	2398	2220	1436	1004	 49789
05/17/10	Mon	545	354	300	375	809	2346	4170	4883	3933	3737	3855	4093	3797	4021	4291	4586	4307	3773	3114	2375	2049	1866	1144	843	 65566
05/18/10	Tue	511	294	261	353	784	2304	4249	5000	3933	3516	3659	3821	3803	3946	4094	4360	4541	4050	2968	2388	1663	1337	1496	983	 64314
05/19/10	Wed	836	449	288	339	798	2287	4392	4813	4125	3544	3685	3932	3869	4087	4302	4642	4598	4095	3197	2549	2338	2019	1273	916	 67373
05/20/10	Thu	462	329	272	351	830	2362	4261	4872	3733	3585	3662	3822	3869	4079	4116	3392	4057	4263	3513	2689	2579	2250	1458	1068	 65874
05/21/10	Fri	528	367	329	365	841	2196	4184	4752	4093	3862	3934	4281	4136	4433	4566	3055	1586	2883	3677	2847	2732	2556	1723	1356	 65282
05/22/10	Sat	721	451	414	300	469	972	1752	2166	2813	3260	3623	3573	3557	3310	3495	3499	3451	3133	2711	2585	2419	2173	1783	1333	 53963
05/23/10	Sun	672	434	358	235	321	603	990	1537	1850	2602	3154	3016	3160	3242	3326	3201	3218	3174	2837	2691	2443	2071	1382	1144	 47661
05/24/10	Mon	620	337	278	366	826	2407	4207	4278	4076	3705	3782	3733	3510	3733	4089	4206	4043	3056	2734	2184	1800	1978	1514	1196	 62658
05/25/10	Tue	609	334	267	348	877	2347	4221	5025	4018	3496	3805	3625	3630	3761	4245	4600	2625	3192	3307	2528	2172	1822	1191	883	 62928
05/26/10	Wed	451	299	268	370	875	2344	4351	4874	4029	3679	3737	4042	3944	3813	4135	4399	4305	4206	3298	2510	2089	1822	1374	1393	 66607
05/27/10	Thu	956	596	413	434	894	2431	4320	4942	4125	3747	3920	4027	3845	4004	4356	4644	3833	3568	3709	2868	2534	2052	1457	1111	 68786
05/28/10	Fri	661	465	375	420	886	2183	3971	4447	3939	3823	4286	4278	4323	4478	4756	4405	4065	4112	3681	3001	2613	2736	2088	1394	 71386
05/29/10	Sat	822	464	369	321	459	879	1555	2136	2627	3272	3536	3753	3648	3574	3512	3559	3448	3293	2726	2396	2281	2629	1630	1188	 54077
05/30/10	Sun	648	482	331	271	312	497	941	1411	1750	2780	3111	3359	3338	3264	3158	2887	2966	2879	2552	2513	2223	1849	1576	1022	 46120
05/31/10	Mon	653	350	277	222	373	772	1198	1396	1785	2389	2785	3162	3238	3314	3094	3010	2859	2715	2746	2433	2259	2107	1298	944	 45379
06/01/10	Tue	599	356	277	327	887	2517	4278	4912	4136	3745	4088	4301	4140	3945	4259	4427	4326	4102	3219	2525	2251	1834	1414	935	 67800
06/02/10	Wed	584	302	260	359	864	2395	4337	4646	4055	3643	3649	3904	3894	3904	4057	4558	4342	3960	3342	2479	2302	1847	1414	849	 65946
06/03/10	Thu	445	305	309	380	905	2469	4290	4842	3957	3618	3696	3835	4083	4006	4415	4456	4200	4081	3421	2528	2402	1983	1443	916	 66985
06/04/10	Fri	476	393	314	367	872	2389	4204	4414	3999	3884	4100	4354	4268	4365	4096	3960	3484	3842	3559	2815	2587	2386	1677	1339	 68144
06/05/10	Sat	714	423	402	325	502	1075	2012	2346	2669	3398	3619	3734	3697	3791	3684	3614	3651	3536	3102	2886	2596	2905	1845	1332	 57858
06/06/10	Sun	719	495	332	257	295	633	1068	1607	2080	2885	3321	3616	3411	3573	3606	3447	3271	3280	2967	2507	2421	2322	1508	1043	 50664
06/07/10	Mon	594	339	340	381	891	2420	4235	4806	4058	3786	3845	4022	3942	3956	4171	4517	4148	3931	3089	2416	2114	1884	1339	851	 66075
06/08/10	Tue	475	324	288	361	875	2465	4285	4749	4020	3665	3763	3983	3861	3924	4334	4517	4225	4191	3180	2463	2257	2097	1348	764	 66414
06/09/10	Wed	457	310	293	399	945	2445	4375	4908	4049	3610	3793	4010	3982	4057	4418	4736	4318	4239	3403	2431	2278	2131	1390	890	 67867
06/10/10	Thu	550	335	319	388	931	2550	4363	4801	4083	3718	4043	4201	4217	4015	4329	4605	3603	3500	3208	2705	2285	2580	1453	1001	 67783
06/11/10	Fri	621	378	376	399	899	2312	4008	4195	3666	3599	4188	4364	4436	4382	4538	3591	3789	3933	3294	2697	2075	2213	2001	1631	 67585
06/12/10	Sat	933	850	500	340	421	901	1499	1940	2342	2933	3318	3233	3178	3248	3232	3352	3145	3035	2687	2356	2060	2225	1763	1225	 50716
06/13/10	Sun	780	466	380	327	391	658	973	1236	1711	2296	2815	3097	3133	3217	3044	3160	3172	3037	2694	2372	1878	1911	1518	1041	 45307
06/14/10	Mon	694	362	310	385	893	2382	4181	4674	4060	3752	3952	4139	3978	4077	4356	4407	4139	3866	3092	2372	2164	1878	1271	899	 66283
06/15/10	Tue	552	317	254	360	918	2505	4450	4719	4350	4431	3951	4096	3969	4012	4329	4547	4177	3710	3205	2530	2256	2024	1391	874	 67927
06/16/10	Wed	518	297	322	401	920	2581	4316	4822	4059	3894	3961	4194	4071	4109	4230	4481	4280	3915	3299	2404	2276	2268	1340	920	 67878
06/17/10	Thu	612	366	321	381	958	2495	4306	4787	4077	3888	3329	4292	4025	4118	4596	4545	3615	3136	3478	2738	2563	2180	1393	1044	 67243
06/18/10	Fri	678	390	356	416	915	2394	4142	4575	4024	3956	4293	4499	4343	4299	3945	3301	3668	3571	3580	2888	2660	2382	1401	1221	 67897
06/19/10	Sat	713	541	383	343	489	1009	1888	2286	2892	3346	3393	3574	3683	3733	3639	3614	3678	3374	3005	2502	2273	2432	1961	1335	 56086
06/20/10	Sun	796	491	383	276	354	683	1104	1552	1937	2910	3386	3652	3514	3471	3425	3347	3136	3133	3000	2431	2320	2298	1502	1039	 50140
06/21/10	Mon	689	333	311	393	909	2441	4206	4610	4075	3837	3865	3394	3751	3883	4318	2423	3654	3634	3197	2519	2186	1940	1221	1005	 62794
06/22/10	Tue	700	316	288	361	928	2576	4349	4714	3870	3799	4030	3971	4059	3979	4361	4372	4002	4030	3401	2501	1703	1784	1366	895	 66355
06/23/10	Wed	560	357	266	372	944	2511	4414	4740	4115	3850	3958	4365	4199	4165	4287	4548	4138	4088	3445	2555	2314	2102	1446	975	 68714
06/24/10	Thu	645	387	329	409	942	2602	4381	4757	4107	3683	4018	4278	4153	4408	4616	4711	4262	4313	3572	2541	2402	2283	1410	979	 70188
06/25/10	Fri	743	458	389	441	929	2544	4164	4633	4132	3850	4324	4478	4399	4583	4582	4590	4016	3757	3189	2728	2675	2449	1336	1287	 70676
06/26/10	Sat	753	545	434	346	519	1092	1868	2355	2808	3332	3691	3822	3543	3434	3327	3426	3340	3277	2782	2473	2226	2352	1826	1350	 54921
06/27/10	Sun	760	524	400	248	387	640	1115	1599	1906	2853	3253	3449	3137	3103	3237	3254	3313	3353	2927	2418	2404	2088	1441	1082	 48891
06/28/10	Mon	800	410	313	401	961	2633	4260	4742	4125	3922	4114	3655	4065	3893	4246	4457	4264	3818	3128	2415	2241	2007	1252	880	 67002
06/29/10	Tue	570	380	299	387	958	2693	4410	4747	4134	4042	3916	4070	4009	3901	4263	4455	4055	3715	3376	2552	2193	2015	1319	871	 67330
06/30/10	Wed	516	309	436	395	985	2640	4201	4396	4281	3809	4010	4233	4253	4165	4389	4498	4222	4039	3480	2692	2336	2238	1390	998	 68911
07/01/10	Thu	630	389	314	408	984	2610	4265	4745	4138	4007	4105	4154	4084	4432	4608	4141	3151	4025	3509	2821	2595	2296	1413	1045	 68869
07/02/10	Fri	717	421	352	396	914	2381	3986	4130	3709	3856	4326	4589	4573	4453	4466	4130	4180	4063	3606	2944	2628	2549	1947	1324	 70640
07/03/10	Sat	835	501	395	302	497	902	1562	1961	2395	3055	3453	3608	3385	3442	3420	3409	3520	3134	2884	2507	2231	2090	1683	1254	 52425
07/04/10	Sun	697	443	346	252	316	510	834	1269	1592	2201	2704	2904	2987	2939	2837	2770	2514	2212	2259	1823	2014	1896	2149	1169	 41637
07/05/10	Mon	668	346	292	247	442	882	1444	1655	2060	2462	2986	3166	3202	3301	3262	3026	2906	2911	2753	2458	2362	2126	1431	868	 47256
07/06/10	Tue	565	305	277	358	1019	2580	4239	4689	3939	3859	4156	4181	3830	4068	4399	4697	3937	3914	3039	2223	1912	2055	1490	1198	 66929
07/07/10	Wed	852	424	296	341	907	2492	4088	4572	3907	3785	3966	4081	4055	4131	4354	4620	4307	4236	3339	2347	2103	1937	1114	853	 67107
07/08/10	Thu	473	281	293	343	888	2538	4094	4578	4043	3955	4097	4416	4196	4151	4344	4482	2913	3151	3401	2651	2339	2169	1334	975	 66105
07/09/10	Fri	589	356	331	385	940	2486	3989	4332	3840	3996	4036	4418	4238	4467	4569	3814	4263	4137	3643	2820	2519	2045	1444	1163	 68820
07/10/10	Sat	694	465	375	323	549	1137	1821	2300	2809	3269	3738	3721	3605	3516	3793	3508	3744	3583	3042	2460	2362	2417	1903	1354	 56488
07/11/10	Sun	748	510	380	266	346	678	1108	1586	1983	2926	3340	3678	3656	3240	3145	3415	3371	3162	3131	2473	2180	2033	1427	1008	 49790
07/12/10	Mon	666	423	305	394	972	2601	4410	4698	4315	3836	3950	4120	3972	4003	4339	4555	4250	3753	3081	2423	2148	1855	1112	800	 66981
07/13/10	Tue	584	299	302	420	969	2594	4471	4474	3026	3966	4073	4066	3916	3892	4253	4548	4426	4128	3205	2448	2133	1959	1273	805	 66230
07/14/10	Wed	509	340	306	386	1006	2703	4283	4496	4244	3836	3888	4138	4035	3755	4155	4465	4297	4067	3460	2559	2274	2076	1505	866	 67649
07/15/10	Thu	516	300	288	430	1003	2643	4577	4797	4186	3558	4232	4215	4292	4016	4630	4616	3488	3213	3857	2639	2531	2292	1385	1029	 68733
07/16/10	Fri	659	392	353	409	952	2498	4366	4493	3996	4059	4273	4381	4082	4398	4459	3917	3802	3661	3548	2893	2697	2498	1466	1270	 69522
07/17/10	Sat	788	452	372	366	595	1095	1873	2255	2782	3252	3814	3658	3571	3577	3356	3291	3258	3322	2974	2483	2670	2957	2014	1291	 56066
07/18/10	Sun	772	501	342	298	383	731	1064	1525	1930	2772	3115	3386	3326	3269	3309	3171	3003	3193	2872	2432	2262	2199	1620	1167	 48642
07/19/10	Mon	720	377	294	421	1011	2569	4255	4560	4024	3876	3845	4025	3884	3984	4254	4215	3652	3765	3067	2432	2045	1866	1283	839	 65263
07/20/10	Tue	557	393	286	367	988	2580	4339	4702	3857	3774	3803	4005	4025	3981	4186	4436	4180	3409	3170	2589	2129	1903	1276	792	 65727
07/21/10	Wed	534	292	262	393	972	2556	4231	4708	4141	3978	4026	4083	4079	4086	3969	4080	4027	3847	3270	2502	2365	2112	1348	919	 66780
07/22/10	Thu	579	338	329	365	1009	2588	4422	4689	4025	3953	4089	4099	4030	4235	4472	4340	3777	4187	3547	2459	2402	2306	1243	901	 68384
07/23/10	Fri	670	439	372	399	952	2468	4169	4423	4017	4016	4387	4459	4472	4467	4497	4337	4344	4056	3567	2835	2699	1544	1188	1281	 70058
07/24/10	Sat	788	496	362	332	538	1082	1780	2228	2841	3278	3753	3890	3705	3589	3547	3391	3437	3213	2942	2514	2284	2297	1914	1317	 55518
07/25/10	Sun	718	463	354	271	379	694	1117	1523	2089	2886	3247	3387	3397	3187	3221	3160	3158	3285	2892	2415	2342	2119	1435	960	 48699
07/26/10	Mon	662	380	330	405	1000	2634	4239	4616	4044	3993	4099	4085	4043	4059	4342	4433	4280	3751	3071	2364	2212	1853	1224	789	 66908
07/27/10	Tue	550	272	321	399	1027	2632	4444	4737	3934	3873	3946	4019	4034	3847	4289	4278	4353	3723	3340	2585	2330	1873	1180	802	 66788
07/28/10	Wed	564	298	298	374	1015	2634	4509	4790	4089	3959	4129	3888	4150	4119	4505	4427	3723	4171	3493	2613	2125	2094	1246	931	 68144
07/29/10	Thu	523	334	346	394	1004	2636	4415	4882	4073	4108	4221	4377	4261	4247	4542	3441	2932	3437	3669	2584	2563	2105	1202	993	 67289
07/30/10	Fri	621	430	351	411	1001	2451	4183	4577	4051	3963	4433	4670	4568	4511	4406	3832	3690	3941	3622	3085	2554	2266	1115	1151	 69883
07/31/10	Sat	900	502	355	346	589	1100	1877	2447	2859	3375	3717	3771	3761	3640	3643	3905	4041	3333	3106	2596	2560	2371	1740	1367	 57901
08/01/10	Sun	732	491	358	284	417	686	1120	1630	2056	2931	3356	3523	3551	3364	3188	3144	3146	3230	2765	2398	2371	2037	1478	899	 49155
08/02/10	Mon	654	305	285	437	1045	2561	4084	4562	4019	3749	4120	4189	3879	4078	4154	4491	4130	3825	3168	2433	2069	1710	1062	750	 65759
08/03/10	Tue	543	295	288	370	961	2662	4375	4809	3967	3810	3917	4122	4085	4193	4554	4634	4487	4313	3407	2426	2218	1796	1102	798	 68132
08/04/10	Wed	529	284	277	379	994	2599	4360	4144	4166	3947	3919	4324	4124	3991	4196	4417	2121	1579	2459	2389	2384	2080	1251	994	 61907
08/05/10	Thu	567	381	346	400	1021	2639	4357	4687	4002	3884	4045	4182	4073	4349	4481	3628	3340	4530	3716	2776	2638	2079	1356	1059	 68536
08/06/10	Fri	562	409	386	404	926	2453	4163	4301	3892	4080	4280	4738	4388	4554	4126	3669	1978	3562	3750	3113	2722	822	586	1343	 65207
08/07/10	Sat	713	473	398	334	534	1100	1870	2311	2817	3341	3971	4018	3798	3801	3844	3839	3816	3513	2886	2493	2629	2968	1852	1297	 58616
08/08/10	Sun	749	472	376	286	365	685	1129	1639	1971	2920	3472	3527	3448	3417	3389	3406	3213	3431	2951	2494	2302	2008	1407	1080	 50137
08/09/10	Mon	532	353	308	432	1035	2584	4191	4816	3779	3886	4084	4009	3852	4022	4329	4615	3641	3465	3130	2441	2208	1686	1212	728	 65338
08/10/10	Tue	545	254	319	410	1003	2600	4223	4592	3281	3693	3849	4043	4016	3927	4320	4642	4324	3944	3294	2657	2225	1800	1222	707	 65890
08/11/10	Wed	468	303	291	374	993	2655	4333	4709	3870	3783	3991	4075	4160	3054	4325	4452	3194	3921	3335	2546	2331	1894	1279	868	 65204
08/12/10	Thu	510	331	330	410	1014	2567	4301	4780	3541	4024	4099	4139	4205	4256	4573	4395	3841	4045	3351	2839	2528	2115	1577	1053	 68824
08/13/10	Fri	661	360	385	400	956	2450	4133	4496	3875	3929	4207	4560	4424	4383	4279	3404	4223	4124	3748	3021	2777	2431	1677	1235	 70138
08/14/10	Sat	785	511	424	317	543	1133	1787	2243	2806	3259	3591	3777	3559	3633	3541	3516	3639	3534	2970	2566	2657	2882	2861	1850	 58384
08/15/10	Sun	838	514	351	284	409	682	1076	1458	1921	2731	3241	3661	3534	3276	3177	3377	3098	3320	2904	2567	2682	2808	2155	2359	 52423
08/16/10	Mon	810	376	307	411	991	2666	4371	4666	4094	3866	3940	4166	4027	4075	4148	4514	4209	3882	3130	2244	1904	1794	859	800	 66250
08/17/10	Tue	564	287	265	389	1013	2620	4361	4674	3960	3695	3749	3965	3840	3963	4283	4522	4273	4003	3223	2577	2159	1861	974	832	 66052
08/18/10	Wed	469	315	260	372	955	2630	4330	4619	4062	3830	3741	3987	3826	4105	4352	4319	3516	1912	3692	2461	2264	1725	872	801	 63415
08/19/10	Thu	475	272	318	389	974	2585	4310	4826	3922	3838	3951	4085	3971	3980	4384	4243	3555	4158	3471	2703	2359	1946	979	818	 66512
08/20/10	Fri	510	320	341	398	1043	2568	4433	4665	3956	3854	4149	4380	4275	4293	4675	4007	3010	3809	3462	3011	2569	2285	1470	1058	 68541
08/21/10	Sat	660	441	358	311	547	1049	1746	2392	2921	3338	3647	3757	3685	3542	3600	3371	3561	3648	2900	2570	2417	2227	1655	1134	 55477
08/22/10	Sun	710	472	355	270	329	614	1102	1598	1915	2811	3126	3306	3147	3297	3361	3203	3169	3185	2871	2547	2253	1574	1032	847	 47094
08/23/10	Mon	577	309	272	450	1026	2656	4566	4757	4074	3951	3987	3939	3827	4039	3740	3627	3680	3959	2958	2167	1966	1673	1019	733	 63952
08/24/10	Tue	472	258	266	386	992	2485	4351	3892	4296	3640	3809	3807	3844	3753	4373	4594	4505	4075	3198	2446	2047	1711	980	621	 64801
08/25/10	Wed	383	267	249	376	987	2484	4700	4838	4024	3807	3895	4123	3892	3788	4481	4506	3888	3377	3184	2420	2040	1682	904	671	 64966
08/26/10	Thu	383	285	290	398	986	2604	4590	4574	4076	3807	3821	3988	3936	4067	4402	4700	4340	2795	3365	2722	2205	1872	1217	811	 66234
08/27/10	Fri	486	295	288	450	980	2522	4526	4714	3923	3931	4019	3728	3537	4102	4451	4551	4365	3862	3966	2976	2559	2110	1540	1060	 68941
08/28/10	Sat	629	387	331	300	510	993	1799	2310	2747	3288	3570	3804	3649	3556	3456	3434	3342	3330	2719	2476	2278	2546	1689	1085	 54228
08/29/10	Sun	646	462	339	262	311	603	1040	1456	1802	2792	3293	3346	3365	3307	3409	3354	3473	3196	2837	2222	2171	1934	930	793	 47343
08/30/10	Mon	429	256	235	415	975	2527	4402	4795	3955	3636	3806	3576	3587	3774	4327	4408	4285	3670	2826	2212	1735	1466	911	598	 62806
08/31/10	Tue	356	257	269	399	992	2553	4473	4800	3913	3552	3695	3750	3654	3679	4266	4423	4432	3684	3161	2172	1992	1604	950	606	 63632
09/01/10	Wed	373	246	270	375	904	2488	4376	4876	3966	3505	3656	3781	3755	3916	4264	4640	4453	3925	3119	2405	2086	1703	921	677	 64680
09/02/10	Thu	399	252	304	408	976	2650	4465	4713	3984	3686	3837	4035	3857	4092	4387	4424	3780	4109	3478	2719	1997	1317	1203	796	 65868
09/03/10	Fri	467	382	330	434	1015	2329	4176	4503	3712	3926	4148	4346	3976	4460	4504	4299	3505	3922	3631	3087	2575	2354	1748	1123	 68952
09/04/10	Sat	659	431	335	315	505	891	1624	2117	2921	3221	3769	3854	3537	3551	3363	3099	3046	2906	2630	2270	2375	1976	1341	996	 51732
09/05/10	Sun	575	434	318	252	311	553	870	1288	1667	2460	2922	2964	2941	3132	2992	2873	2678	2825	2494	2285	2023	1549	1249	774	 42429
09/06/10	Mon	497	308	285	248	367	756	1152	1331	1765	2384	2904	3337	3296	3042	3082	2960	3004	2761	2582	2471	2107	1761	1082	846	 44328
09/07/10	Tue	430	223	283	425	1023	2735	3806	4215	4422	3818	3903	3983	3822	3874	4237	4670	4355	4274	3310	2472	1753	1627	1082	661	 65403
09/08/10	Wed	374	234	260	391	948	2560	4543	4827	3862	3570	3525	3556	3820	3894	4142	4506	4189	4168	3168	2317	2079	1495	905	656	 63989
09/09/10	Thu	391	296	296	421	966	2556	4518	4710	4007	3650	3389	3515	4122	3997	4395	4318	4054	3985	3382	2491	2134	1604	928	719	 64844
09/10/10	Fri	398	324	307	427	934	2505	4378	4190	3921	3705	3949	4081	3984	3946	4507	4488	4075	4187	3806	2869	2275	1743	696	803	 66498
09/11/10	Sat	543	403	351	292	526	1032	1812	2490	2834	3202	3506	3735	3705	3569	3520	3407	3626	3366	2802	2470	2051	1973	1460	980	 53655
09/12/10	Sun	534	402	302	232	326	586	1050	1506	1842	2668	3158	3225	3160	3045	3334	3210	3217	3031	2691	2309	2036	1702	986	784	 45336
09/13/10	Mon	390	252	321	430	975	2526	4406	4752	3964	3661	3604	3869	3769	3807	4167	3861	3533	3760	3145	2203	1742	1504	1006	621	 62268
09/14/10	Tue	328	272	299	372	912	2557	4068	4665	3738	3497	3664	3752	3685	3875	4189	3517	3407	3623	3313	2387	1996	1454	1007	586	 61163
09/15/10	Wed	326	278	299	371	946	2590	4478	3394	4202	3703	3914	4200	3908	3949	4078	3615	3107	3785	3420	2501	2071	1767	1036	585	 62523
09/16/10	Thu	413	283	303	397	947	2625	4372	2842	2134	3536	3743	4106	4001	3745	3824	3373	3043	3429	3531	2751	2188	2098	1346	753	 59783
09/17/10	Fri	526	345	347	429	936	2434	3821	4519	3795	3885	4073	3983	3959	3841	3511	3144	3157	3500	3552	2950	2486	2324	1574	968	 64059
09/18/10	Sat	548	387	310	311	499	992	1671	2456	2947	3318	3764	3760	3686	3597	3519	3416	3306	3216	2795	2644	2603	2523	1587	965	 54820
09/19/10	Sun	521	446	334	253	345	608	1099	1524	2183	3074	3743	3606	3623	3235	3193	2961	3021	3215	2867	2552	2168	1681	1000	807	 48059
09/20/10	Mon	408	219	289	440	974	2649	4290	4439	3684	3882	3830	3963	3850	3854	4065	3650	3149	3598	2918	2137	1735	1467	863	635	 60988
09/21/10	Tue	329	253	268	392	907	2499	4244	4501	3725	3526	3762	3740	3615	3792	4231	3865	3552	3674	2889	2203	1821	1542	624	2	 59956
09/22/10	Wed	2	1	28	360	909	2642	4383	2591	4014	3614	3663	3753	3800	3761	3924	2970	2740	3157	3305	2415	1910	1570	932	608	 57052
09/23/10	Thu	389	311	296	406	1014	2580	4385	4508	3718	3628	3720	3961	3950	2904	2602	3090	3060	3790	3389	2681	2348	2093	1003	721	 60547
09/24/10	Fri	459	332	301	443	969	2604	4485	4341	3826	3975	4129	4272	4204	4202	3963	3584	3335	3939	3710	2801	2460	2244	1294	1104	 66976
09/25/10	Sat	612	377	330	303	499	1013	1813	2677	3036	3359	3679	3977	3803	3655	3638	3591	3649	3519	3007	2646	2590	2139	1578	1083	 56573
09/26/10	Sun	605	476	378	275	381	593	1133	1711	2128	3218	3722	3874	3722	3211	3098	2801	2885	3112	2859	2516	2134	1436	824	724	 47816
09/27/10	Mon	446	265	285	420	1038	2670	4559	4489	3809	3791	3854	3846	3696	3950	4165	3465	2933	3618	3039	2153	1774	1417	943	599	 61224
09/28/10	Tue	350	300	277	366	931	2575	4428	4629	3760	3517	3620	3744	3690	3518	3236	3105	2886	3707	3303	2392	2027	1606	1009	572	 59548
11/02/10	Tue	414	264	257	351	546	1774	3600	4676	4043	3472	3470	3631	3676	3622	4003	4364	4178	3977	3355	2298	1753	1593	1023	642	 60982
11/03/10	Wed	395	269	269	298	646	1777	3583	4643	4114	3487	3423	3606	3642	3666	4263	4360	4383	4267	3620	2351	1905	1642	1075	660	 62344
11/04/10	Thu	374	314	285	345	618	1867	3628	4593	4228	3594	3620	3632	3842	3746	4052	4542	4327	4133	3816	2597	2120	2087	1123	910	 64393
11/05/10	Fri	511	304	322	334	612	1773	3647	4540	4139	3696	3882	4153	4086	4130	4407	3964	4030	2847	3806	3184	2411	2397	1763	1355	 66293
11/06/10	Sat	696	434	373	319	330	685	1407	2311	2707	3019	3342	3557	3609	3416	3232	3199	3092	3238	3038	2459	2136	1972	1655	1153	 51379
11/07/10	Sun	942	432	326	246	191	228	416	865	1386	1794	2639	3167	3305	3214	3302	3270	3089	3061	3155	2699	2079	1915	1705	1091	 44517
11/08/10	Mon	501	261	269	344	637	1870	3820	4403	4298	3655	3636	3740	3630	3808	4032	4223	4222	4038	3062	1991	1691	1477	1002	710	 61320
11/09/10	Tue	385	248	265	338	601	1846	3949	4814	4206	3486	3642	3662	3647	3600	3736	3785	3035	2954	2693	1951	1584	1358	995	665	 57445
11/10/10	Wed	398	222	241	307	610	1789	3710	4695	4097	3671	3577	3908	3787	3833	4120	4333	4282	4337	3384	2429	1781	1917	1187	886	 63501
11/11/10	Thu	431	261	246	361	621	1681	3165	3873	3253	2971	3204	3575	3488	3600	3695	4084	4010	3693	3146	2396	1815	1738	1357	900	 57564
11/12/10	Fri	530	292	322	340	622	1681	3462	4429	4085	3592	3893	4217	3978	4245	4523	4577	4318	4325	3545	2810	2347	2259	1744	1188	 67324
11/13/10	Sat	646	366	353	292	333	671	1329	2162	2661	2916	3246	3401	3526	3399	3314	3186	3089	3068	2864	2278	1892	1998	2166	1533	 50689
11/14/10	Sun	745	449	385	260	259	424	896	1291	1647	2358	2940	3209	3265	3215	2814	2979	2780	2996	2664	2139	1771	1742	1167	936	 43331
11/15/10	Mon	567	305	297	327	642	1831	3721	4205	3812	3417	3418	3831	3664	3817	4023	4325	4238	3659	3021	2093	1790	1708	1135	793	 60639
11/16/10	Tue	449	254	274	341	598	1787	3726	4572	4181	3513	3525	3695	3808	3675	3941	3852	2858	3427	3178	2206	1789	1460	1064	694	 58867
11/17/10	Wed	425	247	243	323	596	1669	3570	3036	4171	3940	3407	3895	3808	3770	4133	4432	4015	3905	3335	2319	2020	1791	1149	833	 61032
11/18/10	Thu	478	303	297	345	687	1935	3746	4541	4215	3572	3540	3719	3684	3814	4267	4411	4267	3607	3670	2473	2092	1956	1411	900	 63930
11/19/10	Fri	620	349	428	393	694	1862	3676	4572	4161	3719	3720	4016	4026	4137	4598	4525	4279	3935	3647	2917	2212	2481	1881	1389	 68237
11/20/10	Sat	836	435	375	338	432	903	1622	2260	2720	2974	3235	3651	3745	3456	3350	4226	3468	3088	2930	2205	2000	2160	1624	1330	 53363
11/21/10	Sun	759	499	441	281	331	615	1044	1429	1716	2411	2810	2835	2832	2889	2917	2955	2842	2633	2439	2019	1640	1575	1300	890	 42102
11/22/10	Mon	569	304	261	357	635	1842	3169	4064	4011	3736	3520	3698	3742	3740	4137	4289	4055	3776	2935	1960	1704	1517	1150	911	 60082
11/23/10	Tue	548	357	298	379	676	1847	3609	4570	3910	3578	3551	3932	3940	3881	4103	4499	4045	3662	3408	2603	1874	1823	1460	1002	 63555
11/24/10	Wed	664	390	341	351	665	1754	3363	4044	3609	3483	3763	4085	4121	4070	4353	4515	3750	3504	2816	2296	1760	1890	1541	1120	 62248
11/25/10	Thu	684	462	251	216	254	434	743	945	1312	1615	1927	2528	2610	2406	2455	2061	2076	2057	2066	1829	1635	1406	1257	810	 34039
11/26/10	Fri	495	317	315	319	454	937	1755	2368	2279	2483	2836	3247	3206	3224	3283	3279	2973	2846	2522	2075	1639	1668	1323	945	 46788
11/27/10	Sat	643	373	321	251	337	663	1186	1551	1944	2486	2874	3033	3133	3174	3181	3192	3231	3227	2839	2237	2000	2200	1732	1259	 47067
11/28/10	Sun	741	463	422	235	328	636	1044	1397	1900	2387	2934	3248	3117	3272	3048	3135	3047	2850	2670	2237	1942	1968	1290	1047	 45358
11/29/10	Mon	633	343	261	376	679	1883	3524	4554	4151	3519	3610	3824	3677	3528	4029	4297	4336	3777	3313	2224	1767	1636	1208	909	 62058
11/30/10	Tue	639	372	266	320	585	1858	3548	4325	4194	3591	3555	3869	3761	3856	4093	3819	3502	3988	3232	2359	1839	1809	1286	809	 61475
12/01/10	Wed	502	274	313	317	636	1808	3645	4556	4080	3561	3517	3863	3750	3809	4092	4443	4078	4240	3280	2241	1853	1785	1203	686	 62532
12/02/10	Thu	518	325	318	326	667	1805	3633	4754	4148	3515	3559	3661	3729	3765	4207	4467	4244	4273	3351	2365	1982	2040	1472	860	 63984
12/03/10	Fri	539	307	314	349	669	1836	3727	4543	4066	3756	3746	4030	4012	4005	4468	3722	3684	3647	2404	2976	2119	2198	1745	1135	 63997
12/04/10	Sat	823	454	348	308	361	781	1382	2101	2627	2946	3179	3449	3444	3472	3276	3343	3557	3476	2787	2061	1732	1711	1549	1127	 50294
12/05/10	Sun	649	447	339	245	273	399	858	1250	1564	2082	2485	2629	2694	2774	2959	2891	2923	2819	2453	2041	1649	1726	1198	890	 40237
12/06/10	Mon	469	272	282	343	632	1777	3561	4747	4074	3533	3440	3793	3704	3747	4102	4413	2498	3812	3019	2162	1605	1427	1144	719	 59275
12/07/10	Tue	414	268	253	358	630	1753	3638	4837	3976	3391	3510	3703	3557	3721	4129	4289	4000	3845	3119	2209	1746	1528	1109	751	 60734
12/08/10	Wed	401	247	286	314	638	1789	3663	4656	4173	3563	3504	3804	3602	3738	4078	4547	4316	4241	3378	2253	1910	1818	1179	867	 62965
12/09/10	Thu	426	268	317	349	681	1829	3563	4805	4077	3601	3591	3861	4018	3832	4301	4551	4099	3858	3525	2570	2125	2260	1446	1026	 64979
12/10/10	Fri	566	336	338	373	628	1753	3511	4608	4014	3654	3756	4257	4118	4203	4519	3238	3811	4235	3659	2737	2148	2247	1804	1332	 65845
12/11/10	Sat	763	440	366	300	351	732	1457	1820	2605	2947	3551	3525	3679	3535	3357	3424	3221	3223	2925	2273	1999	1901	1646	1220	 51260
12/12/10	Sun	768	427	438	277	303	472	884	1128	1434	2148	2533	2854	3038	2966	3007	3207	3158	2959	2564	2060	1708	1647	1341	868	 42189
12/13/10	Mon	461	357	324	377	620	1785	3670	4711	3812	3557	3713	3884	3935	3775	3898	4357	2842	3138	3439	2080	1714	1546	1156	745	 59896
12/14/10	Tue	456	303	284	346	639	1873	3636	4791	4098	3527	3784	3887	3830	3849	4218	4510	4227	4045	3422	2295	1799	1794	1120	849	 63582
12/15/10	Wed	430	269	332	306	671	1831	3615	4747	4162	3688	3526	3976	4064	3938	4396	4439	3055	3144	3130	2149	1889	1883	1393	942	 61975
12/16/10	Thu	601	359	302	363	672	1829	3540	4508	3976	3437	3717	4025	3833	3972	4462	3276	3533	3780	3396	2773	2042	2089	1665	1227	 63377
12/17/10	Fri	662	469	365	392	685	1783	3412	4363	4055	3724	3825	4365	4406	4440	4531	4625	4463	4198	3843	2854	2353	2586	2050	1323	 69772
12/18/10	Sat	1002	652	401	353	422	810	1447	1959	2620	2974	3355	3735	3781	3666	3780	3711	3554	3496	3094	2502	2238	2378	1993	1407	 55330
12/19/10	Sun	819	493	398	281	319	545	995	1403	1724	2265	2781	2853	3063	3242	3107	3119	3095	3036	2601	2153	1743	1921	1380	1012	 44348
12/20/10	Mon	652	314	314	344	723	1837	3439	4299	3954	3699	3734	4043	4036	4020	4170	4307	4155	3745	3088	2194	1684	1461	2	2	 60216
12/21/10	Tue	3	5	5	147	639	1866	3380	4223	3897	3593	3690	3824	3990	3865	4279	4440	4371	3739	3244	2379	1848	1768	1323	1119	 61637
12/22/10	Wed	675	379	347	344	735	1856	3386	4167	3771	3502	3669	3973	4065	3957	3365	3368	4269	3811	3308	2596	1953	1921	1409	1062	 61888
12/23/10	Thu	827	490	377	347	699	1587	2987	3559	3549	3376	3600	4039	4300	4191	4322	4284	3609	3461	3201	2553	2022	2099	1696	1193	 62368
12/24/10	Fri	767	477	361	303	443	791	1277	1639	2103	2389	2827	3173	3181	3214	3115	2831	2808	2594	2406	1920	1747	1666	1488	1097	 44617
12/25/10	Sat	778	556	388	242	219	335	559	701	882	1330	1768	2168	2318	2451	2472	2386	2297	2269	2299	2169	1820	1656	1253	884	 34200
12/26/10	Sun	493	303	279	193	261	488	810	1115	1583	2238	2886	3194	3481	3418	3213	3273	3081	3130	2877	2343	1941	2156	1494	986	 45236
12/27/10	Mon	706	414	299	339	615	1533	2810	3488	3527	3365	3704	3656	3843	4028	4062	4438	3894	3195	2881	2265	1816	1904	1369	1025	 59176
12/28/10	Tue	628	393	355	344	702	1707	3204	3936	3801	3450	3793	3917	3903	4002	4201	4510	4123	4001	3277	2380	1943	1983	1403	1099	 63055
12/29/10	Wed	778	388	307	348	685	1717	3184	4009	3793	3445	3636	3977	4002	4020	4132	4558	4145	3839	3071	2381	2073	1984	1431	1103	 63006
12/30/10	Thu	758	467	341	357	715	1604	2860	3525	3436	2851	3009	3132	2936	2652	2469	2058	2202	1946	1674	1519	1313	1251	1238	955	 45268
12/31/10	Fri	747	596	375	325	435	695	1138	1370	1447	1620	1872	2292	2460	2417	2667	2645	2399	2198	2173	1976	1828	1650	1421	909	 37655