01/01/10	Fri	141	164	160	182	226	191	143	162	229	269	431	513	545	572	569	585	588	552	424	393	244	205	149	128	 7765
01/02/10	Sat	83	76	61	75	103	114	203	280	393	529	638	681	703	754	795	767	756	710	579	438	314	301	199	159	 9711
01/03/10	Sun	104	91	67	79	77	112	170	211	302	447	645	726	686	694	756	735	712	685	579	503	357	292	178	129	 9337
01/04/10	Mon	116	82	80	114	199	535	1029	1060	641	634	558	602	596	611	611	564	599	527	389	310	218	191	158	97	 10521
01/05/10	Tue	83	64	49	103	180	564	1050	1031	674	556	561	603	538	546	597	610	590	564	394	303	238	188	149	122	 10357
01/06/10	Wed	100	86	54	141	202	551	1038	992	665	524	491	462	460	488	474	430	469	376	300	200	176	123	100	84	 8986
01/07/10	Thu	81	70	67	102	203	482	880	879	621	450	420	434	494	494	477	464	469	489	331	284	291	192	162	107	 8943
01/08/10	Fri	70	74	78	96	198	504	954	1017	704	527	592	569	533	559	592	600	590	558	443	317	255	213	176	98	 10317
01/09/10	Sat	81	80	52	69	88	189	270	372	512	560	657	690	638	668	618	574	696	618	432	297	249	254	153	115	 8932
01/10/10	Sun	80	61	83	57	66	140	187	240	330	448	517	606	627	590	612	624	626	645	467	335	280	220	124	123	 8088
01/11/10	Mon	93	79	93	114	180	553	1072	1102	736	554	558	513	513	499	492	494	512	465	350	223	191	140	131	70	 9727
01/12/10	Tue	79	47	64	99	176	552	1118	1049	670	584	495	465	491	482	515	535	519	538	398	299	242	223	142	118	 9900
01/13/10	Wed	76	66	68	131	232	532	1086	1084	756	576	583	531	549	548	527	537	569	506	372	304	224	188	122	86	 10253
01/14/10	Thu	90	85	72	119	234	548	1034	1085	721	570	537	561	534	566	557	556	578	553	416	312	218	206	158	125	 10435
01/15/10	Fri	97	80	91	118	209	551	1002	1017	740	657	618	614	585	622	596	657	641	674	483	347	280	239	219	138	 11275
01/16/10	Sat	98	70	68	86	104	186	249	384	490	633	685	750	748	703	617	751	671	594	439	329	265	213	146	91	 9370
01/17/10	Sun	95	58	63	64	72	133	153	197	379	440	547	609	592	563	649	615	611	567	424	367	293	235	154	105	 7985
01/18/10	Mon	79	77	74	107	184	486	846	774	600	558	606	558	553	559	546	549	549	447	369	290	190	172	111	74	 9358
01/19/10	Tue	56	52	66	95	200	543	1055	1033	696	547	567	519	502	461	472	471	488	474	354	221	228	174	117	96	 9487
01/20/10	Wed	64	55	75	108	189	569	1060	1051	728	590	578	541	525	513	539	539	513	483	394	244	227	194	139	98	 10016
01/21/10	Thu	66	73	83	113	198	555	1064	1063	724	580	554	549	489	555	552	532	552	499	406	283	204	193	126	80	 10093
01/22/10	Fri	83	68	85	115	209	517	995	967	701	623	594	604	580	561	537	644	617	612	447	321	246	213	130	123	 10592
01/23/10	Sat	71	60	67	74	112	182	236	365	481	635	716	687	620	644	554	552	614	556	410	325	255	196	164	96	 8672
01/24/10	Sun	87	63	51	62	74	130	147	216	314	475	529	593	530	549	530	538	502	477	390	275	287	215	174	110	 7318
01/25/10	Mon	80	73	55	108	173	548	1057	1014	699	546	457	434	477	460	431	460	449	424	300	204	148	142	105	67	 8911
01/27/10	Wed	61	69	95	117	203	564	1057	1051	701	586	502	449	511	510	474	496	532	467	324	248	216	164	143	101	 9641
01/28/10	Thu	105	78	80	122	191	520	967	1009	646	528	529	482	489	467	471	464	508	444	340	249	171	163	115	92	 9230
01/30/10	Sat	85	70	52	68	87	139	244	414	470	565	633	647	616	621	580	575	619	608	431	325	279	237	137	116	 8618
01/31/10	Sun	87	67	56	64	71	114	165	219	313	463	548	579	560	607	603	616	697	547	443	307	238	196	144	96	 7800
02/01/10	Mon	66	57	69	107	179	538	1060	1040	661	597	504	484	440	484	448	479	489	453	314	224	178	148	114	80	 9213
02/02/10	Tue	67	39	59	101	171	550	1031	999	763	555	528	496	511	437	487	515	521	427	334	243	267	200	134	94	 9529
02/03/10	Wed	77	76	68	115	195	558	1066	1021	718	559	530	558	566	543	532	561	548	464	406	248	247	166	129	88	 10039
02/04/10	Thu	74	66	66	113	182	519	1019	961	640	531	471	479	468	483	460	557	533	492	389	257	228	196	130	104	 9418
02/05/10	Fri	76	78	71	102	196	533	964	1017	715	564	596	549	566	600	602	636	596	591	436	354	262	202	150	117	 10573
02/06/10	Sat	79	63	51	78	115	156	269	425	484	578	652	670	661	614	592	615	579	579	437	308	248	230	177	109	 8769
02/07/10	Sun	71	82	54	57	70	108	164	232	321	402	474	517	470	494	483	495	295	263	285	210	299	199	140	92	 6277
02/08/10	Mon	69	56	63	106	178	494	919	900	562	342	350	357	367	366	371	349	388	312	271	184	147	118	104	58	 7431
02/09/10	Tue	55	33	59	94	168	543	1005	952	660	500	459	489	442	475	465	476	492	487	326	258	201	179	140	102	 9060
02/10/10	Wed	71	73	84	110	209	563	1098	1033	716	591	543	475	513	494	500	466	534	465	393	280	245	173	138	104	 9871
02/11/10	Thu	71	70	87	124	209	556	1052	1067	686	581	551	555	531	593	513	559	567	558	416	313	291	200	185	113	 10448
02/12/10	Fri	110	82	79	119	225	501	1015	1035	699	649	616	648	596	650	601	586	603	582	439	333	304	229	192	139	 11032
02/13/10	Sat	88	82	56	80	92	151	223	385	480	538	680	691	637	613	604	633	573	539	419	281	260	217	135	110	 8567
02/14/10	Sun	87	58	51	53	68	122	161	186	286	398	428	506	515	473	512	566	473	456	371	284	214	204	137	95	 6704
02/15/10	Mon	80	53	72	123	148	421	800	759	583	582	595	568	562	520	533	532	502	453	401	276	210	186	136	81	 9176
02/21/10	Sun	102	60	55	38	62	94	133	153	262	328	450	531	527	520	441	464	466	441	330	279	200	177	132	87	 6332
02/22/10	Mon	49	52	52	77	187	472	952	945	637	472	492	478	470	468	453	488	485	446	318	213	177	141	95	84	 8703
02/23/10	Tue	57	62	54	93	176	548	1044	983	666	512	529	501	491	516	486	525	487	532	358	279	185	164	126	113	 9487
02/24/10	Wed	68	76	87	141	186	593	1078	1063	727	597	556	499	527	550	523	519	558	505	366	276	233	191	147	88	 10154
02/25/10	Thu	86	89	78	122	194	485	986	1171	737	621	547	495	545	541	513	588	556	504	368	304	230	207	129	104	 10200
02/26/10	Fri	85	82	78	113	210	523	1009	975	707	593	614	623	565	591	617	673	611	609	476	368	275	206	155	127	 10885
02/27/10	Sat	99	65	50	76	104	182	247	418	506	654	699	667	654	641	602	643	594	605	463	328	279	210	197	103	 9086
02/28/10	Sun	94	71	59	64	86	99	144	209	336	412	488	571	570	545	589	540	519	481	421	327	250	193	135	86	 7289
03/01/10	Mon	82	77	58	109	190	519	1010	981	649	493	459	481	482	439	415	456	480	418	317	221	187	143	109	83	 8858
03/02/10	Tue	56	46	69	114	186	579	1073	1000	689	549	486	485	493	493	455	511	549	479	375	286	233	191	144	101	 9642
03/03/10	Wed	70	76	72	124	216	611	1108	1047	709	571	557	525	529	514	495	577	540	552	436	297	217	198	131	102	 10274
03/04/10	Thu	83	76	73	132	223	597	1088	1041	679	569	541	525	544	552	537	578	562	529	439	281	239	210	156	100	 10354
03/05/10	Fri	81	65	68	119	233	553	1033	1036	734	610	600	578	573	596	562	666	616	586	505	388	339	265	152	121	 11079
03/06/10	Sat	97	75	56	80	122	177	289	444	528	630	689	726	686	669	642	690	677	658	469	339	278	223	171	126	 9541
03/07/10	Sun	73	66	62	69	63	121	176	224	382	482	546	571	633	616	601	619	714	624	463	370	259	236	193	112	 8275
03/08/10	Mon	100	69	58	102	198	589	1097	1025	703	514	454	499	460	498	447	485	484	424	291	231	176	147	108	76	 9235
03/09/10	Tue	76	50	45	97	177	590	1044	1005	680	521	517	439	463	443	480	492	570	493	322	229	213	201	132	81	 9360
03/10/10	Wed	81	62	65	120	210	609	1109	1018	711	574	518	489	506	475	537	529	550	461	395	248	222	181	126	104	 9900
03/11/10	Thu	76	73	79	132	198	555	1092	1012	704	566	551	550	543	555	543	555	584	503	419	311	263	234	190	126	 10414
03/12/10	Fri	99	96	87	123	246	564	1037	1085	737	701	624	638	682	730	753	807	788	790	681	531	451	384	259	187	 13080
03/13/10	Sat	170	126	99	112	142	193	339	487	630	791	933	963	1028	1101	1216	1136	1050	938	719	450	422	296	211	165	 13717
03/15/10	Mon	122	80	89	129	218	549	1058	1007	685	564	607	630	592	572	661	619	580	545	466	311	244	180	166	106	 10780
03/16/10	Tue	79	76	72	107	185	583	1021	1029	690	589	639	555	574	552	606	666	635	534	466	345	301	262	160	137	 10863
03/17/10	Wed	109	68	81	160	227	601	1046	1030	775	617	587	639	655	602	646	614	641	570	453	380	258	232	194	122	 11307
03/18/10	Thu	96	83	91	141	230	573	1088	1046	709	594	636	605	635	620	646	674	660	595	538	390	371	272	214	148	 11655
03/19/10	Fri	107	101	97	119	198	498	777	750	454	479	439	471	442	398	444	456	410	308	283	228	156	143	107	93	 7958
03/20/10	Sat	76	45	43	41	62	126	175	269	349	447	598	634	658	694	672	680	636	625	502	379	308	235	163	122	 8539
03/21/10	Sun	92	74	39	66	73	123	147	214	351	495	619	666	694	631	652	679	675	656	536	474	364	306	226	183	 9035
03/22/10	Mon	154	106	95	138	215	596	978	1028	683	605	627	619	528	549	543	484	493	470	351	299	237	167	130	93	 10188
03/23/10	Tue	77	59	66	111	210	566	1022	1012	663	572	598	582	552	542	492	498	498	366	257	220	203	127	78	64	 9435
03/24/10	Wed	69	44	76	68	114	248	408	411	300	307	402	422	427	413	373	370	458	399	315	282	211	171	147	99	 6534
03/25/10	Thu	81	63	73	121	230	557	1010	965	669	573	608	607	584	632	598	566	576	465	448	305	285	240	174	107	 10537
03/26/10	Fri	114	83	78	128	205	535	987	968	727	663	677	611	628	629	603	630	537	540	427	346	260	201	166	108	 10851
03/27/10	Sat	97	75	51	83	95	144	240	326	422	530	557	612	615	623	548	586	583	500	463	371	281	245	209	126	 8382
03/28/10	Sun	117	81	72	71	71	153	177	231	337	465	601	701	637	684	688	706	704	707	571	459	394	252	200	124	 9203
03/29/10	Mon	136	100	107	108	180	619	1017	1027	691	572	556	519	519	522	530	518	536	472	403	315	239	165	140	113	 10104
03/30/10	Tue	83	66	75	100	191	624	1018	986	663	594	568	591	550	551	560	584	539	526	405	341	296	219	161	97	 10388
03/31/10	Wed	95	87	73	115	220	621	1062	1077	753	592	585	564	558	510	510	572	544	508	462	340	343	226	166	118	 10701
04/01/10	Thu	91	88	69	124	235	637	1070	984	691	572	655	559	587	570	555	620	562	551	496	407	346	261	189	156	 11075
04/02/10	Fri	103	85	82	116	211	536	934	902	714	655	697	737	687	711	689	663	668	653	536	414	347	267	199	108	 11714
04/03/10	Sat	92	80	75	67	100	155	239	407	477	629	700	702	702	686	646	653	646	665	528	405	351	262	202	120	 9589
04/04/10	Sun	81	79	70	64	75	126	171	231	352	497	532	559	634	559	597	682	808	830	841	681	471	376	221	153	 9690
04/05/10	Mon	84	72	90	108	206	578	1059	1031	714	615	572	554	493	557	541	592	521	522	395	301	223	204	130	106	 10268
04/06/10	Tue	78	82	67	103	197	569	1092	1025	727	556	530	477	509	479	529	530	560	458	371	334	239	219	139	112	 9982
04/07/10	Wed	80	73	59	114	183	497	1054	911	699	565	519	504	521	516	497	547	499	468	390	279	279	222	171	129	 9776
04/08/10	Thu	84	74	70	125	218	583	1125	1051	734	588	645	549	569	535	582	609	560	548	411	370	340	202	175	125	 10872
04/09/10	Fri	88	65	77	103	230	572	1021	1018	732	632	630	615	518	628	599	632	620	599	484	391	315	294	176	122	 11161
04/10/10	Sat	91	69	65	67	103	194	299	452	500	598	699	610	650	632	687	622	615	602	574	447	330	260	207	141	 9514
04/11/10	Sun	105	63	47	81	84	117	219	266	368	472	624	692	614	602	670	737	737	730	654	604	423	293	216	132	 9550
04/14/10	Wed	89	65	82	120	204	632	1098	1008	737	598	564	527	533	579	503	563	504	509	396	289	289	236	133	102	 10360
04/15/10	Thu	88	95	90	128	232	601	1151	1094	682	627	538	541	520	571	580	566	533	551	434	354	311	238	154	115	 10794
04/16/10	Fri	80	72	68	107	220	572	1085	1044	727	625	594	595	594	611	663	636	628	670	527	351	282	255	203	126	 11335
04/17/10	Sat	107	79	46	71	106	193	290	446	575	628	652	612	618	667	661	609	600	583	471	374	305	244	185	126	 9248
04/18/10	Sun	123	68	61	71	86	120	183	264	393	493	585	659	704	638	658	706	783	861	604	482	382	317	211	149	 9601
04/19/10	Mon	132	90	79	123	232	581	1092	1076	683	592	520	561	486	526	571	524	547	498	397	309	239	175	132	105	 10270
04/20/10	Tue	53	60	69	110	216	610	1089	1008	718	577	556	494	557	550	531	542	560	541	441	291	262	228	149	110	 10322
04/21/10	Wed	85	84	71	122	227	623	1152	1044	719	625	564	517	493	543	545	559	562	409	490	365	296	196	164	95	 10550
04/22/10	Thu	84	66	76	133	234	593	1067	1081	663	595	593	559	513	584	483	623	533	480	357	289	275	219	172	121	 10393
04/23/10	Fri	95	71	77	89	239	529	941	1004	651	553	601	526	545	575	565	592	570	540	446	329	243	184	174	120	 10259
04/24/10	Sat	90	55	48	86	107	141	278	397	481	594	589	643	638	595	534	506	537	497	465	394	277	256	214	154	 8576
04/25/10	Sun	114	95	68	62	77	132	224	258	381	487	630	604	671	589	648	731	681	637	638	451	361	302	223	133	 9197
04/26/10	Mon	107	76	99	107	197	598	1098	1036	695	519	519	548	542	550	522	501	583	493	380	330	250	197	144	93	 10184
04/27/10	Tue	81	59	63	111	191	628	1117	1050	667	548	579	512	514	550	553	586	514	486	419	352	278	209	161	108	 10336
04/28/10	Wed	81	78	79	117	240	613	1132	1033	762	641	651	506	530	538	535	522	593	504	433	356	280	209	164	106	 10703
04/29/10	Thu	98	78	83	105	216	592	1100	1052	665	617	580	568	551	517	535	576	573	509	406	314	260	224	169	103	 10491
04/30/10	Fri	76	74	82	133	217	577	1063	1030	735	619	650	617	643	628	646	660	693	651	549	434	356	263	164	151	 11711
05/01/10	Sat	103	81	62	71	114	198	308	482	557	634	699	615	608	620	619	673	590	659	469	391	341	254	198	176	 9522
05/02/10	Sun	116	84	67	64	90	119	192	297	395	530	589	631	655	675	679	733	732	766	697	453	374	280	199	137	 9554
05/03/10	Mon	115	92	98	130	223	641	1125	1078	719	578	532	499	537	573	540	534	562	550	384	352	267	204	138	89	 10560
05/04/10	Tue	80	60	71	103	197	647	1079	1009	701	607	572	537	541	523	534	572	589	486	452	337	320	216	168	122	 10523
05/05/10	Wed	86	81	77	124	219	644	1136	1041	713	624	589	517	586	550	607	544	582	520	439	335	268	223	179	116	 10800
05/06/10	Thu	73	71	98	119	195	651	1083	1035	727	635	577	620	552	611	585	620	582	576	400	322	299	198	183	116	 10928
05/07/10	Fri	81	78	80	132	217	573	996	998	718	646	654	663	651	654	616	683	664	648	511	444	317	271	240	137	 11672
05/08/10	Sat	110	77	65	76	110	189	311	457	581	652	739	692	703	660	646	667	714	693	519	406	313	228	214	132	 9954
05/09/10	Sun	90	71	74	78	79	146	188	267	426	544	608	694	712	701	650	661	796	820	701	501	413	347	214	158	 9939
05/10/10	Mon	94	86	98	113	227	623	1092	995	722	641	544	572	521	576	558	542	574	513	424	310	296	192	158	95	 10566
05/11/10	Tue	80	69	66	81	193	606	1075	1009	697	593	540	494	567	573	521	592	596	542	376	329	252	196	186	97	 10330
05/12/10	Wed	91	80	72	110	183	579	1008	961	628	604	554	548	523	543	516	559	547	483	417	314	258	210	167	117	 10072
05/13/10	Thu	67	95	98	109	206	584	1054	1013	704	596	596	586	588	584	600	670	577	583	466	370	380	249	177	152	 11104
05/14/10	Fri	89	93	80	109	196	538	1037	1032	753	637	622	642	606	633	655	721	703	708	504	391	284	241	155	148	 11577
05/15/10	Sat	94	98	63	82	124	202	318	401	543	695	718	717	651	704	700	649	704	676	537	430	368	319	236	188	 10217
05/16/10	Sun	154	99	62	64	77	145	220	295	406	496	659	689	822	711	763	863	899	924	776	609	476	342	243	151	 10945
05/17/10	Mon	113	123	70	138	229	637	1099	1042	706	596	557	567	579	601	612	625	675	554	467	409	353	216	173	106	 11247
05/18/10	Tue	95	52	69	115	204	645	1047	1011	641	591	590	564	591	579	593	601	656	584	442	394	301	252	186	115	 10918
05/19/10	Wed	99	91	68	125	236	639	1071	1064	782	629	643	656	604	620	687	648	674	560	460	371	327	275	202	114	 11645
05/20/10	Thu	90	85	89	119	212	661	1069	1021	716	676	646	608	688	614	658	585	621	602	514	437	354	296	185	130	 11676
05/21/10	Fri	85	84	92	120	227	556	1022	1000	734	658	674	707	723	763	686	658	702	668	516	407	379	301	198	140	 12100
05/22/10	Sat	114	96	69	74	107	206	359	463	558	671	747	698	709	690	692	663	805	656	529	512	369	319	215	161	 10482
05/23/10	Sun	104	96	76	75	93	141	198	286	448	498	615	671	705	700	753	817	955	945	829	660	475	345	246	159	 10890
05/24/10	Mon	127	120	95	125	224	644	1083	1010	666	613	602	635	545	624	655	605	610	545	415	342	276	231	178	116	 11086
05/25/10	Tue	97	81	80	120	203	605	1065	997	629	629	582	610	639	633	608	551	606	564	497	352	333	253	240	154	 11128
05/26/10	Wed	95	66	104	132	253	635	1124	986	710	637	621	588	662	665	666	625	599	631	467	422	334	278	200	129	 11629
05/27/10	Thu	119	97	99	134	242	624	1054	1028	669	666	662	660	629	694	731	681	702	677	537	462	389	358	252	153	 12319
05/28/10	Fri	129	111	113	124	241	555	975	893	731	690	761	761	725	797	766	805	764	716	628	492	391	379	296	213	 13056
05/29/10	Sat	140	114	84	95	119	171	293	409	541	632	744	811	751	748	757	776	718	657	570	458	369	321	232	185	 10695
05/30/10	Sun	117	88	77	78	92	130	194	294	412	529	661	690	637	707	748	777	733	706	587	549	417	369	228	163	 9983
05/31/10	Mon	111	76	84	80	113	156	205	276	351	528	596	669	781	868	917	926	894	917	697	643	521	414	244	175	 11242
06/01/10	Tue	122	99	98	123	235	663	1096	968	675	662	637	583	658	655	667	645	647	570	532	378	359	268	181	138	 11659
06/02/10	Wed	88	67	54	108	226	635	1068	1012	670	646	629	593	607	636	588	583	657	671	482	406	330	290	204	157	 11407
06/03/10	Thu	103	90	97	126	218	631	1071	994	743	707	651	644	675	641	677	638	635	606	520	422	343	339	203	157	 11931
06/04/10	Fri	108	90	71	131	209	617	1009	942	685	687	646	669	730	712	751	719	685	597	581	426	336	313	231	169	 12114
06/05/10	Sat	100	85	81	105	134	213	337	481	542	626	669	731	728	778	720	809	740	680	658	452	422	348	274	200	 10913
06/06/10	Sun	175	108	72	70	103	155	256	286	429	539	600	745	750	807	873	908	761	824	673	531	484	388	274	188	 10999
06/07/10	Mon	94	125	109	131	235	646	1106	963	724	607	655	620	626	670	652	609	660	610	487	412	367	266	190	148	 11712
06/08/10	Tue	94	90	89	126	201	603	1082	930	703	600	595	589	590	642	647	559	607	627	472	378	331	255	211	131	 11152
06/09/10	Wed	87	92	80	136	241	633	1082	956	689	651	645	631	652	655	634	610	669	648	509	392	335	247	205	144	 11623
06/10/10	Thu	102	89	75	126	239	649	1042	1014	669	654	660	620	620	650	663	603	613	621	480	439	323	292	218	149	 11610
06/11/10	Fri	121	93	86	127	225	595	1020	931	733	723	744	727	726	709	786	683	714	642	498	509	391	295	227	167	 12472
06/12/10	Sat	108	120	64	80	114	201	305	399	526	687	788	825	762	707	786	806	714	647	544	429	363	318	196	169	 10658
06/13/10	Sun	130	89	85	91	109	132	209	225	363	519	653	741	778	720	841	889	840	746	635	483	393	298	260	179	 10408
06/14/10	Mon	101	89	83	119	256	618	1079	1031	690	599	672	608	662	615	625	640	643	613	488	391	302	242	179	108	 11453
06/15/10	Tue	93	64	83	119	206	668	1112	920	670	615	629	602	653	676	600	606	600	613	519	403	344	342	182	128	 11447
06/16/10	Wed	87	105	85	124	237	671	1124	968	738	661	620	633	656	700	678	620	668	593	548	456	382	307	202	136	 11999
06/17/10	Thu	101	86	89	127	245	668	1056	997	681	713	717	667	653	778	740	699	687	650	549	444	360	336	245	143	 12431
06/18/10	Fri	131	99	73	154	221	595	1021	899	726	712	715	710	753	731	758	737	731	727	581	468	424	312	230	175	 12683
06/19/10	Sat	120	88	74	93	113	206	314	444	597	691	718	782	754	801	785	813	798	712	621	509	457	357	241	169	 11257
06/20/10	Sun	113	102	85	73	98	158	229	316	404	585	727	706	758	750	738	866	795	756	713	531	454	404	296	159	 10816
06/21/10	Mon	125	93	85	122	243	629	1039	951	691	605	624	624	629	697	650	699	656	611	505	398	384	288	212	104	 11664
06/22/10	Tue	92	65	84	126	234	659	1028	958	735	679	695	633	614	628	696	635	671	653	504	378	335	307	217	146	 11772
06/23/10	Wed	98	96	96	130	243	664	1070	949	712	720	679	658	662	680	706	685	673	638	526	440	373	305	261	168	 12232
06/24/10	Thu	102	90	90	127	235	670	1055	1012	725	654	676	716	701	707	708	719	704	622	515	440	369	333	243	163	 12376
06/25/10	Fri	108	77	95	149	247	555	1030	965	772	696	679	716	767	752	775	710	733	674	571	500	412	335	242	151	 12711
06/26/10	Sat	110	98	81	90	142	226	358	432	578	660	751	785	749	797	740	775	740	703	620	487	393	309	249	176	 11049
06/27/10	Sun	141	101	100	81	95	176	278	287	464	602	662	781	764	797	928	909	876	825	769	546	492	397	223	200	 11494
06/28/10	Mon	144	116	104	139	261	646	1090	972	700	650	728	705	675	734	757	673	726	623	561	413	386	272	204	128	 12407
06/29/10	Tue	109	100	79	137	229	660	1072	926	690	711	640	627	653	714	688	669	650	620	469	376	345	305	225	138	 11832
06/30/10	Wed	115	81	94	154	264	690	1097	982	745	698	684	656	673	678	709	666	659	697	569	469	376	303	251	199	 12509
07/01/10	Thu	108	113	117	141	267	700	1112	1008	741	767	759	767	802	817	863	822	848	722	651	533	436	374	294	196	 13958
07/02/10	Fri	154	137	114	131	256	614	999	920	784	795	872	870	911	969	975	951	881	843	706	524	568	406	271	244	 14895
07/03/10	Sat	181	142	115	116	109	199	301	413	561	727	817	867	824	875	905	861	838	770	603	519	411	326	301	167	 11948
07/04/10	Sun	117	92	61	87	72	111	170	231	334	501	546	671	650	625	677	634	662	726	636	414	286	320	317	178	 9118
07/05/10	Mon	114	104	88	77	112	190	314	330	425	492	668	720	838	866	921	974	980	939	881	729	557	461	335	205	 12320
07/06/10	Tue	117	97	91	131	235	701	1100	950	683	668	678	716	776	710	790	751	722	694	564	460	355	281	209	143	 12622
07/07/10	Wed	101	81	84	112	234	661	1055	942	691	718	730	737	711	729	748	715	775	673	573	449	367	301	202	148	 12537
07/08/10	Thu	104	94	99	140	226	666	1044	970	722	710	700	724	723	785	779	736	712	726	559	502	398	346	216	190	 12871
07/09/10	Fri	118	107	121	136	250	644	1033	927	715	755	761	789	807	827	814	870	842	788	681	484	404	341	261	166	 13641
07/10/10	Sat	145	116	111	96	119	250	358	489	565	717	862	863	902	963	935	1026	850	836	648	541	474	478	317	215	 12876
07/11/10	Sun	166	122	100	86	119	178	261	331	443	640	814	814	899	841	846	862	1035	902	672	562	484	362	239	198	 11976
07/12/10	Mon	143	100	101	122	270	681	1084	992	733	692	671	669	647	687	728	666	603	646	508	383	351	265	174	127	 12043
07/13/10	Tue	102	78	106	111	220	698	1155	947	703	661	622	631	651	656	638	664	584	609	481	486	373	334	199	149	 11858
07/14/10	Wed	109	89	102	146	268	688	1105	960	737	687	698	709	665	693	728	631	710	688	522	428	369	252	223	131	 12338
07/15/10	Thu	107	88	94	145	234	716	1106	1021	756	689	747	704	773	761	794	723	712	703	512	486	458	324	241	178	 13072
07/16/10	Fri	121	100	94	132	215	670	1045	915	764	782	771	803	739	774	843	800	760	709	597	511	428	356	277	177	 13383
07/17/10	Sat	130	79	78	96	122	232	376	463	585	771	867	821	846	825	879	911	774	808	691	531	476	340	253	178	 12132
07/18/10	Sun	111	106	103	86	99	158	236	304	463	583	679	762	861	875	862	871	822	800	664	572	477	339	276	182	 11291
07/19/10	Mon	129	115	97	128	266	663	1104	991	721	666	641	628	656	656	715	694	681	616	499	381	321	268	183	126	 11945
07/20/10	Tue	89	72	83	130	236	659	1131	926	677	658	696	630	648	733	656	657	669	680	535	393	329	259	186	144	 11876
07/21/10	Wed	99	88	99	143	287	714	1091	988	747	736	673	660	708	718	672	692	666	601	607	426	375	292	211	128	 12421
07/22/10	Thu	121	89	102	138	274	624	1107	999	748	684	709	716	721	766	795	782	667	700	586	473	384	302	244	181	 12912
07/23/10	Fri	109	103	92	145	258	609	1046	922	786	746	755	822	888	860	863	838	788	743	655	548	422	389	286	193	 13866
07/24/10	Sat	154	95	103	97	122	223	362	453	597	800	897	849	852	902	924	1011	869	796	626	550	442	407	276	186	 12593
07/25/10	Sun	131	136	76	79	108	144	247	302	435	643	710	764	829	799	838	968	896	818	790	644	512	382	269	193	 11713
07/26/10	Mon	107	103	133	127	274	677	1124	953	722	649	659	676	696	698	667	698	685	663	544	389	346	268	192	129	 12179
07/27/10	Tue	94	78	86	110	221	676	1129	915	685	641	638	635	665	646	638	671	646	648	478	422	379	264	220	163	 11748
07/28/10	Wed	122	87	122	143	248	749	1123	961	741	712	711	727	697	689	738	709	765	649	571	422	349	292	171	158	 12656
07/29/10	Thu	133	105	104	130	264	728	1136	984	743	734	761	753	719	739	769	783	750	687	520	563	441	345	235	184	 13310
07/30/10	Fri	140	103	110	145	280	630	1054	956	758	773	789	807	849	815	862	867	851	813	721	547	437	326	294	205	 14132
07/31/10	Sat	149	99	71	118	152	271	369	472	542	821	913	907	901	932	957	1006	903	876	653	562	500	407	265	188	 13034
08/01/10	Sun	155	125	105	97	114	161	237	332	457	630	812	853	850	928	964	1023	1001	943	826	618	507	417	276	167	 12598
08/02/10	Mon	133	100	123	138	247	709	1124	993	705	699	696	710	709	747	741	743	708	682	503	421	333	249	176	138	 12527
08/03/10	Tue	69	63	89	111	255	697	1143	970	687	690	696	701	659	723	691	670	687	681	500	452	371	281	204	138	 12228
08/04/10	Wed	116	94	93	135	263	730	1132	993	745	718	729	733	755	707	654	742	716	640	531	435	329	268	200	155	 12613
08/05/10	Thu	111	106	116	143	275	693	1097	1020	768	680	765	680	696	807	780	730	758	731	558	512	395	330	241	157	 13149
08/07/10	Sat	122	105	91	96	101	234	392	504	622	806	848	811	758	790	779	819	839	727	673	537	444	368	273	180	 11919
08/08/10	Sun	181	144	102	74	108	145	270	291	487	643	757	879	911	853	913	937	912	942	723	636	523	341	273	198	 12243
08/09/10	Mon	135	107	108	157	304	669	1050	880	864	678	691	671	700	743	695	695	705	567	514	407	349	257	161	108	 12215
08/10/10	Tue	86	75	92	100	250	666	1138	973	738	636	679	706	660	686	645	644	668	615	533	492	371	285	218	108	 12064
08/11/10	Wed	103	94	98	140	293	666	1137	1006	795	703	669	668	671	665	692	656	660	685	571	471	357	282	210	133	 12425
08/12/10	Thu	123	100	106	128	279	670	1102	991	748	761	723	682	758	689	772	707	737	657	559	517	362	343	231	205	 12950
08/13/10	Fri	164	135	135	148	280	607	1072	939	698	691	717	758	722	814	888	881	847	800	591	532	457	343	280	184	 13683
08/14/10	Sat	136	123	83	90	121	209	321	442	626	713	759	773	788	911	922	855	850	794	657	569	459	433	294	231	 12159
08/15/10	Sun	166	130	111	87	121	143	216	295	433	565	729	861	834	856	893	949	916	926	708	620	507	364	259	241	 11930
08/16/10	Mon	136	109	105	114	249	659	1083	1040	810	633	626	678	607	645	642	677	700	622	523	442	307	278	159	130	 11974
08/17/10	Tue	103	71	103	126	231	677	1123	1008	693	621	609	601	607	597	633	658	640	671	478	427	362	267	223	141	 11670
08/18/10	Wed	105	89	104	132	241	691	1160	1019	724	661	666	604	683	614	669	658	664	634	550	503	375	273	202	136	 12157
08/19/10	Thu	102	106	88	141	276	691	1102	1072	725	681	671	664	684	630	657	672	700	682	496	409	363	291	204	127	 12234
08/20/10	Fri	109	83	83	135	293	639	1102	1024	764	695	721	734	689	681	738	796	724	746	581	510	415	308	230	147	 12947
08/21/10	Sat	114	85	61	86	120	206	351	546	601	758	839	929	917	979	1016	799	770	769	587	488	390	304	222	196	 12133
08/22/10	Sun	108	99	74	70	82	147	219	262	425	547	659	699	718	696	797	802	771	798	682	538	479	297	223	172	 10364
08/23/10	Mon	99	74	104	142	284	719	1150	1056	711	581	608	512	595	613	533	536	576	531	441	308	291	223	155	114	 10956
08/24/10	Tue	85	66	89	119	255	658	1105	1049	692	590	618	607	585	568	575	613	641	566	440	395	307	237	173	127	 11160
08/25/10	Wed	102	100	76	129	256	701	1116	1077	718	616	621	589	571	636	609	625	620	636	493	367	319	265	170	122	 11534
08/26/10	Thu	108	99	91	138	246	696	1148	1074	757	686	633	606	638	624	622	645	637	628	487	443	377	292	172	157	 12004
08/27/10	Fri	90	75	95	138	284	644	1047	1087	792	675	691	669	672	733	657	700	710	661	589	454	407	277	212	132	 12491
08/28/10	Sat	99	97	78	75	135	196	351	544	621	705	796	894	824	762	762	753	743	628	573	494	416	312	219	168	 11245
08/29/10	Sun	102	99	80	71	89	125	194	275	436	532	689	692	659	741	739	772	768	747	616	462	439	311	183	125	 9946
08/30/10	Mon	103	106	92	113	261	662	1140	1057	680	581	513	577	555	580	589	597	512	527	429	303	288	189	149	103	 10706
08/31/10	Tue	103	57	85	123	238	665	1109	1023	664	589	573	586	616	529	574	595	585	565	451	412	280	245	169	112	 10948
09/01/10	Wed	92	77	95	137	239	684	1122	1052	728	618	674	659	598	640	641	623	626	641	516	491	397	266	212	112	 11940
09/03/10	Fri	112	102	107	161	284	573	1007	993	778	747	826	765	814	802	860	842	836	732	639	573	584	531	332	227	 14227
09/04/10	Sat	172	124	107	93	138	191	305	446	577	802	811	896	781	802	1026	750	752	660	562	463	411	287	202	167	 11525
09/05/10	Sun	125	103	72	80	83	116	202	251	394	521	572	732	681	635	732	667	719	627	579	559	426	309	197	181	 9563
09/06/10	Mon	89	70	62	70	110	135	197	217	375	519	651	758	745	739	942	872	910	835	767	602	493	350	218	164	 10890
09/07/10	Tue	96	91	85	132	253	666	1097	1088	724	580	585	624	554	630	538	609	599	579	481	329	283	202	166	102	 11093
09/08/10	Wed	72	93	87	119	262	647	1129	1007	713	619	610	613	636	649	628	610	566	556	456	383	286	259	167	138	 11305
09/09/10	Thu	91	90	101	123	290	671	1120	1125	719	639	667	692	654	632	623	634	633	613	545	409	337	258	205	133	 12004
09/10/10	Fri	97	117	85	148	272	626	1040	1029	738	697	732	698	699	706	681	687	702	702	566	406	341	300	189	146	 12404
09/11/10	Sat	109	94	63	84	134	236	334	473	600	648	706	769	680	744	667	719	763	650	520	482	395	297	193	163	 10523
09/12/10	Sun	109	93	53	65	91	159	228	284	404	540	640	693	669	605	697	714	716	681	520	478	381	290	193	144	 9447
09/13/10	Mon	111	87	82	110	261	637	1114	1037	663	626	625	581	588	570	609	588	528	491	455	326	266	195	135	103	 10788
09/14/10	Tue	80	56	85	101	247	619	1090	990	610	631	624	555	566	571	628	581	556	591	433	361	309	250	181	99	 10814
09/15/10	Wed	91	89	92	116	267	683	1090	1048	753	658	668	611	576	586	630	613	606	565	497	389	309	217	163	92	 11409
09/16/10	Thu	98	75	99	113	278	679	1100	1046	717	615	611	599	564	651	681	638	637	626	559	465	319	255	163	128	 11716
09/17/10	Fri	105	81	98	139	254	592	1094	991	770	637	714	715	719	679	698	749	757	726	575	443	342	350	217	132	 12577
09/18/10	Sat	98	82	62	90	130	214	322	476	521	704	724	734	718	745	683	753	705	685	607	499	365	286	181	126	 10510
09/19/10	Sun	120	90	86	59	97	145	184	261	422	551	691	714	805	726	693	801	708	723	616	554	370	295	195	159	 10065
09/20/10	Mon	111	75	101	119	264	704	1101	1116	728	614	538	571	616	612	653	581	536	519	424	350	246	203	152	97	 11031
09/21/10	Tue	80	65	71	114	233	640	1144	1066	685	589	557	540	536	563	575	619	549	549	416	336	300	228	172	96	 10723
09/22/10	Wed	81	88	73	134	262	742	1172	1095	722	608	629	592	587	625	618	576	567	553	477	387	285	217	145	115	 11350
09/23/10	Thu	80	81	92	133	279	688	1124	1071	770	654	641	639	614	586	659	642	634	643	487	404	326	280	172	128	 11827
09/24/10	Fri	103	80	83	127	258	642	1066	1062	754	710	633	710	659	730	821	742	706	689	637	448	314	276	196	133	 12579
09/25/10	Sat	123	83	78	70	126	207	333	510	591	700	783	707	737	726	684	737	695	698	473	378	304	239	245	135	 10362
09/26/10	Sun	111	93	84	70	100	131	191	287	408	568	772	771	709	736	702	802	704	688	587	528	382	294	190	155	 10063
09/27/10	Mon	77	90	101	117	263	672	1145	1083	713	573	580	555	614	620	593	588	546	547	473	300	250	189	119	77	 10885
09/28/10	Tue	70	70	73	127	259	676	1150	1033	721	580	535	526	581	614	624	610	613	565	405	365	255	235	185	111	 10983
09/29/10	Wed	103	84	69	148	273	706	1113	1025	718	618	629	598	585	580	619	619	618	571	510	376	285	230	153	108	 11338
09/30/10	Thu	96	90	75	140	246	677	1148	1052	717	647	624	630	614	632	643	669	622	593	474	404	263	250	184	120	 11610
10/01/10	Fri	116	69	69	112	242	499	790	769	625	621	566	576	586	616	592	586	560	564	499	381	306	327	185	103	 10359
10/02/10	Sat	86	63	68	81	94	163	275	351	493	644	679	650	611	569	585	617	631	529	476	417	308	238	188	140	 8956
10/03/10	Sun	89	61	48	77	78	143	203	246	410	481	537	524	570	612	684	649	652	591	505	480	360	240	195	128	 8563
10/04/10	Mon	97	63	95	122	238	622	894	832	619	563	476	484	518	517	546	512	494	413	362	313	219	171	122	78	 9370
10/05/10	Tue	77	64	55	99	205	564	871	786	614	536	582	535	496	424	519	522	485	455	386	336	260	200	155	89	 9315
10/06/10	Wed	68	61	73	114	238	603	852	824	589	570	531	491	480	537	503	462	489	533	442	356	256	199	143	122	 9536
10/07/10	Thu	73	70	74	113	224	603	866	757	603	569	567	556	547	564	539	496	514	514	415	334	288	206	174	90	 9756
10/08/10	Fri	87	87	85	117	228	507	843	780	628	629	680	609	622	604	602	594	566	552	500	365	247	213	180	119	 10444
10/09/10	Sat	91	90	46	86	108	163	256	376	461	605	684	688	599	592	608	594	603	544	491	395	281	232	170	110	 8873
10/10/10	Sun	72	78	65	55	84	102	185	226	366	467	545	554	640	534	586	608	588	620	584	437	310	250	142	119	 8217
10/11/10	Mon	63	75	84	129	220	520	804	656	604	554	541	533	540	506	449	521	436	436	377	296	230	160	126	101	 8961
10/12/10	Tue	73	54	79	91	220	525	979	954	565	523	532	466	549	473	472	461	507	493	350	325	247	195	149	92	 9374
10/13/10	Wed	97	88	85	112	214	524	777	706	600	588	570	496	545	510	530	546	476	495	421	346	257	209	141	99	 9432
10/14/10	Thu	87	97	86	109	228	547	844	718	587	538	547	557	548	567	505	489	507	517	447	325	277	238	165	95	 9625
10/15/10	Fri	87	82	93	111	208	495	813	697	579	615	595	554	587	591	577	551	552	517	516	351	342	285	159	111	 10068
10/16/10	Sat	96	72	67	70	98	188	244	361	497	597	638	608	658	578	621	635	516	526	477	351	277	239	163	102	 8679
10/17/10	Sun	90	78	49	72	80	128	155	230	365	451	630	595	563	613	524	532	616	638	639	394	293	239	161	126	 8261
10/27/10	Wed	78	85	78	115	191	515	1001	1077	815	575	619	557	582	553	552	610	545	587	505	345	262	224	177	102	 10750
10/28/10	Thu	96	92	68	104	186	526	995	1048	763	626	628	555	572	604	644	600	605	617	555	418	289	208	186	138	 11123
10/29/10	Fri	101	79	72	113	171	453	937	1029	743	620	653	630	675	617	660	701	747	679	625	405	336	236	201	162	 11645
10/30/10	Sat	110	80	60	78	89	166	271	393	530	594	697	755	736	825	823	729	675	646	574	400	329	262	211	151	 10184
10/31/10	Sun	105	86	63	48	84	129	148	227	302	409	477	594	615	647	654	696	740	643	538	348	344	275	207	140	 8519
11/01/10	Mon	100	75	70	89	199	514	1040	1076	737	583	682	594	576	560	571	528	543	488	494	295	245	185	161	95	 10500
11/02/10	Tue	82	66	80	94	168	540	1018	1075	796	578	566	565	549	617	569	576	520	552	515	350	257	238	151	108	 10630
11/03/10	Wed	83	93	80	112	196	561	1042	1126	865	655	602	584	585	561	553	524	554	593	441	387	261	187	176	113	 10934
11/04/10	Thu	98	102	89	105	204	524	1052	1108	787	659	608	665	569	543	626	605	560	588	524	388	283	215	162	128	 11192
11/05/10	Fri	97	70	79	130	195	503	981	1059	839	659	651	652	652	644	601	641	672	633	546	458	322	316	204	131	 11735
11/06/10	Sat	87	77	62	75	94	158	315	483	561	574	687	686	631	598	617	652	719	677	566	387	288	261	176	137	 9568
11/07/10	Sun	92	72	55	74	93	120	204	240	410	473	598	659	655	657	636	673	715	634	494	395	311	260	155	122	 8797
11/08/10	Mon	83	82	59	105	184	556	1068	1172	758	566	537	522	529	523	542	515	583	532	384	304	202	182	122	101	 10211
11/18/10	Thu	80	61	78	94	205	568	1046	1080	736	610	596	546	593	602	593	581	591	654	444	336	248	233	171	127	 10873
11/19/10	Fri	89	93	81	116	176	505	1022	1070	791	736	672	662	592	618	725	760	706	691	557	472	328	318	247	178	 12205
11/20/10	Sat	119	100	79	75	104	180	325	434	594	635	767	706	716	735	705	725	822	731	546	432	278	279	192	166	 10445
11/21/10	Sun	109	108	59	69	83	123	175	218	342	460	569	689	623	652	661	729	736	639	536	387	289	194	157	122	 8729
11/22/10	Mon	82	87	70	90	186	534	1016	1153	733	574	587	591	553	589	563	622	539	556	410	315	201	191	137	113	 10492
11/23/10	Tue	77	81	71	83	186	526	1016	1015	701	665	666	645	603	662	705	692	731	696	552	418	301	288	253	200	 11833
11/24/10	Wed	145	110	115	110	218	511	952	917	674	624	749	791	844	830	853	833	784	702	581	479	376	332	226	167	 12923
11/25/10	Thu	146	76	67	81	61	115	162	129	264	368	568	656	582	498	459	415	490	609	573	433	414	290	199	138	 7793
11/26/10	Fri	75	78	72	141	177	230	354	450	425	532	551	572	580	627	608	619	625	570	486	353	299	240	155	125	 8944
11/27/10	Sat	92	70	66	54	83	134	186	274	379	511	577	675	706	789	811	869	1040	937	843	581	516	398	306	210	 11107
11/28/10	Sun	146	120	72	83	119	143	160	221	348	509	653	857	934	942	1187	1290	1392	1230	1077	759	518	360	309	190	 13619
11/29/10	Mon	134	86	108	103	181	496	960	996	684	553	529	528	523	558	514	607	576	503	425	337	223	216	142	87	 10069
11/30/10	Tue	80	88	56	98	168	534	1016	1073	705	588	565	540	564	597	583	542	632	549	375	284	242	239	163	111	 10392
12/01/10	Wed	82	57	86	100	200	520	1051	1106	769	604	565	559	574	586	537	574	567	563	412	287	244	199	169	111	 10522
12/02/10	Thu	84	71	92	114	192	578	1034	1072	723	550	600	635	551	542	589	560	560	607	435	289	235	214	165	124	 10616
12/03/10	Fri	86	83	69	106	201	503	1017	984	760	639	620	606	619	590	640	655	652	643	507	365	253	244	185	123	 11150
12/04/10	Sat	83	62	68	66	85	188	300	405	510	651	724	682	674	629	579	618	669	608	394	295	245	233	177	145	 9090
12/05/10	Sun	99	75	61	44	87	116	162	251	345	457	538	607	578	631	600	655	633	661	447	402	268	190	150	116	 8173
12/06/10	Mon	76	61	70	98	185	534	1026	1118	758	571	582	482	507	478	453	495	516	448	340	239	174	186	136	82	 9615
12/07/10	Tue	70	56	57	84	160	521	1037	1065	705	608	556	516	475	490	545	536	566	562	368	256	235	215	155	116	 9954
12/08/10	Wed	72	69	74	95	201	537	1056	1078	746	656	659	536	577	532	534	588	568	570	435	315	254	204	160	109	 10625
12/09/10	Thu	84	83	79	112	204	535	1036	1101	747	627	575	569	556	544	576	603	565	533	427	312	247	222	149	105	 10591
12/10/10	Fri	80	76	61	120	174	516	999	978	783	656	603	616	611	595	593	665	656	618	480	317	277	228	155	120	 10977
12/11/10	Sat	100	83	45	81	96	155	256	325	448	590	673	690	648	603	599	610	606	587	462	320	221	219	177	147	 8741
12/12/10	Sun	80	85	62	55	78	112	162	215	327	453	584	578	635	615	591	685	745	604	546	365	290	231	158	126	 8382
12/13/10	Mon	72	72	70	111	179	528	1041	1128	713	587	543	500	539	517	516	546	542	531	384	264	184	151	120	102	 9940
12/14/10	Tue	72	77	86	96	162	559	1029	1055	740	616	610	557	513	516	568	512	605	561	392	290	230	208	183	113	 10350
12/15/10	Wed	76	78	87	107	209	545	1058	1034	824	630	607	603	603	611	585	615	633	565	368	307	259	249	169	113	 10935
12/16/10	Thu	72	73	68	98	183	493	994	983	717	555	545	557	599	532	602	597	663	580	438	372	289	270	194	152	 10626
12/17/10	Fri	125	94	62	111	200	486	926	973	758	623	619	688	634	624	689	744	712	693	587	435	363	355	264	158	 11923
12/18/10	Sat	128	116	78	84	112	187	263	403	508	686	816	857	840	807	890	876	905	815	599	432	342	294	208	138	 11384
12/19/10	Sun	98	84	77	62	107	141	171	257	362	516	642	715	766	805	727	761	804	645	557	445	337	251	220	113	 9663
12/20/10	Mon	105	77	82	115	189	535	957	1002	719	682	681	648	664	681	607	635	622	580	420	311	275	204	155	116	 11062
12/25/10	Sat	97	100	37	33	52	60	83	104	166	306	376	461	477	506	444	505	532	524	517	428	369	269	200	118	 6764
12/26/10	Sun	78	61	48	53	78	112	153	185	299	402	669	769	849	887	964	1074	1081	1091	863	706	493	269	331	182	 11697
12/27/10	Mon	138	93	85	97	164	436	743	765	626	607	710	794	871	862	936	959	920	872	631	529	387	325	213	164	 12927
12/28/10	Tue	99	100	87	110	195	477	832	868	666	604	669	771	726	796	831	853	883	859	618	474	339	333	225	156	 12571
12/29/10	Wed	92	90	98	118	204	480	822	878	689	638	679	675	712	802	858	858	821	771	624	478	393	294	269	187	 12530
12/30/10	Thu	144	146	103	126	187	419	798	806	634	659	601	651	615	556	604	503	466	323	337	263	222	189	165	95	 9612
12/31/10	Fri	74	86	54	66	87	158	215	275	267	295	382	458	470	509	526	539	585	494	385	277	228	164	113	111	 6818