01/01/10	Fri	469	438	338	222	204	286	389	436	569	778	1048	1326	1451	1535	1464	1403	1354	1272	1133	805	738	580	472	301	 19011
01/02/10	Sat	217	161	130	193	242	427	691	903	1059	1399	1682	1827	2062	1973	1831	1821	1844	1627	1340	1061	797	777	611	405	 25080
01/03/10	Sun	242	208	178	139	183	322	538	610	809	1200	1498	1764	2093	1854	1776	1508	1569	1495	1217	833	681	491	389	231	 21828
01/04/10	Mon	140	133	143	306	592	1983	4090	4146	2970	1952	1932	1776	1926	1875	1967	2146	2158	1887	1363	860	588	569	392	239	 36133
01/05/10	Tue	180	189	185	304	642	2125	4178	4418	3041	2166	1878	1919	1909	1894	2066	2209	2179	1963	1400	821	684	597	392	252	 37591
01/06/10	Wed	173	207	185	299	682	2063	4183	4341	2945	2015	1929	1787	1728	1727	1714	1772	1748	1358	896	603	445	448	285	240	 33773
01/07/10	Thu	163	213	216	315	642	1780	3328	3516	2528	1848	1594	1543	1572	1658	1733	1906	1892	1748	1089	781	640	595	420	268	 31988
01/08/10	Fri	189	213	165	308	570	1734	3718	4007	2927	2058	1984	2027	1991	1983	2192	2272	2280	2110	1748	1273	878	772	532	320	 38251
01/09/10	Sat	260	235	143	184	305	549	995	1377	1743	1848	1951	2068	2109	2142	1962	1898	1998	1859	1422	1023	830	766	623	405	 28695
01/10/10	Sun	230	170	149	137	192	380	652	657	965	1459	1569	1741	1839	1964	1827	1762	1797	1486	1178	801	684	556	361	203	 22759
01/11/10	Mon	149	157	155	295	653	2027	4220	4529	3132	2180	2014	1876	1827	1836	1876	2172	2198	2043	1406	837	613	586	382	241	 37404
01/12/10	Tue	181	193	170	308	674	2081	4283	4596	3107	2271	1965	1964	1778	1880	1993	2200	2127	2086	1411	800	715	593	414	239	 38029
01/13/10	Wed	177	189	165	294	690	2158	4354	4537	3157	2237	2073	1945	1876	1943	2035	2253	2296	2277	1484	872	736	582	444	286	 39060
01/14/10	Thu	221	196	200	335	694	2083	4226	4481	3181	2244	2058	1960	1874	1869	2014	2344	2138	2169	1469	939	724	658	462	267	 38806
01/15/10	Fri	210	211	202	331	600	1850	4016	4382	3099	2308	2195	2278	2154	2090	2268	2420	2559	2462	2030	1224	908	810	620	397	 41624
01/16/10	Sat	259	266	168	205	290	572	944	1366	1755	1999	2192	2294	2333	2170	2122	2074	2195	2056	1496	1074	815	747	598	403	 30393
01/17/10	Sun	244	190	139	132	192	362	511	686	1046	1483	1647	1756	1798	1953	1867	1902	1771	1497	1246	793	682	582	408	250	 23137
01/18/10	Mon	146	135	138	301	608	1739	3489	3408	2651	2231	2228	2153	2037	2024	2027	2153	2038	1961	1348	793	653	535	405	218	 35419
01/19/10	Tue	173	199	186	303	669	2138	4384	4511	3234	2349	2084	1897	1864	1862	1928	2140	2197	2073	1324	808	645	609	397	209	 38183
01/20/10	Wed	181	177	183	287	699	2198	4318	4391	3264	2250	2057	1937	1916	1853	1997	2197	2245	2196	1456	824	652	638	406	240	 38562
01/21/10	Thu	179	193	180	314	690	2116	4279	4501	3225	2400	2084	1893	1895	1807	1970	2300	2224	2085	1412	906	761	674	460	251	 38799
01/22/10	Fri	189	208	185	329	636	1974	4023	4340	3099	2349	2174	2141	2043	2084	2299	2489	2516	2401	1942	1188	909	761	601	326	 41206
01/23/10	Sat	241	249	180	202	286	553	918	1334	1709	1958	2070	2225	2154	2170	2037	1977	1952	1835	1572	996	844	709	558	362	 29091
01/24/10	Sun	220	160	146	118	160	321	507	637	897	1316	1498	1632	1824	1669	1602	1479	1514	1369	1043	720	762	655	355	215	 20819
01/25/10	Mon	134	118	136	321	624	2062	4244	4491	3066	2222	1995	1863	1812	1826	1836	2154	2075	2025	1394	786	590	534	345	222	 36875
01/26/10	Tue	157	189	171	323	681	2103	4358	4542	3131	2224	1894	1945	1797	1814	1909	2140	2111	1971	1386	801	657	612	409	232	 37557
01/27/10	Wed	143	202	189	298	690	2165	4329	4468	3073	2211	1918	1896	1880	1817	1973	2166	2179	1999	1415	817	648	615	400	266	 37757
01/28/10	Thu	168	214	183	326	711	2079	4035	4344	2947	2130	1866	1805	1839	1672	1896	2140	2088	2049	1343	799	724	681	439	246	 36724
01/29/10	Fri	189	220	189	303	606	1865	3853	4273	3109	2238	2113	2081	2044	2062	2233	2422	2427	2363	1878	1224	854	808	617	369	 40340
01/30/10	Sat	235	237	175	189	333	595	948	1327	1861	2000	2125	2166	2240	2268	2095	2330	2246	2063	1626	1158	935	771	594	445	 30962
01/31/10	Sun	268	164	161	146	197	373	516	710	999	1546	1772	1721	1762	2076	2021	1949	1901	1672	1186	863	695	568	386	226	 23878
02/01/10	Mon	127	135	138	307	688	2051	4196	4504	3188	2172	2031	1879	1923	1945	2040	2194	2126	2141	1343	802	670	539	388	219	 37746
02/02/10	Tue	180	196	178	324	713	2165	4416	4550	3163	2243	2007	1832	1835	1891	2015	2236	2223	2146	1431	810	650	634	401	249	 38488
02/03/10	Wed	178	196	189	323	696	2143	4388	4547	3176	2249	2040	2106	1914	2029	2168	2316	2171	2120	1490	985	757	616	411	253	 39461
02/04/10	Thu	166	171	191	320	726	2098	4287	4417	3097	2220	2000	1919	1880	1911	2014	2267	2125	2095	1449	918	749	689	433	259	 38401
02/05/10	Fri	189	242	193	304	677	1930	4094	4488	3225	2392	2202	2240	2118	2166	2274	2556	2449	2453	1933	1211	948	828	601	357	 42070
02/06/10	Sat	261	267	152	190	319	620	1008	1465	1787	1996	2062	2052	2167	2118	1940	2036	2050	1860	1527	1145	871	739	542	377	 29551
02/07/10	Sun	253	208	140	143	185	367	530	669	850	1226	1318	1383	1368	1392	1396	1466	1026	739	642	584	1298	775	388	207	 18553
02/08/10	Mon	123	129	151	323	637	1830	3485	2967	2824	1706	1492	1486	1437	1476	1613	1759	1687	1686	1105	693	492	482	353	236	 30172
02/09/10	Tue	216	141	153	309	700	2049	4122	4472	2910	2135	1891	1730	1820	1773	1927	2128	2128	2039	1416	852	664	604	421	219	 36819
02/10/10	Wed	183	171	156	309	676	2059	4336	4665	3193	2200	2053	2025	1894	1934	2034	2189	2202	2063	1573	951	709	620	436	283	 38914
02/11/10	Thu	232	203	178	322	697	2105	4318	4659	3226	2214	2136	2073	2108	1962	2063	2201	2296	2123	1577	961	828	690	493	281	 39946
02/12/10	Fri	218	234	179	327	614	1904	3962	4343	3079	2362	2350	2301	2184	2243	2493	2459	2497	2405	1932	1203	935	815	649	374	 42062
02/13/10	Sat	275	240	197	206	312	561	981	1337	1771	1960	2076	2165	2215	2246	2202	2173	2108	1868	1542	1113	888	815	617	434	 30302
02/14/10	Sun	258	206	142	152	216	304	505	600	745	1223	1367	1545	1609	1598	1405	1414	1364	1244	1024	776	635	556	420	218	 19526
02/15/10	Mon	174	133	159	274	586	1676	3132	3398	2545	2087	2044	2038	2027	1926	2024	2110	2027	1902	1371	883	729	591	395	230	 34461
02/16/10	Tue	171	228	169	321	683	2146	4381	4463	3117	2247	1994	1946	2020	1922	1956	2200	2154	2045	1457	832	726	611	405	239	 38433
02/17/10	Wed	188	213	196	314	734	2188	4368	4687	3224	2285	2153	2073	2036	1876	2116	2134	2114	2092	1528	861	679	660	431	261	 39411
02/18/10	Thu	202	209	180	329	754	2106	4380	4494	3121	2251	1972	2021	2015	2003	2123	2242	2141	1762	1152	750	603	591	430	243	 38074
02/19/10	Fri	196	214	203	350	654	1857	3507	3716	2726	2110	1869	1919	1872	1922	1948	2237	2195	1922	1545	1023	727	583	444	303	 36042
02/20/10	Sat	189	203	188	202	316	485	904	1200	1444	1561	1773	1786	1713	1696	1628	1542	1643	1586	1188	871	679	606	523	323	 24249
02/22/10	Mon	129	129	181	309	659	1974	2977	3365	3099	1995	1758	1729	1672	1714	1793	1977	1981	1957	1351	820	688	536	371	234	 33398
02/23/10	Tue	194	174	167	309	730	2288	4375	4473	2991	2123	2021	1862	1965	1913	1898	2163	2064	2034	1509	879	701	593	471	280	 38177
02/24/10	Wed	225	171	176	320	719	2262	4493	4489	3126	2195	2037	1997	1905	1932	1929	2195	2250	2159	1607	890	715	686	459	284	 39221
02/26/10	Fri	217	222	190	315	617	1759	3926	4432	3212	2322	2242	2096	2041	2140	2315	2530	2585	2546	2072	1321	971	846	669	395	 41981
02/27/10	Sat	287	260	157	191	291	618	1120	1389	1751	1900	2067	2323	2268	2412	2337	2328	2338	2029	1666	1164	914	916	657	415	 31798
02/28/10	Sun	294	196	190	132	183	327	557	663	889	1403	1547	1606	1753	1973	2066	1724	1737	1314	1094	833	653	563	383	220	 22300
03/01/10	Mon	143	121	154	294	598	1982	4093	4397	3147	2197	1922	1852	1853	1876	1941	2078	2135	2158	1511	915	612	586	428	243	 37236
03/02/10	Tue	217	175	157	312	617	2076	4317	4642	3257	2274	2049	1962	1897	1855	2053	2178	2137	2252	1531	955	714	642	453	259	 38981
03/03/10	Wed	198	183	168	288	667	2084	4363	4708	3348	2375	2158	2078	2010	1960	2089	2255	2313	2251	1727	967	805	687	467	281	 40430
03/04/10	Thu	220	254	165	288	704	2059	4341	4843	3205	2305	2091	2036	1893	1992	2166	2210	2167	2151	1714	1053	759	686	550	310	 40162
03/05/10	Fri	249	199	195	318	639	1805	4089	4551	3198	2438	2247	2192	2242	2159	2549	2687	2560	2554	2284	1380	978	847	682	430	 43472
03/06/10	Sat	279	202	180	222	285	580	1102	1401	1836	2053	2285	2362	2501	2569	2652	2614	2744	2264	1769	1189	918	846	687	401	 33941
03/07/10	Sun	253	193	167	159	196	341	568	683	939	1458	1706	1829	1893	1937	2003	2020	2140	1891	1349	1095	808	597	462	222	 24909
03/08/10	Mon	149	120	135	301	612	1989	4274	4642	3186	2277	1934	1938	1923	1857	1997	2171	2112	2115	1480	848	668	531	372	221	 37852
03/09/10	Tue	186	192	172	308	652	2053	4370	4648	3279	2304	2077	1948	1928	1887	2031	2222	2191	2199	1650	903	707	618	468	221	 39214
03/10/10	Wed	183	185	168	300	650	2082	4311	4704	3233	2278	2044	2005	1934	1930	2082	2300	2304	2230	1680	960	748	624	433	218	 39586
03/11/10	Thu	181	216	169	289	668	1993	4392	4724	3200	2241	2136	1936	2002	2025	2163	2345	2234	2301	1700	1008	794	743	511	318	 40289
03/12/10	Fri	215	227	223	344	609	1846	4133	4662	3201	2382	2286	2264	2163	2356	2438	2639	2686	2469	2306	1505	1023	977	725	505	 44184
03/13/10	Sat	300	281	193	222	316	655	1193	1597	2069	2328	2504	2324	2542	2665	2582	2565	2547	2201	1857	1217	1060	896	700	537	 35351
03/15/10	Mon	118	144	290	653	1894	3960	4454	3217	1976	204	1957	1972	1921	1944	2009	2199	2192	1994	1545	1084	746	657	473	289	 37892
03/16/10	Tue	194	220	177	296	624	1923	4251	4559	3428	2345	2083	2084	2012	1927	2145	2325	2304	2179	1717	1087	782	699	511	319	 40191
03/17/10	Wed	188	226	203	297	667	2054	4150	4637	3504	1976	2017	1848	1757	1718	2035	2278	2328	2222	1760	1138	986	787	554	318	 39648
03/18/10	Thu	238	250	192	309	645	1994	4176	4620	3266	2426	2100	2206	1979	2049	2185	2373	2435	2277	1868	1208	963	808	626	343	 41536
03/19/10	Fri	246	240	190	325	608	1651	3405	3606	2351	1752	1556	1556	1518	1552	1489	1551	1619	1358	1122	746	535	558	441	288	 30263
03/20/10	Sat	204	212	165	157	254	525	770	1071	1257	1663	1799	1918	1938	2001	1889	1834	1904	1815	1625	1172	942	944	755	648	 27462
03/21/10	Sun	310	230	184	151	192	337	580	669	900	1495	1652	1855	2088	2171	2187	2068	2115	1987	1529	1229	918	723	477	255	 26302
03/22/10	Mon	163	153	155	304	629	1944	4034	4574	3309	2357	2108	2013	2016	1952	2068	2326	2160	2195	1514	1055	782	667	490	265	 39233
03/27/10	Sat	260	274	204	202	288	591	967	1208	1490	1705	1966	2125	2010	2071	2038	1931	1960	1805	1711	1326	1005	885	668	553	 29243
03/28/10	Sun	342	282	211	158	181	333	596	708	979	1435	1633	1873	2029	2290	2315	2196	2242	2126	1574	1170	954	771	525	261	 27184
03/29/10	Mon	142	163	176	182	292	1160	2769	3147	2031	1398	1261	1164	1103	1989	2046	2109	2162	2095	1558	1040	796	657	475	283	 30198
03/30/10	Tue	192	193	183	333	601	2022	3823	3215	2000	1484	1406	1200	1439	2005	2094	2222	2200	2146	1718	1170	901	802	540	302	 34191
03/31/10	Wed	212	222	190	332	643	2029	4223	4467	3021	2341	2192	2183	2058	2037	2176	2256	2279	2202	1709	1170	944	744	531	307	 40468
04/01/10	Thu	218	249	215	288	680	1916	4106	4429	3014	2397	2269	2194	2025	1974	2268	2311	2383	2277	1804	1195	927	785	564	293	 40781
04/02/10	Fri	205	150	172	298	561	1689	3518	3886	2884	2339	2342	2401	2350	2367	2514	2616	2499	2398	2126	1458	1036	900	707	409	 41825
04/07/10	Wed	180	195	182	279	618	1935	3982	4292	2982	2110	2009	1898	1779	1778	1933	2104	2239	2199	1568	1061	921	737	506	280	 37767
04/08/10	Thu	224	212	104	266	695	1977	4294	4339	3453	2417	2140	2052	1988	2034	2122	2274	2363	2310	1848	1250	979	775	558	336	 41010
04/09/10	Fri	214	244	190	329	615	1902	3982	4439	3284	2442	2416	2503	2318	2371	2429	2497	2556	2425	2129	1444	1037	952	709	429	 43856
04/10/10	Sat	280	237	209	195	310	620	1110	1585	1912	2083	2272	2320	2354	2635	2467	2414	2683	2494	1807	1319	1098	949	718	536	 34607
04/11/10	Sun	268	255	205	141	203	347	622	751	1053	1533	1844	2157	2384	2393	2299	2212	2408	2225	1731	1230	1070	809	526	327	 28993
04/12/10	Mon	156	152	175	293	650	2014	4258	4693	3303	2326	2007	1909	1827	1930	1997	2313	2211	2166	1636	983	853	666	487	302	 39307
04/13/10	Tue	161	209	192	324	668	2063	4399	4392	3441	2300	2032	1995	1825	1905	2054	2162	2297	2285	1527	1032	831	644	496	265	 39499
04/14/10	Wed	168	202	211	317	675	2095	4416	4579	3559	2338	2131	2077	2044	1951	2094	2377	2371	2331	1718	1082	968	774	499	265	 41242
04/16/10	Fri	200	226	188	306	630	1916	4170	4392	3068	2457	2236	2149	2267	2232	2398	2555	2563	2451	2124	1486	1069	883	733	441	 43140
04/17/10	Sat	264	266	189	191	294	609	1131	1504	1888	2015	2112	2338	2381	2599	2281	2056	1974	1837	1538	1353	1108	922	691	493	 32034
04/18/10	Sun	353	197	169	150	178	360	547	763	1074	1504	1731	2025	2295	2368	2255	2274	2351	2187	1646	1198	1026	790	491	259	 28191
04/19/10	Mon	151	128	175	287	685	1993	4518	4964	3370	2415	2154	1982	1975	1909	2111	2270	2341	2226	1704	1155	872	624	482	297	 40788
04/20/10	Tue	201	220	194	326	693	2190	4662	4901	3421	2368	2047	2011	1967	1983	2139	2310	2361	2292	1676	1135	855	784	496	308	 41540
04/21/10	Wed	193	202	193	318	750	2220	4601	5046	3513	2349	2111	2034	2057	2066	2115	2358	2437	2251	1719	1066	927	787	461	289	 42063
04/22/10	Thu	191	216	209	322	735	2074	4302	4804	3498	2283	2061	2087	1997	1989	2090	2133	2224	2133	1417	939	759	724	505	329	 40021
04/23/10	Fri	198	229	191	333	663	1843	4039	4365	3071	2193	1952	1904	1962	1913	2026	2153	2234	2295	1880	1153	924	807	615	415	 39358
04/24/10	Sat	243	246	167	197	282	586	935	1267	1649	1882	1933	2069	2117	2056	1972	1943	1986	1877	1724	1260	1152	978	823	577	 29921
04/25/10	Sun	317	206	195	166	180	399	690	832	1089	1577	1810	1861	2140	2321	2299	2302	2241	1866	1444	1096	885	721	439	232	 27308
04/26/10	Mon	151	131	156	303	672	2053	4526	4920	3364	2360	2005	1991	1937	1889	2004	2342	2264	2260	1677	1095	903	677	493	308	 40481
04/27/10	Tue	193	193	184	309	740	2200	4522	4655	3485	2437	2090	1884	1913	1973	2155	2369	2350	2301	1762	1103	854	785	529	338	 41324
04/28/10	Wed	211	231	212	318	747	2272	4684	4834	3556	2392	2211	2174	2020	1924	2023	2214	2241	2293	1795	1284	1061	872	536	309	 42414
04/29/10	Thu	206	233	211	312	711	2144	4451	4809	3219	2462	2079	1931	1887	1947	2077	2312	2227	2126	1535	1013	922	803	576	304	 40497
04/30/10	Fri	195	234	197	317	672	1956	4373	4709	3381	2588	2374	2336	2178	2288	2413	2742	2534	2504	2028	1543	1117	932	740	458	 44809
05/01/10	Sat	326	286	177	199	305	656	1234	1625	2060	2176	2205	2345	2393	2312	2403	2360	2325	2143	1820	1454	1219	991	936	823	 34773
05/02/10	Sun	370	250	183	151	198	361	636	782	1052	1554	1744	1964	2106	2172	2065	2363	1931	1674	1425	1287	970	764	553	309	 26864
05/03/10	Mon	165	136	167	303	681	2205	4661	4877	3388	2293	2188	2039	1926	1957	2192	2312	2353	2228	1621	1049	912	711	489	302	 41155
05/04/10	Tue	168	207	194	335	718	2315	4749	4666	3462	2456	2127	2016	1999	1997	2100	2333	2289	2257	1671	1145	999	867	565	287	 41922
05/05/10	Wed	208	219	219	322	726	2309	4710	4792	3463	2388	2153	2080	2034	2104	2147	2374	2334	2344	1765	1214	1027	765	514	316	 42527
05/06/10	Thu	210	236	221	324	735	2300	4811	4742	3305	2370	2137	2071	2105	1999	2162	2474	2396	2316	1685	1207	979	845	570	309	 42509
05/07/10	Fri	228	228	212	354	660	2006	4310	4637	3281	2410	2397	2365	2294	2303	2387	2727	2674	2606	2246	1609	1190	1002	813	520	 45459
05/08/10	Sat	376	288	220	221	307	691	1233	1545	1983	2232	2315	2483	2539	2535	2774	2886	2842	2471	1897	1455	1229	1020	826	591	 36959
05/09/10	Sun	412	252	199	160	218	392	548	816	1151	1824	2018	2279	2488	2502	2555	2595	2668	2463	1854	1533	1210	963	609	324	 32033
05/10/10	Mon	207	140	166	324	693	2195	4644	4745	3338	2450	2115	2056	2029	2078	2151	2353	2352	2258	1753	1114	939	693	521	303	 41617
05/11/10	Tue	197	224	207	334	689	2289	4815	4882	3452	2381	2085	2043	2011	2001	2127	2323	2302	2249	1453	852	714	635	464	267	 40996
05/12/10	Wed	175	165	199	317	639	2143	4446	4457	3077	2257	1926	1975	1894	1876	1974	2223	2187	2015	1544	1033	784	690	505	287	 38788
05/13/10	Thu	204	224	204	323	698	2134	4663	4851	3242	2417	2073	2166	2062	2077	2157	2340	2399	2359	1755	1196	944	846	554	352	 42240
05/14/10	Fri	230	231	204	348	690	1998	4387	4657	3463	2567	2259	2223	2214	2205	2476	2636	2647	2348	2004	1251	960	941	672	429	 44040
05/15/10	Sat	316	290	202	206	351	652	1146	1527	1873	2061	2285	2355	1473	1299	1301	1367	1399	1155	929	668	549	494	664	654	 25216
05/16/10	Sun	420	253	184	157	236	472	646	819	1232	1655	1950	2208	2532	2359	2401	2374	2509	2314	1836	1368	1226	924	618	327	 31020
05/17/10	Mon	213	149	173	295	665	2273	4762	4557	3489	2451	2104	2049	1988	2068	2215	2427	2300	2313	1667	1183	938	746	527	350	 41902
05/18/10	Tue	205	210	192	321	744	2353	4801	4835	3354	2367	2123	2103	2036	2067	2136	2295	2429	2314	1668	1166	844	810	508	291	 42172
05/19/10	Wed	184	242	189	340	734	2333	4830	4683	3484	2459	2292	2144	2004	2032	2236	2429	2440	2356	1778	1151	933	866	567	306	 43012
05/20/10	Thu	237	240	225	332	732	2334	4760	4786	3388	2560	2298	2211	2207	2285	2310	2480	2485	2624	1858	1313	1096	968	634	354	 44717
05/21/10	Fri	239	271	214	355	697	2154	4428	4711	3256	2577	2303	2462	2415	2425	2562	2626	2657	2544	2078	1429	1305	1275	872	586	 46441
05/22/10	Sat	380	272	217	230	355	772	1316	1735	2087	2193	2267	2417	2559	2582	2534	2583	2588	2321	1909	1664	1408	1163	1017	665	 37234
05/23/10	Sun	446	284	229	180	235	417	670	896	1173	1710	1903	2041	2265	2436	2432	2340	2413	2198	1620	1323	1169	1040	617	329	 30366
05/24/10	Mon	220	174	166	314	701	2349	4767	4803	3242	2394	2211	2098	2030	2088	2286	2210	2259	2146	1643	1113	861	777	555	349	 41756
05/25/10	Tue	210	246	186	355	721	2414	4802	4820	3173	2419	2333	2076	2055	2050	2241	2269	2311	2466	1803	1162	998	898	578	329	 42915
05/26/10	Wed	228	206	214	353	737	2356	4781	4701	3295	2402	2355	2280	2166	1990	2410	2270	2330	2327	1868	1316	1065	848	624	352	 43474
05/27/10	Thu	255	250	236	362	738	2339	4604	4610	3167	2489	1512	2279	2345	2315	2450	2448	2498	2503	1955	1417	1169	964	712	401	 44018
05/28/10	Fri	287	281	252	330	663	2051	4142	4097	3057	2649	2630	2536	2495	2538	2533	2670	2647	2410	2157	1342	1178	1016	704	489	 45154
05/29/10	Sat	386	282	220	220	337	624	997	1376	1696	2030	2074	2282	2299	2417	2318	2341	2340	2030	1775	1281	968	925	753	731	 32702
05/30/10	Sun	429	260	205	173	220	431	540	782	1044	1617	1940	2118	2320	2369	2337	2272	2312	1948	1614	1265	1195	963	705	484	 29543
05/31/10	Mon	345	193	147	175	260	551	753	804	1103	1465	1573	1809	1981	2005	1855	1858	1763	1704	1493	1331	1191	922	564	332	 26177
06/01/10	Tue	237	165	156	305	693	2338	4580	4578	3140	2455	2218	2111	2126	2212	2294	2346	2384	2296	1820	1195	975	767	528	325	 42244
06/02/10	Wed	224	237	184	346	699	2360	4692	4546	3153	2404	2185	2076	1975	2072	2255	2318	2352	2295	1789	1287	1051	880	607	346	 42333
06/03/10	Thu	248	242	203	339	711	2350	4528	3639	3148	2433	2253	2188	2117	2139	2246	2295	2407	2379	1891	1334	1058	934	680	403	 42165
06/04/10	Fri	263	253	211	345	687	2247	4384	4244	3110	2530	2462	2463	2451	2533	2618	2540	2551	2474	2131	1594	1220	1097	831	510	 45749
06/05/10	Sat	370	314	210	230	348	790	1377	1725	1933	2094	2035	2229	2478	2472	2348	2460	2465	2205	1830	1462	1218	1128	956	721	 35398
06/06/10	Sun	430	358	213	171	224	421	638	796	1130	1546	1856	2057	2374	2465	2314	2174	2279	1962	1575	1175	1110	1044	597	370	 29279
06/07/10	Mon	253	173	184	330	728	2346	4531	4444	3221	2436	2187	2193	2136	2070	2205	2429	2365	2317	1736	1186	969	847	579	350	 42215
06/08/10	Tue	243	198	181	373	749	2431	4625	4431	3117	2430	2105	2080	2073	2048	2160	2322	2449	2398	1774	1189	909	790	557	351	 41983
06/09/10	Wed	252	226	163	353	764	2486	4557	4516	3030	2451	2240	2229	2164	2097	2221	2378	2441	2545	1836	1243	1062	954	674	387	 43269
06/10/10	Thu	302	201	237	350	786	2415	4541	4469	3169	2528	2333	2247	2144	2196	2287	2447	2453	2370	1824	1278	1033	914	684	379	 43587
06/11/10	Fri	280	272	214	385	690	2159	3975	3851	2936	2407	2425	2423	2456	2366	2653	2569	2520	2572	2130	1377	971	859	743	459	 43692
06/12/10	Sat	291	284	195	203	305	605	1067	1396	1608	1763	1908	1998	2041	1961	1948	1875	1837	1873	1457	1179	1111	944	755	479	 29083
06/13/10	Sun	265	197	178	165	224	415	544	681	916	1277	1579	1764	1905	1855	1839	1700	1754	1583	1393	1040	867	717	549	271	 23678
06/14/10	Mon	163	158	179	315	687	2289	4389	4252	2874	2228	2104	2057	1903	2047	2166	2324	2239	2278	1633	1149	900	847	597	326	 40104
06/15/10	Tue	244	236	192	327	715	2468	4574	4392	3086	2434	2219	2023	2132	2079	2238	2323	2428	2392	1730	1197	1026	871	659	367	 42352
06/16/10	Wed	278	215	164	357	747	2525	3405	2535	2940	2637	2317	2192	2185	2168	2288	2359	2410	2470	1835	1256	1033	964	681	356	 40317
06/17/10	Thu	260	246	222	357	744	2410	4626	3870	3110	2527	2308	2247	2258	2164	2207	2497	2468	2452	1856	1381	1109	984	757	415	 43475
06/18/10	Fri	277	235	205	354	665	2176	4254	4103	3006	2534	2542	2466	2502	2425	2471	2571	2704	2564	2282	1592	1174	1184	854	547	 45687
06/19/10	Sat	352	325	227	243	345	753	1188	1571	1894	2185	2335	2372	2461	2573	2493	2523	2689	2225	1770	1390	1224	1143	1011	663	 35955
06/20/10	Sun	358	329	194	170	195	429	590	833	1220	1760	2063	2326	2592	2431	2295	2337	2359	2102	1757	1517	1354	1124	683	338	 31356
06/21/10	Mon	206	205	197	326	708	2396	4503	4262	2976	2471	2285	2139	2154	2254	2316	2464	2322	2336	1684	1248	1036	934	573	378	 42373
06/22/10	Tue	280	227	186	355	718	2562	4554	4338	3114	2451	2276	2181	2127	2122	2390	2371	2498	2461	1808	1303	1072	840	659	364	 43257
06/23/10	Wed	276	240	192	352	732	2544	4445	4422	3126	2556	2289	2226	2229	2152	2267	2484	2578	2541	1827	1232	1118	951	618	421	 43818
06/24/10	Thu	272	237	204	371	789	2509	4522	4253	3212	2535	2441	2335	2363	2251	2359	2521	2597	2490	1947	1301	1093	1013	705	401	 44721
06/26/10	Sat	395	315	209	225	414	736	1260	1578	1914	2188	2306	2420	2402	2285	2278	2449	2372	2233	1678	1313	1131	1093	878	774	 34846
06/27/10	Sun	488	288	187	176	249	420	681	944	1192	1720	1973	2203	2337	2239	2218	2220	2263	2191	1676	1339	1093	956	658	437	 30148
06/28/10	Mon	278	190	178	328	731	2461	4537	4287	3107	2435	2373	2155	2218	2187	2292	2545	2409	2157	1742	1189	1046	932	652	343	 42772
06/29/10	Tue	245	230	193	352	774	2522	4509	4321	3090	2455	2342	2296	2155	2241	2308	2428	2304	2251	1836	1281	993	980	654	434	 43194
06/30/10	Wed	314	228	228	423	799	2562	4537	4325	3149	2494	2335	2343	2164	2267	2394	2439	2468	2349	1867	1332	1114	1083	711	484	 44409
07/01/10	Thu	303	259	256	415	737	2504	4432	4189	3127	2417	2439	2346	2306	2351	2336	2524	2459	2374	1916	1371	1084	1024	743	453	 44365
07/02/10	Fri	271	297	221	352	710	2083	3961	3852	2878	2529	2543	2560	2506	2539	2665	2622	2641	2502	1998	1524	1139	1024	817	582	 44816
07/03/10	Sat	394	366	217	224	337	610	968	1257	1577	1902	2216	2408	2342	2348	2208	2222	2368	2116	1566	1212	1146	1086	1058	779	 32927
07/04/10	Sun	408	273	175	166	193	345	478	670	873	1376	1532	1807	1997	2159	1982	2149	2218	1673	1319	1071	995	947	1060	681	 26547
07/05/10	Mon	367	231	158	189	311	610	1012	1090	1227	1503	1742	1929	1971	2095	2096	2003	1934	1785	1653	1305	1143	969	977	469	 28769
07/06/10	Tue	226	232	197	292	752	2497	4382	4182	3060	2510	2328	2257	2230	2194	2362	2491	2453	2443	1881	1151	955	815	578	343	 42811
07/07/10	Wed	256	226	192	333	735	2498	4348	4163	3036	2534	2236	2178	2133	2124	2355	2486	2431	2241	1649	1097	905	823	581	378	 41938
07/08/10	Thu	267	217	231	324	719	2448	4452	4224	3167	2426	2333	2381	2270	2205	2309	2334	2425	2250	1754	1226	1105	958	669	424	 43118
07/09/10	Fri	302	258	223	341	718	2342	4165	4076	3069	2438	2387	2563	2363	2511	2593	2603	2698	2606	2293	1585	1257	1190	869	609	 46059
07/13/10	Tue	263	268	192	342	713	2348	4438	4441	3225	2572	2248	2234	2266	2238	2224	2427	2465	2314	1750	1240	1022	932	701	409	 43272
07/14/10	Wed	291	248	236	357	717	2402	4434	4453	3285	2595	2377	2396	2240	2241	2411	2513	2475	2412	1863	1321	1117	943	662	412	 44401
07/15/10	Thu	295	264	247	353	702	2337	4358	4391	3309	2577	2425	2297	2275	2274	2400	2515	2470	2568	2053	1387	1116	1080	784	447	 44924
07/16/10	Fri	340	275	237	388	647	2118	4182	4181	3066	2568	2674	2551	2467	2571	2645	2692	2592	2529	2186	1596	1243	1164	913	591	 46416
07/17/10	Sat	370	333	238	246	360	702	1214	1565	1872	2161	2340	2431	2455	2460	2213	2184	2390	2048	1633	1345	1215	1308	921	709	 34713
07/18/10	Sun	420	315	205	164	235	416	586	827	1077	1619	1941	2240	2367	2409	2213	2199	2342	1871	1505	1202	1166	991	645	366	 29321
07/19/10	Mon	254	219	200	317	669	2351	4278	4467	3076	2467	2201	2194	2106	2151	2247	2446	2339	2377	1693	1244	989	847	606	336	 42074
07/20/10	Tue	256	219	220	362	684	2388	4540	4318	3189	2435	2141	2217	2224	2191	2202	2411	2499	2265	1765	1169	1016	831	574	372	 42488
07/21/10	Wed	258	189	195	329	684	2318	4493	4337	3143	2483	2113	2235	2118	2163	2327	2510	2425	2366	1866	1281	1072	919	615	388	 42827
07/22/10	Thu	288	240	224	345	744	2339	4569	4389	3181	2664	2492	2294	2390	2332	2371	2360	2506	2519	1930	1416	1031	1056	715	443	 44838
07/23/10	Fri	289	274	225	349	688	2219	4113	4111	3024	2698	2605	2480	2552	2579	2749	2847	2661	2547	2185	1584	1203	1140	835	568	 46525
07/24/10	Sat	357	330	211	278	351	739	1142	1549	1944	2241	2378	2521	2451	2469	2295	2408	2274	2277	1840	1377	1238	1208	922	686	 35486
07/26/10	Mon	222	215	156	328	656	2328	4383	4315	3002	2408	2163	2146	2069	2174	2407	2481	2438	2280	1780	1202	1005	913	638	373	 42082
07/27/10	Tue	242	284	219	380	734	2358	4594	4355	3100	2728	2363	2369	2336	2303	2292	2388	2554	2456	1754	1168	1024	824	629	399	 43853
07/28/10	Wed	238	231	216	334	749	2432	4468	4367	3188	2567	2398	2355	2252	2315	2362	2567	2584	2592	1954	1293	1113	924	633	378	 44510
08/04/10	Wed	146	133	129	190	371	869	1336	1155	1074	1033	1032	1037	1019	981	1004	1067	1049	979	833	660	566	519	386	234	 17802
08/05/10	Thu	180	142	141	199	394	846	1223	1169	1079	1023	993	1790	1712	1679	1756	1769	1767	1709	1193	1153	951	829	655	375	 24727
08/06/10	Fri	263	231	206	315	577	1459	2586	2689	2074	1835	1826	1779	1864	1830	1864	1974	1824	1766	1492	1161	1008	913	764	602	 32902
08/07/10	Sat	414	277	196	233	302	589	934	1077	1389	1549	1703	1865	1901	1779	1859	1759	1863	1649	1441	1310	970	1018	912	696	 27685
08/14/10	Sat	405	369	227	264	340	738	1171	1559	1870	2199	2417	2532	2680	2603	2570	2539	2716	2413	1898	1401	1378	1189	987	892	 37357
08/15/10	Sun	378	264	221	172	244	395	565	815	1096	1675	2028	2276	2699	2757	2543	2561	2580	2128	1701	1322	1247	937	666	412	 31682
08/25/10	Wed	214	231	196	356	749	2378	4748	4751	3524	2556	2255	2255	2291	2169	2222	2341	2525	2447	1832	1244	1109	829	545	366	 44133
08/26/10	Thu	270	226	221	346	792	2337	4639	4659	3322	2674	2425	2272	2279	2248	2377	2510	2575	2382	1857	1378	1146	864	607	381	 44787
08/27/10	Fri	273	230	252	387	711	2169	4453	4568	3318	2648	2540	2527	2469	2344	2661	2728	2842	2705	2409	1612	1303	1083	767	534	 47533
08/28/10	Sat	354	236	247	276	410	691	1214	1541	1908	2185	2408	2672	2539	2535	2513	2470	2630	2385	1876	1473	1259	1108	934	746	 36610
08/29/10	Sun	457	268	189	194	219	397	561	792	1126	1708	1960	2365	2462	2412	2493	2313	2604	2244	1556	1226	1131	977	636	340	 30630
08/30/10	Mon	176	166	180	321	730	2335	4267	4234	3494	2389	2165	2162	2156	2003	2219	2405	2452	2319	1690	1174	970	719	521	262	 41509
09/02/10	Thu	278	209	234	347	731	2380	4552	4589	3514	2498	2344	2210	2160	2193	2308	2571	2665	2515	1935	1497	1099	926	647	366	 44768
09/03/10	Fri	298	209	223	353	707	1998	4181	4237	3304	2585	2535	2489	2600	2589	2726	2788	2699	2656	2371	1702	1418	1183	890	594	 47335
09/04/10	Sat	357	256	206	211	337	599	998	1350	1774	2085	2477	2593	2487	2452	2400	2323	2019	2299	1701	1341	1222	1056	837	606	 33986
09/05/10	Sun	411	253	223	161	203	339	532	698	957	1555	1989	2295	2360	2444	2317	2239	2244	2005	1567	1286	1266	960	783	490	 29577
09/06/10	Mon	342	175	146	205	256	450	640	711	982	1303	1711	2178	2159	1991	2078	1908	1810	1688	1507	1242	1169	806	496	323	 26276
09/07/10	Tue	171	173	156	322	710	2210	4558	4702	3556	2440	2227	2154	2184	2090	2304	2369	2468	2482	1944	1327	934	754	493	314	 43042
09/08/10	Wed	235	183	224	335	727	2290	4563	4596	3567	2438	2183	2187	2121	2152	2287	2461	2358	2488	1942	1209	1007	777	506	329	 43165
09/09/10	Thu	234	191	204	348	755	2333	4713	4726	3571	2569	2431	2334	2408	2280	2355	2433	2548	2441	1957	1381	1138	917	581	368	 45216
09/10/10	Fri	253	238	227	375	747	2237	4536	4474	3358	2611	2421	2435	2344	2333	2572	2762	2847	2769	2536	1666	1279	1078	741	527	 47366
09/11/10	Sat	299	243	190	239	386	719	1351	1754	2072	2209	2356	2600	2556	2630	2400	2651	2649	2416	1831	1387	1248	1134	897	577	 36794
09/12/10	Sun	300	238	213	187	212	413	646	877	1202	1601	2063	2134	2324	2270	2258	2160	2364	1966	1620	1260	1055	759	505	295	 28922
09/13/10	Mon	180	155	176	348	678	2258	4607	4743	3450	2412	2089	2022	2165	2150	2219	2467	2460	2360	1728	1224	917	718	508	326	 42360
09/14/10	Tue	221	220	204	356	704	2295	4684	4763	3484	2496	2148	2176	2208	2127	2257	2332	2516	2459	1820	1209	991	716	495	321	 43202
09/15/10	Wed	224	189	206	355	720	2361	4757	4659	3607	2540	2242	2352	2379	2143	2263	2423	2409	2341	1922	1259	992	794	515	364	 44016
09/16/10	Thu	269	211	199	355	741	2290	4642	4612	3517	2582	2402	2253	2234	2229	2435	2557	2650	2479	1834	1340	1030	856	556	382	 44655
09/17/10	Fri	269	199	216	394	701	2171	4331	4482	3478	2607	2343	2502	2549	2488	2580	2773	2873	2715	2339	1653	1255	921	800	516	 47155
09/18/10	Sat	344	242	214	227	362	707	1107	1542	1922	2073	2282	2601	2583	2558	2633	2600	2483	2371	1866	1604	1236	990	841	540	 35928
09/19/10	Sun	324	259	207	166	202	395	533	822	1152	1646	1931	2252	2636	2653	2267	2142	2157	2062	1589	1345	1096	765	468	305	 29374
09/20/10	Mon	177	161	186	324	731	2272	4623	4662	3391	2404	2188	2182	2260	2179	2320	2357	2351	2309	1770	1213	863	683	496	276	 42378
09/21/10	Tue	233	208	212	337	745	2312	4814	4614	3526	2446	2170	2143	2155	2143	2244	2487	2484	2407	1785	1194	881	696	480	322	 43038
09/22/10	Wed	231	189	200	322	756	2357	4721	4743	3452	2502	2156	2179	2141	2087	2205	2411	2477	2386	1757	1108	927	752	449	323	 42831
09/23/10	Thu	267	218	208	352	810	2275	4582	4689	3513	2497	2209	2276	2222	2196	2285	2621	2501	2452	1855	1374	1017	819	554	363	 44155
09/24/10	Fri	268	220	248	336	689	2105	4259	4332	3273	2683	2494	2506	2523	2664	2719	2822	2737	2873	2277	1666	1116	1141	743	479	 47173
09/25/10	Sat	286	273	189	224	372	723	1186	1625	2024	2234	2369	2416	2512	2547	2440	2613	2678	2641	1872	1591	1289	984	763	523	 36374
09/26/10	Sun	324	222	215	179	214	388	596	836	1130	1732	2046	2332	2598	2376	2127	1973	2085	1920	1609	1397	1049	715	524	294	 28881
09/27/10	Mon	166	140	173	299	727	2230	4521	4502	3367	2446	2165	2079	2114	2082	2185	2355	2431	2376	1740	1158	815	670	468	297	 41506
09/28/10	Tue	221	225	196	343	707	2347	4644	4655	3307	2514	2385	2176	2303	2144	2232	2511	2546	2433	1954	1192	848	747	520	293	 43443
09/29/10	Wed	222	178	198	359	783	2342	4659	4537	3318	2500	2242	2190	2284	2081	2232	2436	2421	2314	1840	1265	963	764	507	314	 42949
09/30/10	Thu	259	212	196	367	761	2317	4622	3822	3591	2493	2292	2269	2301	2126	2262	2411	2517	2511	1932	1431	986	859	599	343	 43479
10/01/10	Fri	278	217	201	342	717	2082	4267	4440	3306	2545	2396	2462	2315	2483	2535	2592	2773	2577	2298	1700	1182	1095	773	529	 46105
10/02/10	Sat	335	266	243	222	336	641	1182	1592	2006	2197	2278	2525	2508	2531	2371	2390	2723	2463	1925	1416	1125	990	834	493	 35592
10/03/10	Sun	333	267	180	150	223	453	769	912	1082	1621	1872	2059	2038	2200	2194	2199	2209	1930	1634	1264	986	724	538	276	 28113
10/04/10	Mon	178	155	150	305	662	2236	4540	4479	3222	2455	2141	2124	2133	2078	2219	2352	2448	2324	1700	1154	819	687	456	293	 41310
10/05/10	Tue	183	179	195	339	706	2305	4720	4554	3332	2453	2158	2161	2081	2196	2330	2430	2484	2279	1726	1175	853	738	522	353	 42452
10/06/10	Wed	196	173	201	336	729	2376	4551	4408	3327	2555	2300	2157	2202	2236	2280	2413	2319	2523	1887	1174	894	719	490	304	 42750
10/07/10	Thu	243	219	197	339	711	2288	4608	4356	3415	2543	2303	2232	2093	2143	2234	2368	2462	2491	2004	1360	925	829	575	361	 43299
10/16/10	Sat	380	322	196	216	343	695	1195	1546	1879	2141	2287	2483	2429	2570	2561	2434	2550	2370	2033	1487	1191	1154	840	582	 35884
10/17/10	Sun	389	283	189	165	209	466	662	820	1142	1595	1863	2170	2361	2399	2179	2170	2156	2180	1719	1222	953	737	514	326	 28869
10/18/10	Mon	196	162	169	302	693	2143	4363	4351	3368	2355	2170	2073	1993	2076	2119	2338	2435	2289	1642	1025	719	620	473	302	 40376
10/19/10	Tue	217	219	206	328	705	2218	4524	4506	3383	2374	2114	2100	2102	2003	2152	2325	2382	2372	1863	1216	804	717	507	326	 41663
10/20/10	Wed	212	215	183	335	754	2276	4518	4575	3326	2459	2095	2161	2081	2072	2283	2405	2405	2344	1958	1204	893	765	530	340	 42389
10/21/10	Thu	258	225	242	346	762	2269	4628	4441	3414	2679	2302	2238	2112	2126	2273	2458	2464	2525	2019	1239	924	836	509	368	 43657
10/22/10	Fri	251	247	251	365	700	2039	4264	4404	3226	2544	2499	2431	2358	2306	2513	2542	2533	2564	2076	1419	1006	981	786	523	 44828
10/23/10	Sat	401	262	214	222	351	667	1067	1432	1715	2015	2223	2276	2366	2308	2235	2207	2293	2127	1993	1435	1126	973	925	694	 33527
10/24/10	Sun	426	324	213	175	206	371	558	688	1024	1540	1859	2141	2401	2203	2060	1888	2032	1798	1544	1101	915	751	465	294	 26977
10/25/10	Mon	147	144	163	301	651	2155	4441	4351	3274	2401	2016	1972	1990	1826	2017	2109	2213	2204	1612	963	746	601	465	273	 39035
10/26/10	Tue	166	200	208	352	664	2125	4538	4427	2784	2312	2080	2061	2047	1913	2022	2267	2332	2255	1739	1077	763	610	486	273	 39701
10/27/10	Wed	183	226	211	326	691	2261	4470	4181	3432	2435	2224	2099	2024	1995	2106	2252	2404	2386	1962	1054	828	706	490	319	 41265
10/29/10	Fri	224	250	212	337	677	2018	4115	4279	3118	2462	2355	2297	2355	2337	2382	2668	2647	2580	2263	1540	1205	1171	847	547	 44886
10/30/10	Sat	413	261	218	214	332	663	1131	1369	1753	2097	2218	2253	2411	2414	2345	2256	2310	2221	1924	1436	1272	1127	963	645	 34246
10/31/10	Sun	418	351	260	193	211	335	495	648	945	1493	1602	1755	1832	1867	1985	2041	2076	1764	1234	1072	1318	1107	645	351	 25998
11/01/10	Mon	167	164	166	324	650	2078	4295	4334	3301	2371	2113	2183	2001	1950	2098	2266	2328	2208	1670	1038	740	582	457	258	 39742
11/02/10	Tue	177	236	169	319	715	2104	3127	4402	3198	2412	2092	2057	1988	1945	2202	2279	2282	2302	1797	1010	725	629	488	307	 38962
11/03/10	Wed	206	244	183	333	726	2294	4534	4452	3436	2487	2119	2046	2087	2023	2105	2268	2402	2392	1906	1100	823	669	467	293	 41595
11/04/10	Thu	210	209	187	360	725	2249	4577	4500	3371	2527	2255	2043	2055	2132	2149	2400	2414	2372	1891	1126	866	697	518	329	 42162
11/05/10	Fri	208	253	214	328	695	2109	4308	4267	3213	2575	2428	2438	2356	2452	2500	2672	2675	2663	2406	1457	989	924	643	424	 45197
11/06/10	Sat	273	264	188	201	324	722	1208	1560	1877	2126	2260	2458	2358	2456	2349	2341	2461	2459	1944	1295	976	912	704	430	 34146
11/07/10	Sun	317	191	147	132	121	190	369	656	822	1136	1768	2003	2102	2251	2486	2127	2034	2116	1773	1363	976	757	591	396	 26824
11/08/10	Mon	237	171	128	151	320	666	2198	4652	4566	4487	3174	2087	2024	2065	2141	2223	2297	2339	1514	887	645	617	390	279	 40258
11/09/10	Tue	168	208	174	319	650	2254	4706	4095	3238	2377	2166	2038	1999	2016	2061	2094	2112	1880	1318	817	598	544	390	259	 38481
11/10/10	Wed	169	207	164	304	648	2102	4492	4412	3265	2411	2095	2104	1993	1958	2069	2372	2487	2385	1561	882	784	655	450	290	 40259
11/11/10	Thu	173	200	217	304	672	2043	3725	3667	2737	2090	1864	1884	1756	1845	1786	2029	2191	2015	1391	911	733	686	469	263	 35651
11/12/10	Fri	223	237	191	301	627	1973	3932	4245	3261	2497	2318	2373	2246	2201	2289	2565	2640	2549	2086	1286	915	859	646	431	 42891
11/13/10	Sat	232	227	183	234	297	585	1043	1580	1852	2046	2255	2207	2297	2226	2067	2023	2212	2032	1535	1134	832	774	571	605	 31049
11/14/10	Sun	271	220	156	145	198	332	517	744	1000	1478	1737	1813	2169	1967	1812	1713	1873	1659	1293	935	686	601	372	243	 23934
11/15/10	Mon	139	130	142	339	609	2095	4288	4040	3183	2252	1978	1878	1887	1840	1953	2124	2240	2056	1373	848	590	585	392	248	 37209
11/16/10	Tue	182	200	193	332	687	2172	4606	4572	3401	2390	2201	2138	2032	1966	2016	2303	2415	2195	1497	836	623	537	449	255	 40198
11/17/10	Wed	170	199	165	297	683	2141	4455	4541	3345	2500	2138	2133	2007	1947	2156	2401	2425	2402	1566	945	748	567	440	311	 40682
11/18/10	Thu	216	203	198	317	702	2182	4614	4595	3436	2502	2230	2241	2196	2081	2147	2393	2506	2547	1635	999	751	714	512	311	 42228
11/19/10	Fri	226	248	203	339	638	2050	4313	4388	3392	2564	2432	2301	2306	2294	2431	2629	2672	2733	2145	1317	911	842	652	415	 44441
11/20/10	Sat	293	254	197	207	366	718	1343	1611	1901	2082	2260	2284	2374	2171	2166	2200	2237	2034	1626	1109	845	827	593	485	 32183
11/21/10	Sun	235	182	151	151	181	380	600	753	1064	1567	1974	1894	1752	1759	1701	1814	1848	1488	1143	899	658	538	378	204	 23314
11/22/10	Mon	166	163	165	307	631	2074	4295	4360	3221	2541	2184	2183	2042	2002	2165	2257	2343	2268	1423	830	669	599	459	277	 39624
11/23/10	Tue	172	228	180	305	704	2165	4403	4314	3209	2439	2249	2236	2229	2055	2302	2498	2548	2433	1833	1085	818	708	531	345	 41989
11/24/10	Wed	220	253	218	313	667	1970	3808	3845	2876	2425	2280	2279	2338	2255	2370	2412	2370	2082	1599	1139	909	754	542	368	 40292
11/25/10	Thu	258	232	160	156	178	273	412	494	668	981	1409	1826	1985	1805	1481	1494	1671	1917	1813	1641	1426	1208	710	467	 24665
11/26/10	Fri	217	178	212	317	492	830	1441	1592	1551	1548	1774	1815	1867	1825	1773	1691	1883	1883	1468	947	812	666	475	343	 27600
11/27/10	Sat	258	209	160	195	254	477	814	1040	1295	1535	1907	1937	2147	2254	2211	2292	2425	2149	1598	1199	947	847	677	426	 29253
11/28/10	Sun	254	194	161	151	226	321	495	664	936	1437	1707	1989	2265	2456	2016	1924	1986	1780	1373	1041	813	679	395	252	 25515
11/29/10	Mon	194	154	198	309	613	2179	4181	4214	2981	2170	1889	2047	1885	1895	1971	2114	2176	2026	1291	806	579	530	427	266	 37095
11/30/10	Tue	192	180	198	318	644	2153	4442	4422	3241	2409	2119	2088	2049	1888	2131	2259	2382	2234	1504	993	680	625	426	285	 39862
12/01/10	Wed	226	200	175	332	694	2174	4483	4491	3506	2370	2209	2158	1942	2031	2186	2382	2367	2389	1599	989	795	583	486	310	 41077
12/02/10	Thu	228	197	194	309	729	2243	4433	4666	3495	2530	2197	2046	2083	2121	2156	2334	2496	2333	1551	1045	846	691	554	330	 41807
12/03/10	Fri	232	211	195	316	654	2110	4295	4414	3310	2537	2331	2221	2148	2156	2288	2689	2688	2707	2326	1475	946	778	637	420	 44084
12/04/10	Sat	242	244	204	255	348	703	1183	1400	1795	1998	2114	2120	2227	2177	2247	2288	2413	2434	1559	977	795	803	699	443	 31668
12/05/10	Sun	226	177	134	151	187	347	545	676	995	1479	1578	1650	1708	1681	1737	1696	1792	1561	1169	852	685	594	408	219	 22247
12/06/10	Mon	127	127	139	300	666	2026	4334	4455	3204	2343	2020	2060	1983	1890	2114	2208	2342	2126	1367	876	633	578	418	245	 38581
12/07/10	Tue	192	237	170	345	692	2140	4596	4596	3335	2291	2078	2095	2001	1926	1991	2231	2284	2209	1449	911	715	683	425	281	 39873
12/08/10	Wed	203	195	196	320	692	2250	4536	4485	3463	2444	2157	2132	1981	2026	2089	2263	2327	2264	1580	928	753	670	457	322	 40733
12/09/10	Thu	212	240	218	291	760	2187	4523	4687	3364	2440	2141	2021	2098	2053	2112	2322	2429	2340	1615	952	765	746	523	330	 41369
12/10/10	Fri	214	232	210	322	644	2065	4178	4469	3233	2531	2338	2228	2192	2238	2403	2563	2663	2683	2068	1170	942	836	613	411	 43446
12/11/10	Sat	274	248	224	201	343	625	1044	1344	1710	2009	2225	2342	2297	2261	2060	2000	1916	2116	1750	1170	915	871	706	501	 31152
12/12/10	Sun	273	198	170	152	200	358	515	646	991	1400	1613	1830	1952	2008	1879	1830	1899	1624	1266	897	748	613	415	254	 23731
12/13/10	Mon	139	150	165	313	653	2138	4409	4478	3368	2365	2107	2102	1871	1923	2053	2210	2347	2265	1419	814	663	613	435	254	 39254
12/14/10	Tue	180	226	197	339	714	2186	4587	4568	3420	2399	2193	2108	1983	1986	2049	2257	2412	2348	1488	1007	717	666	475	310	 40815
12/15/10	Wed	185	189	180	345	695	2261	4482	4557	3304	2423	2271	1971	1793	1860	2044	2310	2306	2170	1482	910	697	645	492	286	 39858
12/16/10	Thu	237	192	173	339	649	2091	4166	4355	3367	2283	2184	2082	2055	1906	2111	2320	2387	2290	1667	1077	771	714	600	316	 40332
12/17/10	Fri	213	238	209	334	668	2016	3985	4196	3183	2420	2286	2422	2177	2151	2237	2430	2516	2574	2235	1257	970	890	719	443	 42769
12/18/10	Sat	289	204	213	224	334	663	1030	1300	1667	1969	2118	2240	2300	2262	2127	2145	2330	2243	1775	1123	1020	876	747	525	 31724
12/19/10	Sun	298	211	191	142	207	371	552	642	1027	1525	1726	1917	2049	2075	1896	1926	2016	1861	1380	968	786	635	466	259	 25126
12/20/10	Mon	162	157	182	265	638	2072	4119	4186	3154	2432	2333	2183	2073	2108	2112	2209	2252	2180	1434	866	665	641	483	273	 39179
12/21/10	Tue	196	234	203	342	666	2117	4033	4129	2949	2469	2250	2212	2085	2026	2151	2225	2310	2169	1616	1007	750	684	471	322	 39616
12/22/10	Wed	227	236	214	347	685	1979	3982	3992	2989	2433	2336	2268	2139	2143	2329	2527	2324	2306	1688	1109	820	736	586	364	 40759
12/23/10	Thu	257	284	209	300	611	1752	3150	3406	2614	2284	2306	2363	2261	2243	2350	2277	2196	2087	1677	1098	838	748	623	385	 38319
12/24/10	Fri	272	244	206	239	354	632	964	1195	1273	1509	1748	1799	1858	1847	1864	1922	1863	1831	1346	1044	1137	1152	983	703	 27985
12/25/10	Sat	378	324	167	93	96	198	268	384	516	998	1202	1516	1814	1797	1572	1529	1636	1725	1620	1390	1212	1085	703	474	 22697
12/26/10	Sun	209	125	116	124	177	348	472	537	768	1335	1642	2005	2274	2196	2059	1978	2035	1854	1531	1104	907	775	517	353	 25441
12/27/10	Mon	188	194	163	293	538	1693	3270	3250	2506	2222	2236	2139	2177	2117	2093	2190	2213	2166	1526	1020	779	667	496	315	 36451
12/28/10	Tue	218	238	182	330	660	1897	3575	3632	2792	2366	2225	2311	2288	2017	2150	2218	2317	2264	1641	968	779	659	518	335	 38580
12/31/10	Fri	186	150	159	237	356	632	899	1018	939	909	944	1081	1174	1297	1178	1295	1315	1195	1174	929	778	618	444	275	 19182