01/01/10	Fri	644	721	575	333	278	262	293	430	566	702	891	1162	1213	1329	1273	1365	1371	1261	1142	1021	859	709	595	473	 19468
01/02/10	Sat	329	288	289	187	228	434	502	743	1022	1253	1356	1584	1687	1747	1700	1747	1716	1626	1357	1138	1016	898	687	589	 24123
01/03/10	Sun	469	437	342	209	191	268	386	648	803	947	1192	1382	1633	1568	1522	1328	1355	1620	1578	1069	777	746	388	330	 21188
01/04/10	Mon	235	178	187	171	311	825	1532	1753	1509	1450	1452	1596	1773	1880	2318	3107	3907	3933	2279	1294	898	810	548	420	 34366
01/05/10	Tue	246	203	186	219	307	843	1573	1785	1518	1425	1511	1510	1873	1931	2391	3183	4090	4094	2310	1355	1149	986	717	456	 35861
01/06/10	Wed	305	202	208	222	318	797	1465	1761	1554	1482	1392	1487	1766	1852	2002	2620	2218	2045	1521	932	690	585	485	369	 28278
01/07/10	Thu	251	172	178	193	284	615	1000	1201	1177	1136	1184	1315	1487	1622	2021	2804	3463	3492	2130	1232	1021	830	689	437	 29934
01/08/10	Fri	290	241	214	202	281	735	1294	1682	1598	1521	1555	1673	1921	2218	2404	3314	3890	3641	2491	1403	1192	1138	881	720	 36499
01/09/10	Sat	509	375	352	241	257	380	603	911	1093	1304	1481	1700	1840	1609	2079	1987	2104	2006	1552	1300	1138	1038	923	611	 27393
01/10/10	Sun	466	425	354	210	181	222	312	545	742	979	1208	1566	1747	1656	1675	1743	1760	1671	1425	1136	903	745	516	348	 22535
01/11/10	Mon	234	182	176	172	314	804	1536	1868	1650	1534	1605	1682	1845	2054	2330	3296	4009	3881	2383	1260	945	1021	730	447	 35958
01/12/10	Tue	268	192	201	203	293	797	1612	1812	1620	1451	1443	1596	1767	1973	2417	3171	4097	3926	2455	1443	1132	1063	766	430	 36128
01/13/10	Wed	282	201	212	209	324	788	1622	1791	1698	1514	1486	1651	1777	2070	2375	3318	4112	3979	2332	1378	1214	1171	817	487	 36808
01/14/10	Thu	308	236	204	235	297	836	1600	1857	1581	1489	1509	1626	1890	1977	2304	3271	4072	3994	2422	1419	1248	1123	736	501	 36735
01/15/10	Fri	348	271	259	213	351	776	1536	1794	1662	1550	1583	1889	1953	2214	2647	3600	4054	3805	2464	1533	1259	1160	1057	710	 38688
01/16/10	Sat	488	443	343	247	241	367	564	846	1243	1429	1594	1797	1907	1764	1954	1940	2286	2187	1702	1293	1135	1157	1001	676	 28604
01/17/10	Sun	511	436	390	232	207	266	351	506	856	1082	1264	1543	1807	1750	1707	1661	1749	1505	1364	1097	878	936	683	391	 23172
01/18/10	Mon	273	249	211	190	323	807	1459	1549	1438	1503	1668	1815	1909	2091	2351	3203	3861	3703	2324	1367	1079	913	598	419	 35303
01/19/10	Tue	258	164	197	174	319	837	1606	1868	1598	1462	1556	1635	1809	1981	2390	3218	4068	4016	2371	1388	1141	954	736	452	 36198
01/20/10	Wed	286	169	196	198	332	849	1642	1843	1617	1490	1505	1590	1850	1929	2295	3256	4072	4030	2433	1461	1166	1076	762	466	 36513
01/21/10	Thu	312	197	239	220	308	824	1666	1785	1606	1460	1426	1569	1764	2082	2363	3229	4030	4080	2387	1468	1202	1138	777	579	 36711
01/22/10	Fri	328	270	243	225	347	775	1532	1851	1744	1520	1643	1721	2019	2301	2713	3354	4129	3716	2374	1540	1241	1238	1064	699	 38587
01/23/10	Sat	468	440	358	247	252	398	537	952	1158	1379	1437	1720	1872	1881	1913	1976	1904	1862	1587	1283	1054	1001	1024	692	 27395
01/24/10	Sun	473	442	356	229	214	279	297	482	583	882	1054	1334	1517	1535	1446	1520	1588	1592	1322	961	1026	717	430	307	 20586
01/25/10	Mon	222	176	169	170	281	814	1679	1846	1644	1569	1629	1605	1862	1918	2293	3232	4043	4070	2182	1313	977	947	637	394	 35672
01/26/10	Tue	245	180	207	183	304	825	1698	1865	1634	1433	1516	1609	1781	1979	2288	3261	4120	4041	2221	1406	1117	929	599	430	 35871
01/27/10	Wed	268	190	223	191	319	840	1603	1814	1612	1460	1459	1645	1745	1948	2088	3041	4063	3942	2334	1402	1107	936	650	421	 35301
01/28/10	Thu	277	195	230	178	303	775	1451	1729	1485	1386	1422	1535	1660	1891	2234	3160	3929	3796	2167	1444	1126	1003	680	455	 34511
01/29/10	Fri	349	249	243	201	312	771	1441	1773	1633	1506	1608	1794	2055	2266	2638	3446	3949	3974	2484	1541	1166	1184	893	717	 38193
01/30/10	Sat	510	388	401	254	224	394	602	945	1254	1412	1690	1876	2055	2104	1964	2034	2119	1936	1570	1339	1064	1044	995	677	 28851
01/31/10	Sun	529	465	382	237	182	238	359	550	798	1088	1336	1647	1961	1891	1822	1728	1714	1583	1434	1159	1024	735	478	343	 23683
02/01/10	Mon	258	197	179	145	306	823	1630	1925	1654	1495	1607	1713	1934	2055	2319	3249	4110	3993	2246	1370	1021	889	696	421	 36235
02/02/10	Tue	261	206	185	212	305	868	1671	1865	1663	1489	1488	1698	1806	1937	2337	3251	4246	3937	2328	1441	1160	1065	667	472	 36558
02/03/10	Wed	264	198	216	205	285	832	1669	1924	1714	1577	1616	1741	1874	1978	2326	3376	4210	4059	2282	1442	1197	1008	757	654	 37404
02/04/10	Thu	297	239	238	220	310	818	1607	1813	1557	1446	1463	1675	1932	2062	2550	3276	3984	4009	2296	1464	1166	974	705	497	 36598
02/05/10	Fri	356	266	256	208	314	783	1591	1827	1702	1668	1887	1991	2068	2352	2863	3835	4279	3889	2323	1497	1226	1268	944	699	 40092
02/06/10	Sat	517	390	323	242	238	343	609	838	1130	1408	1644	1858	1986	1980	1916	2013	2019	1997	1554	1452	1133	941	907	702	 28140
02/07/10	Sun	497	388	335	231	176	217	320	535	671	706	838	992	1284	1334	1431	1740	1354	827	732	649	1124	713	392	286	 17772
02/08/10	Mon	178	157	145	172	283	681	1101	1214	1149	1139	1260	1244	1494	1556	1938	2683	3405	3260	1806	1113	833	727	579	368	 28485
02/09/10	Tue	257	172	193	203	275	792	1453	1670	1564	1422	1425	1583	1730	1921	2239	3259	4011	3849	2378	1386	1116	1143	693	429	 35163
02/10/10	Wed	279	184	202	192	291	799	1637	1877	1564	1561	1545	1672	1961	2111	2383	3261	4069	4107	2363	1503	1209	1050	733	464	 37017
02/11/10	Thu	298	201	200	209	295	828	1669	1820	1574	1528	1643	1746	1957	2230	2426	3351	4045	3833	2413	1555	1175	1067	749	654	 37466
02/12/10	Fri	394	249	248	222	301	829	1610	1840	1673	1690	1798	1913	2162	2279	2627	3537	4089	3790	2356	1532	1209	1202	952	678	 39180
02/13/10	Sat	514	374	351	252	231	375	544	874	1160	1514	1696	1870	2045	1911	2032	1983	2001	1804	1573	1284	1222	1159	1003	614	 28386
02/14/10	Sun	510	475	412	202	160	192	235	340	424	609	790	1116	1334	1377	1501	1517	1667	1465	1288	1074	873	759	582	457	 19359
02/15/10	Mon	287	266	204	160	306	725	1381	1532	1414	1442	1525	1667	1886	2041	2365	3009	3435	3289	2004	1392	1118	922	524	360	 33254
02/16/10	Tue	236	168	164	208	334	827	1688	1907	1695	1518	1480	1625	1886	2007	2406	3248	4103	4053	2470	1406	1193	905	650	499	 36676
02/17/10	Wed	310	245	236	222	336	836	1654	1907	1652	1610	1587	1790	1965	2074	2414	3242	4107	4037	2290	1516	1232	955	690	458	 37365
02/18/10	Thu	292	212	216	213	321	842	1671	1836	1713	1515	1534	1651	1919	2047	2450	3084	3609	3303	2324	1289	849	686	465	369	 34410
02/19/10	Fri	266	212	198	222	290	636	1183	1439	1391	1288	1339	1561	1828	2090	2385	3100	3114	1894	1754	1282	955	887	786	568	 30668
02/20/10	Sat	374	292	267	193	178	277	438	685	784	1012	1189	1323	1551	1674	1652	1688	1735	1601	1357	1066	833	811	851	644	 22475
02/22/10	Mon	172	164	139	155	262	637	1152	1417	1447	1340	1407	1529	1743	1841	2077	3107	3763	3849	2142	1330	1005	861	597	551	 32687
02/23/10	Tue	249	185	161	213	317	803	1620	1866	1597	1555	1501	1672	1880	1976	2299	3358	4087	4055	2506	1565	1239	1013	726	463	 36906
02/24/10	Wed	268	215	219	217	332	791	1736	1823	1622	1599	1646	1694	1872	2034	2038	3232	4061	4194	2599	1543	1268	1071	758	518	 37350
02/26/10	Fri	345	233	242	239	292	687	1536	1803	1682	1716	1740	1910	2044	2284	2611	3425	4075	3956	2417	1736	1261	1184	1108	797	 39323
02/27/10	Sat	528	420	369	249	227	318	609	1018	1344	1567	1787	1921	2083	2118	2037	2088	2037	2068	1619	1461	1205	1177	1056	689	 29995
02/28/10	Sun	562	450	389	234	190	220	321	506	753	973	1178	1471	1835	2021	1843	1679	1768	1525	1325	1128	903	688	451	344	 22757
03/01/10	Mon	229	170	165	202	272	695	1584	1837	1629	1425	1623	1700	1831	1939	2325	3222	4096	4036	2344	1410	1033	1010	730	463	 35970
03/02/10	Tue	306	207	182	205	271	768	1656	1871	1763	1644	1559	1679	1815	2090	2399	3229	4102	4167	2609	1508	1257	1058	755	461	 37561
03/03/10	Wed	299	212	199	220	293	776	1688	1896	1851	1694	1665	1779	1931	2033	2403	3316	4291	4168	2476	1619	1243	1176	830	480	 38538
03/04/10	Thu	316	211	220	235	287	819	1694	1922	1738	1550	1580	1721	2032	2132	2372	3359	4289	4272	2605	1622	1238	1049	791	541	 38595
03/05/10	Fri	315	251	266	229	312	765	1594	1835	1819	1719	1753	1888	2121	2349	2626	3392	4218	3982	2388	1667	1333	1296	1148	725	 39991
03/06/10	Sat	542	440	343	248	182	310	612	1177	1520	1713	2092	2257	2402	2307	2100	2161	2228	2120	1710	1396	1156	1140	950	721	 31827
03/07/10	Sun	534	449	399	234	176	225	330	620	872	1128	1417	1685	1951	2057	1906	1816	1809	1667	1533	1281	983	759	544	486	 24861
03/08/10	Mon	256	180	172	185	277	767	1662	1957	1731	1628	1687	1713	1906	1962	2272	3229	4146	4218	2300	1372	1021	855	632	570	 36698
03/09/10	Tue	339	207	221	209	292	748	1702	1804	1701	1671	1598	1755	1852	2046	2426	3237	4116	4105	2441	1506	1244	995	733	467	 37415
03/10/10	Wed	275	218	184	213	296	806	1698	1998	1800	1705	1617	1705	1900	2134	2450	3321	4234	4226	2645	1638	1183	1009	700	459	 38414
03/11/10	Thu	280	215	196	200	292	778	1650	1982	1744	1562	1591	1670	1903	2145	2480	3264	3995	4197	2554	1679	1254	1173	858	487	 38149
03/12/10	Fri	356	260	268	228	328	753	1720	1916	1746	1750	1868	2071	2185	2428	2658	3692	4026	4099	2632	1690	1284	1204	1143	833	 41138
03/13/10	Sat	546	429	363	279	208	347	613	1112	1488	1747	2063	2249	2441	2282	2281	2360	2349	2131	1805	1383	1211	1140	1224	1047	 33098
03/15/10	Mon	177	201	155	304	730	1555	1761	1742	1370	179	1576	1709	1936	2015	2254	3133	3932	4369	2475	1545	1193	961	724	454	 36450
03/16/10	Tue	298	208	208	234	298	708	1671	1856	1678	1573	1582	1714	1885	2122	2381	3085	4147	3589	2611	1681	1332	1119	924	545	 37449
03/17/10	Wed	299	229	260	226	321	767	1660	1924	1765	1599	1696	1755	1998	2268	2636	3391	4004	4266	2986	1682	1299	1210	910	614	 39765
03/18/10	Thu	339	267	253	254	367	803	1743	1880	1826	1748	1721	1860	1964	2270	2556	3456	3990	4254	2920	1793	1381	1216	997	683	 40541
03/19/10	Fri	401	288	249	255	256	630	1156	1368	1292	1200	1251	1322	1512	1801	1787	1735	1902	2213	1463	740	651	593	521	461	 25047
03/20/10	Sat	379	254	256	210	144	294	363	639	768	1166	1230	1468	1732	1943	1912	1972	1993	1983	1645	1473	1314	1192	1081	709	 26120
03/21/10	Sun	530	439	410	253	203	229	384	586	926	1164	1570	1984	1781	1449	1842	1968	2113	1809	1609	1318	1090	1003	649	386	 25695
03/22/10	Mon	241	206	200	196	328	759	1676	1897	1691	1605	1737	1773	1959	2040	2399	3146	4084	4123	2360	1545	1140	959	691	522	 37277
03/27/10	Sat	440	352	341	231	222	317	517	876	1016	1242	1467	1598	1803	1778	1750	1805	1763	1685	1610	1323	1135	1000	935	764	 25970
03/28/10	Sun	561	453	406	248	204	243	343	678	1001	1271	1572	1838	1771	879	1233	1779	1667	1564	1434	1279	1043	810	562	387	 23226
03/29/10	Mon	300	191	191	200	272	739	1569	1825	1584	1378	1489	1738	1946	2063	2281	2961	3833	3677	2354	1547	1091	934	674	477	 35314
03/30/10	Tue	290	221	196	200	272	814	1627	1770	1631	1565	1571	1783	1941	2202	2501	3277	3941	3377	2379	1596	1455	1298	911	675	 37493
03/31/10	Wed	348	260	232	287	308	798	1639	1877	1795	1646	1744	1757	2008	2193	2437	3178	3922	4006	2569	1699	1380	1279	876	528	 38766
04/01/10	Thu	345	237	198	233	309	821	1677	1807	1680	1637	1624	1840	2068	2227	2314	3184	3807	3755	2533	1651	1301	1166	797	618	 37829
04/02/10	Fri	392	279	251	219	304	737	1643	1741	1793	1817	1816	2006	2318	2480	2693	3190	3838	3557	2231	1621	1372	1313	1165	711	 39487
04/07/10	Wed	297	219	181	188	260	635	1299	1611	1593	1466	1447	1565	1714	1977	2319	3093	3775	3887	2532	1612	1329	1110	830	681	 35620
04/08/10	Thu	335	212	233	237	293	791	1765	1930	1782	1657	1592	1770	1892	2052	2299	3399	4122	3658	2694	1831	1401	1203	820	614	 38582
04/09/10	Fri	532	261	270	247	350	809	1715	2001	1869	1865	1853	1958	2164	2428	2644	3402	3447	3890	2982	1824	1390	1421	1092	746	 41160
04/10/10	Sat	499	407	354	272	247	378	786	1496	1642	1950	2109	2291	2463	2307	2096	2167	2187	2116	1747	1368	1295	1171	1079	869	 33296
04/11/10	Sun	558	427	404	227	202	236	452	936	1222	1568	1910	2037	1338	622	1297	1846	1928	1990	1758	1395	1357	944	622	409	 25685
04/12/10	Mon	292	167	183	174	313	851	1754	1931	1782	1693	1654	1598	1750	1899	2068	3228	3977	4030	2461	1650	1334	1193	903	496	 37381
04/13/10	Tue	322	212	194	231	296	846	1795	1906	1770	1627	1585	1709	1840	2056	2307	3094	3986	4016	2473	1571	1303	1180	821	500	 37640
04/14/10	Wed	301	224	201	244	311	833	1833	1976	1768	1686	1651	1712	1911	2291	2373	3192	3999	4117	2574	1629	1416	1206	950	539	 38937
04/16/10	Fri	350	296	255	233	328	827	1697	1924	1901	1807	1771	1945	2208	2350	2666	3516	3194	2803	2439	1630	1313	1191	1136	759	 38539
04/17/10	Sat	500	457	337	261	211	332	774	1233	1600	1704	1972	2056	2175	1964	2145	2198	1937	1867	1616	1345	1196	1034	942	792	 30648
04/18/10	Sun	618	432	393	145	184	229	472	728	1059	1338	1836	2045	1077	712	1167	1825	1846	1739	1606	1325	1157	858	608	490	 23889
04/19/10	Mon	263	153	192	179	294	813	1862	2013	1787	1703	1700	1830	2004	2028	2447	3389	4108	2580	2813	1531	1268	1026	709	504	 37196
04/20/10	Tue	503	226	214	226	305	845	1869	2001	1809	1564	1684	1732	1864	2092	2360	3051	2892	2668	2489	1658	1347	1131	760	710	 36000
04/21/10	Wed	336	244	225	246	309	874	1829	2006	1770	1644	1672	1835	2002	2146	2441	3433	3545	2434	2752	1720	1383	1251	713	540	 37350
04/22/10	Thu	300	229	222	242	329	866	1635	1895	1728	1561	1555	1755	1861	2273	2370	3206	3928	3824	2308	1466	1187	1031	748	563	 37082
04/23/10	Fri	360	263	281	250	308	716	1368	1671	1511	1510	1413	1552	1787	2116	2448	3093	3800	3568	2128	1482	1114	1092	970	693	 35494
04/24/10	Sat	431	331	327	240	205	334	476	840	945	1250	1505	1700	1894	1919	2005	2026	2051	1875	1568	1382	1308	1350	995	838	 27795
04/25/10	Sun	581	469	413	259	190	222	388	777	1168	1477	1716	2034	2181	2016	1960	1859	1691	1700	1647	1236	983	779	479	348	 26573
04/26/10	Mon	235	158	176	157	272	796	1785	1929	1773	1593	1638	1782	1880	2108	2325	3344	4294	3923	2476	1604	1249	1070	731	489	 37787
04/27/10	Tue	310	202	209	217	316	870	1884	1956	1858	1721	1725	1760	1980	2186	2502	3430	4278	4290	2639	1692	1314	1254	869	587	 40049
04/28/10	Wed	348	236	232	227	292	902	1902	1934	1901	1863	1823	1896	2114	2222	2545	3373	4294	3960	2768	1772	1629	1282	825	634	 40974
04/29/10	Thu	409	253	220	247	293	837	1711	1879	1647	1550	1561	1722	1965	2067	2453	3304	4190	4215	2550	1603	1324	1152	776	578	 38506
04/30/10	Fri	347	259	244	268	326	847	1775	1948	1859	1823	1866	2025	2234	2539	2736	3657	3981	4243	2722	1801	1412	1356	1070	861	 42199
05/01/10	Sat	551	386	361	261	205	380	775	1197	1470	1802	2024	2286	2367	2256	2300	2168	2298	2204	1766	1529	1362	1222	1103	892	 33165
05/02/10	Sun	571	404	454	263	225	232	401	768	1029	1233	1520	1724	2112	2041	1921	1840	1836	1618	1460	1232	1112	861	555	376	 25788
05/03/10	Mon	260	180	184	198	345	878	1891	1990	1854	1698	1735	1824	2029	2196	2434	3327	4172	4409	2637	1634	1255	976	728	480	 39314
05/04/10	Tue	306	214	215	244	303	913	1914	1962	1721	1810	1736	1770	2082	2162	2536	3366	4118	4171	2844	1732	1623	1297	798	528	 40365
05/05/10	Wed	276	227	190	234	345	953	1896	2008	1810	1743	1673	1853	2007	2222	2626	2480	4146	3333	2792	1740	1392	1164	884	561	 38555
05/06/10	Thu	343	230	261	256	342	952	1881	1998	1838	1798	1700	1820	2009	2286	2574	3385	3821	3259	2695	1659	1520	1387	805	545	 39364
05/07/10	Fri	349	231	284	265	350	882	1896	1946	1853	1927	1990	2013	2316	2531	2901	3939	4262	4078	2990	1827	1539	1357	1085	768	 43579
05/08/10	Sat	572	365	387	293	213	485	889	1431	1897	1911	2121	2150	2396	2435	2446	2384	2319	1994	1809	1522	1505	1259	979	842	 34604
05/09/10	Sun	597	394	382	249	189	256	442	824	1179	1552	1921	2253	1800	1088	1573	1972	1998	1841	1710	1500	1325	1050	635	455	 27185
05/10/10	Mon	267	181	209	184	342	947	1845	1994	1775	1594	1683	1826	1977	2137	2362	3409	4153	3990	2501	1618	1317	1088	851	518	 38768
05/11/10	Tue	333	205	218	227	336	920	1879	1914	1809	1740	1783	1818	1895	2106	2468	3329	4006	3301	2377	1540	1154	889	614	443	 37304
05/12/10	Wed	276	201	190	235	262	783	1531	1619	1590	1537	1434	1574	1859	1996	2320	3146	3772	3540	2499	1512	1254	1051	784	567	 35532
05/13/10	Thu	262	210	228	258	290	846	1809	1915	1731	1650	1712	1823	2071	2197	2611	3403	4449	4210	2724	1727	1431	1089	793	609	 40048
05/14/10	Fri	371	259	273	257	324	936	1802	1969	1831	1821	1878	2051	2293	2495	2836	3415	2965	2558	2774	1689	1324	1249	911	680	 38961
05/15/10	Sat	490	342	393	282	251	416	721	1171	1361	1626	1837	2080	2192	2316	2237	2391	2149	2033	1753	1517	1295	1431	1148	829	 32261
05/16/10	Sun	576	470	401	232	219	252	513	924	1335	1637	1893	2158	1717	1568	1926	1939	2306	1870	1680	1345	1222	977	668	458	 28286
05/17/10	Mon	287	210	201	200	324	963	1886	1985	1778	1680	1723	1836	2052	2165	2482	3268	4211	4284	2492	1560	1228	1078	742	519	 39154
05/18/10	Tue	291	229	197	230	322	1024	1950	1977	1724	1667	1675	1861	2040	2133	2410	3510	4252	4266	2726	1649	1250	1080	747	528	 39738
05/19/10	Wed	299	235	206	247	357	985	1913	1938	1827	1728	1744	1833	2182	2223	2457	3316	4238	4231	2673	1770	1367	1193	908	607	 40477
05/20/10	Thu	317	249	226	268	333	1011	2009	1985	1860	1680	1758	1977	2096	2164	2517	3420	4353	4508	2861	1949	1490	1292	846	688	 41857
05/21/10	Fri	504	306	287	260	368	1005	1883	2071	1916	1905	1976	2088	2296	2571	2938	3851	4274	4189	2843	1853	1516	1434	1147	878	 44359
05/22/10	Sat	564	378	393	301	296	570	1103	1582	1913	2155	2297	2477	2641	2523	2495	2496	2458	2269	2083	1803	1588	1489	1144	893	 37911
05/23/10	Sun	613	478	447	274	245	302	566	1009	1311	1714	2019	2241	2295	2181	2169	2121	2044	1899	1797	1477	1403	950	675	470	 30700
05/24/10	Mon	279	209	205	204	363	1029	1900	1926	1881	1799	1849	1955	2041	2149	2352	3154	4084	4247	2523	1522	1266	972	769	537	 39215
05/25/10	Tue	321	244	227	251	371	1084	1889	1854	1796	1753	1698	1843	1908	2109	2455	3306	4234	3878	2797	1684	1391	1200	946	570	 39809
05/26/10	Wed	332	257	227	243	406	1040	1885	1893	1870	1795	1714	1813	2047	2319	2600	3438	4146	4137	2856	1690	1413	1407	955	565	 41048
05/27/10	Thu	353	275	283	265	389	1061	1880	1848	1933	1889	1944	2114	2280	2518	2710	3504	4409	4460	3321	1906	1664	1402	1023	696	 44127
05/28/10	Fri	469	331	275	293	402	1026	1761	1938	1997	2098	2128	2264	2585	2755	3010	3589	3852	3764	2459	1793	1389	1288	1217	773	 43456
05/29/10	Sat	507	356	369	292	285	440	722	1208	1693	1901	1980	2017	2081	2024	2005	2023	1933	1821	1721	1449	1177	1294	1011	726	 31035
05/30/10	Sun	485	396	378	235	217	270	503	889	1195	1484	1824	2099	2170	2020	1915	1907	1882	1759	1603	1442	1244	1120	824	654	 28515
05/31/10	Mon	456	328	275	193	218	317	540	811	959	1134	1364	1574	1852	1838	1848	1762	1651	1589	1440	1318	1157	968	639	462	 24693
06/01/10	Tue	278	181	159	197	403	998	1880	1898	1836	1820	1834	1949	2265	2238	2518	3304	4210	4199	2729	1650	1291	1111	713	535	 40196
06/02/10	Wed	374	246	198	254	368	1058	1753	1948	1748	1683	1612	1777	1989	2219	2536	3246	4144	4318	2896	1739	1376	1167	844	597	 40090
06/03/10	Thu	343	228	227	278	392	1073	1864	1953	1834	1777	1830	1931	2063	2229	2656	3370	4268	4388	2785	1788	1425	1204	936	640	 41482
06/04/10	Fri	423	278	301	262	439	1111	1828	1986	2036	1944	2030	2132	2496	2619	2951	3801	4232	4110	2666	1794	1352	1310	1115	737	 43953
06/05/10	Sat	531	399	369	278	326	640	1071	1413	1713	1865	2084	2173	2364	2285	2176	2064	2118	1997	1727	1621	1409	1376	1016	743	 33758
06/06/10	Sun	599	418	403	246	233	308	544	994	1294	1607	1745	1946	2054	1976	1871	1903	1835	1709	1570	1287	1154	964	673	473	 27806
06/07/10	Mon	296	201	209	206	377	1075	1935	1929	1798	1862	1834	1902	2154	2225	2512	3238	4111	4335	2612	1650	1279	1204	818	512	 40274
06/08/10	Tue	313	261	214	234	402	1090	1797	1863	1760	1604	1696	1831	2015	2226	2417	3282	3980	4294	2921	1750	1325	1288	920	570	 40053
06/09/10	Wed	372	262	207	246	380	1100	1809	1905	1833	1775	1729	1874	2107	2224	2458	3334	3930	4411	3070	1737	1528	1467	1111	658	 41527
06/10/10	Thu	397	280	235	276	406	1146	1835	1966	1875	1724	1793	1963	2218	2304	2594	3420	4207	4387	2982	1791	1448	1302	990	619	 42158
06/11/10	Fri	470	320	303	276	397	1039	1714	1854	1852	1897	2031	2196	2447	2647	2902	3020	3935	4272	2469	1659	1340	1314	1143	943	 42440
06/12/10	Sat	522	303	321	270	233	378	714	990	1139	1229	1453	1607	1657	1776	1815	1924	1872	1808	1532	1330	1160	1149	894	680	 26756
06/13/10	Sun	494	404	369	228	203	237	402	577	700	909	1134	1310	1598	1619	1700	1651	1742	1569	1348	1180	951	823	542	428	 22118
06/14/10	Mon	304	218	201	194	366	942	1654	1890	1686	1583	1682	1832	2044	2170	2519	3096	4012	4144	2427	1542	1234	1035	744	579	 38098
06/15/10	Tue	324	230	239	235	393	1052	1793	1880	1818	1820	1752	1663	2039	2246	2559	3297	4250	4374	2952	1796	1399	1245	934	628	 40918
06/16/10	Wed	381	242	249	258	380	1117	1839	1944	1874	1766	1839	1911	2185	2284	2568	3462	4208	4480	2641	1772	1482	1414	965	635	 41896
06/17/10	Thu	356	288	252	283	402	1137	1904	1968	1925	1880	1867	1965	2273	2298	2643	3365	4158	4311	2955	1717	1615	1341	1037	691	 42631
06/18/10	Fri	414	351	303	293	415	1110	1918	2067	1978	1943	1969	2199	2476	2508	2902	3688	4252	4164	2588	1893	1662	1484	1350	846	 44773
06/19/10	Sat	548	472	401	308	274	550	1009	1391	1804	2010	2063	2222	2242	2235	2240	2242	2324	2176	1678	1575	1381	1409	1366	830	 34750
06/20/10	Sun	599	478	432	247	201	302	538	935	1286	1516	1854	2084	2267	2147	2093	2080	2400	1989	1676	1477	1553	1235	856	503	 30748
06/21/10	Mon	364	231	246	220	372	1083	1888	1973	1893	1770	1793	2001	2210	2453	2570	3412	4164	4204	2581	1623	1265	1073	829	517	 40735
06/22/10	Tue	338	234	237	225	391	1113	1877	2031	1780	1805	1850	1930	2150	2249	2559	3338	4177	4301	2805	1788	1447	1374	1246	663	 41908
06/23/10	Wed	357	253	238	272	428	1147	1955	2099	1986	1886	1836	1943	2134	2288	2558	3336	4235	4239	2711	1829	1537	1421	1295	630	 42613
06/24/10	Thu	411	268	278	281	459	1176	1917	2111	1917	1920	1887	2009	2234	2410	2678	3421	4209	4290	2914	1894	1499	1388	991	776	 43338
06/26/10	Sat	565	412	385	302	309	529	912	1518	1734	1895	2075	2289	2326	2257	2069	2216	2087	2259	1984	1535	1289	1265	1066	832	 34110
06/27/10	Sun	633	446	380	257	231	298	606	982	1304	1537	1810	1977	1989	1976	1989	1933	1900	1805	1629	1447	1302	1010	764	513	 28718
06/28/10	Mon	337	229	223	237	408	1090	1827	2035	1807	1911	1920	1945	2214	2301	2711	3388	4220	4430	2809	1731	1318	1142	811	539	 41583
06/29/10	Tue	353	231	245	275	410	1112	1891	2004	1817	1828	1868	1938	2121	2324	2179	3279	4359	4540	2808	1588	1505	1233	1152	694	 41754
06/30/10	Wed	458	309	381	389	526	1192	2010	1944	1923	1981	1905	1931	2302	2421	2732	3399	4337	4602	2803	1902	1555	1237	1073	690	 44002
07/01/10	Thu	426	280	288	330	463	1191	1971	2092	1923	1897	2011	2127	2344	2487	2907	3628	4346	4265	3046	1828	1497	1373	1081	687	 44488
07/02/10	Fri	437	314	298	286	481	1142	1902	2026	2040	2157	2321	2319	2483	2844	3423	3921	3940	3514	2389	1827	1360	1423	1447	850	 45144
07/03/10	Sat	583	387	364	322	309	438	906	1402	1678	1868	1984	2096	2028	2001	1860	1845	1842	1850	1610	1420	1146	1092	1345	1262	 31638
07/04/10	Sun	617	441	360	250	199	240	446	727	1034	1205	1470	1805	1821	1846	1915	1803	1778	1528	1409	1146	983	1006	1210	813	 26052
07/05/10	Mon	468	263	187	238	211	390	668	882	1028	1206	1364	1592	1667	1635	1716	1832	1937	1808	1629	1433	1566	1107	801	486	 26114
07/06/10	Tue	280	210	174	196	399	1096	1851	1984	1877	1896	1809	2037	2186	2344	2572	3360	4096	4315	2777	1667	1295	1168	942	617	 41148
07/07/10	Wed	314	255	219	282	401	1055	1751	1948	1769	1721	1815	1881	2221	2116	2437	3387	4053	4179	2760	1697	1265	1160	1075	588	 40349
07/08/10	Thu	340	277	268	263	434	1075	1829	2025	1807	1815	1793	1978	2117	2293	2803	3401	4053	4350	3309	1858	1438	1282	950	653	 42411
07/09/10	Fri	410	306	295	273	457	1085	1887	2046	1940	2035	2134	2107	2388	2611	2971	3684	4184	4157	2709	1874	1531	1415	1203	1086	 44788
07/13/10	Tue	348	248	254	228	414	1046	1776	1940	1877	1775	1773	1933	2180	2227	2581	3463	4264	4341	3034	1499	1276	1181	1038	782	 41478
07/14/10	Wed	412	318	295	309	462	993	1873	2079	2062	1850	1886	1994	2258	2459	2751	3350	4265	4489	2915	1746	1400	1242	981	699	 43088
07/15/10	Thu	391	297	252	276	427	1057	1903	2064	1920	1803	1900	1993	2329	2312	2620	3395	4184	4352	2978	1721	1560	1400	1326	880	 43340
07/16/10	Fri	543	376	357	363	425	1084	1813	2038	2078	2108	2117	2329	2330	2741	3196	4028	4191	4284	2840	1884	1531	1441	1123	832	 46052
07/17/10	Sat	571	404	462	330	279	489	879	1367	1679	1886	2107	2074	2144	2176	2241	2235	2101	2009	1771	1011	1580	1394	1162	784	 33135
07/18/10	Sun	602	527	481	284	229	295	513	922	1222	1408	1661	1926	2030	2048	1900	1855	1773	1640	1563	1422	1414	1171	989	646	 28521
07/19/10	Mon	448	241	236	220	413	988	1822	2014	1829	1840	1897	1913	2103	2273	2501	3264	4036	4412	2750	1696	1279	1147	820	541	 40683
07/20/10	Tue	322	233	240	249	387	1023	1780	1929	1885	1765	1906	1918	2105	2201	2594	3337	4180	4183	3219	1772	1385	1145	848	618	 41224
07/21/10	Wed	396	246	260	248	405	1049	1844	2015	1943	1794	1948	1836	2140	2402	2737	3573	4378	4258	2745	1661	1551	1294	936	617	 42276
07/22/10	Thu	476	297	290	281	410	1061	1906	2028	2019	1949	1953	2075	2265	2561	2594	3519	4235	4458	3021	1779	1504	1442	1205	787	 44115
07/23/10	Fri	507	353	339	279	436	1041	1854	2160	2067	2032	2280	2282	2563	2796	3064	3944	4251	4070	2787	1904	1576	1504	1281	881	 46251
07/24/10	Sat	580	477	414	288	288	461	936	1469	1710	1926	2066	2100	2086	2208	2223	2190	2123	2076	1889	1569	1413	1404	1142	859	 33897
07/26/10	Mon	336	251	223	244	395	1073	1762	2047	1958	1877	1946	2045	2190	2351	2653	3412	4147	4475	2832	1643	1327	1162	896	640	 41885
07/27/10	Tue	402	258	283	308	390	1040	1898	1943	1845	1825	1944	1946	2213	2349	2670	3477	4184	4458	2729	1776	1438	1363	1055	657	 42451
07/28/10	Wed	348	289	277	273	421	1088	1822	2043	1922	1852	1871	2085	2251	2413	2679	3395	3571	4305	2744	1820	1483	1351	1214	723	 42240
08/04/10	Wed	377	277	243	274	389	1099	1837	2092	1990	1850	1826	2006	2171	2564	2803	3418	3679	4486	3738	1977	1495	1305	893	608	 43397
08/05/10	Thu	378	244	254	280	411	1074	1888	2118	2015	1951	1940	2027	2279	2463	2792	3525	4366	4518	3075	1908	1565	1358	1015	677	 44121
08/06/10	Fri	442	328	302	292	422	1040	1843	2076	2059	2113	2246	2256	2513	2714	3064	3850	3646	4305	3149	1878	1599	1432	1173	881	 45623
08/07/10	Sat	597	450	436	310	275	509	947	1530	1862	2096	2249	2499	2390	2372	2412	2516	2377	2353	1952	1599	1589	1449	1137	864	 36770
08/14/10	Sat	660	419	436	300	304	469	864	1325	1752	1968	2200	2247	2303	2302	2357	2238	2351	2232	1819	1635	1544	1596	1494	1098	 35913
08/15/10	Sun	677	461	468	283	250	275	515	924	1251	1596	1954	2105	2218	2128	2269	2018	2109	1967	1834	1501	1393	1282	782	606	 30866
08/25/10	Wed	333	247	228	247	439	1017	1973	2010	1986	1902	1882	1859	1925	2331	2604	3605	4547	4715	3060	1816	1575	1244	833	634	 43012
08/26/10	Thu	392	283	255	292	419	1057	1926	2058	1967	1848	1943	2054	2301	2432	2756	3644	4388	4693	2991	1856	1591	1254	849	631	 43880
08/27/10	Fri	373	298	281	270	416	1023	1804	2159	2112	1990	2046	2273	2451	2645	2911	3848	4531	4129	2704	1910	1611	1340	1275	968	 45368
08/28/10	Sat	589	414	424	298	278	475	928	1374	1747	1988	2187	2184	2254	2262	2277	2304	2328	2092	1764	1658	1471	1575	1119	918	 34908
08/29/10	Sun	684	461	415	272	193	281	526	855	1265	1459	1708	2041	2216	2231	2157	2114	2027	2043	1729	1463	1318	1534	900	532	 30424
08/30/10	Mon	289	212	205	193	409	1018	1858	2138	1840	1821	1890	1983	2117	2177	2521	3510	4469	4569	2602	1694	1288	986	743	516	 41048
09/02/10	Thu	409	250	274	296	448	1060	1915	2093	1971	1805	1901	1907	2118	2382	2744	3583	4255	4641	2997	2008	1657	1386	918	581	 43599
09/03/10	Fri	386	295	322	302	445	1002	1735	2146	2046	2077	2088	2296	2418	2759	3243	3950	4368	4208	2839	2003	1569	1478	1066	753	 45794
09/04/10	Sat	519	415	369	300	331	485	752	1234	1617	1745	1989	2069	2096	2018	1990	2254	2658	1984	1727	1619	1430	1411	1027	744	 32783
09/05/10	Sun	594	427	368	237	244	250	451	897	1244	1480	1749	1841	2036	1970	1872	1878	1867	1705	1668	1580	1395	1192	908	707	 28560
09/06/10	Mon	482	336	355	242	245	305	496	753	875	1128	1460	1582	1738	1757	1821	1918	2014	2108	1732	1602	1419	956	607	403	 26334
09/07/10	Tue	220	157	183	194	367	975	1938	2083	2018	1839	1846	1990	2123	2234	2621	3516	4211	4727	2935	1857	1416	1199	916	506	 42071
09/08/10	Wed	296	233	232	259	395	998	1904	2080	2028	1720	1877	1911	2048	2221	2652	3425	4311	4620	2977	1846	1426	1300	924	579	 42262
09/09/10	Thu	314	235	258	260	393	1035	1888	2039	2119	2001	1911	2106	2319	2535	3011	3730	4288	4694	3116	1943	1530	1261	907	613	 44506
09/10/10	Fri	348	290	298	290	419	978	1824	2209	2010	2038	2123	2190	2324	2574	2978	4015	4477	4453	2981	1992	1584	1344	1339	871	 45949
09/11/10	Sat	555	412	434	305	305	561	850	1486	1788	1868	2054	2109	2223	2245	2310	2340	2282	2124	1837	1739	1506	1519	1131	844	 34827
09/12/10	Sun	594	459	404	281	211	286	460	822	1204	1431	1752	1847	1866	1920	1839	2052	2017	2023	1715	1594	1387	922	660	414	 28160
09/13/10	Mon	272	193	209	216	401	934	1909	1976	1833	1739	1784	1877	2038	2234	2717	3653	4588	4750	2770	1664	1224	1124	952	596	 41653
09/14/10	Tue	364	202	253	244	375	965	1835	1967	1885	1762	1806	1942	2085	2237	2550	3575	4318	4537	2821	1921	1440	1188	1047	639	 41958
09/15/10	Wed	338	227	246	286	425	969	1862	1976	1764	1966	1869	1869	2151	2315	2763	3609	4341	4801	3258	1910	1466	1206	802	556	 42975
09/16/10	Thu	371	256	255	270	412	994	1814	2103	1934	1774	1841	1926	2237	2329	2717	3754	4456	4599	3037	2083	1605	1216	926	623	 43532
09/17/10	Fri	379	306	283	274	420	983	1812	2105	2096	1982	2005	2300	2472	2713	3036	4086	4430	4341	2904	1992	1528	1362	1131	852	 45792
09/18/10	Sat	612	420	405	304	300	420	793	1230	1626	1917	2137	2234	2292	2317	2269	2242	2325	2088	1805	1730	1475	1316	1134	832	 34223
09/19/10	Sun	618	478	472	270	200	256	479	797	1163	1454	1677	1931	2152	2134	2096	1805	1811	2126	1985	1603	1365	945	634	471	 28922
09/20/10	Mon	331	216	218	197	395	942	1899	2072	1892	1854	1852	2011	2172	2353	2577	3431	4218	3150	2802	1584	1185	1095	714	498	 39658
09/21/10	Tue	318	227	223	228	345	1010	1837	2041	1991	1736	1781	1926	2095	2247	2572	3426	4197	4186	2899	1786	1401	1137	835	568	 41012
09/22/10	Wed	332	238	227	236	393	929	1800	2082	1883	1771	1739	1853	2080	2250	2536	3305	3813	2914	2801	1720	1362	1170	836	563	 38833
09/23/10	Thu	337	234	257	264	402	1001	1831	2005	1919	1749	1790	1865	2127	2407	2759	3521	4304	4403	2770	1968	1419	1293	834	578	 42037
09/24/10	Fri	369	287	277	269	396	926	1750	2098	1975	1969	2009	2216	2407	2636	2933	3510	4157	4046	2665	1973	1490	1514	1311	858	 44041
09/25/10	Sat	640	405	391	268	287	523	863	1267	1656	1803	2061	2230	2345	2289	2432	2336	2263	2370	1878	1644	1381	1292	1263	965	 34852
09/26/10	Sun	626	569	491	338	236	272	435	785	1131	1418	1728	1915	2175	2092	1996	1847	2026	2144	2554	1743	1279	928	665	387	 29780
09/27/10	Mon	281	192	211	228	378	932	1871	2145	1958	1858	1859	1939	2099	2241	2595	3369	4249	4053	2801	1629	1172	1114	829	460	 40463
09/28/10	Tue	307	205	235	254	386	951	1817	2118	1931	1811	1753	1949	2020	2267	2698	3439	4058	4346	2934	1878	1319	1232	988	507	 41403
09/29/10	Wed	315	264	249	264	418	964	1810	2023	1853	1770	1737	1859	2037	2213	2626	3323	4140	4337	2777	2026	1429	1189	821	572	 41016
09/30/10	Thu	331	232	261	261	402	971	1801	1998	1869	1868	1826	1939	2145	2396	2673	3581	4166	4303	3017	2034	1460	1237	855	596	 42222
10/01/10	Fri	381	321	287	280	396	1005	1719	2088	2041	2000	2020	2087	2403	2595	2873	3760	4266	4087	2920	1907	1412	1404	1042	783	 44077
10/02/10	Sat	535	401	418	340	312	480	812	1286	1678	1843	2092	2197	2390	2286	2195	2158	2106	2097	1872	1612	1261	1309	995	844	 33519
10/03/10	Sun	536	457	389	256	246	284	424	788	1114	1489	1846	2030	2086	1876	1987	1975	1734	1580	1729	1536	1124	866	578	396	 27326
10/04/10	Mon	276	196	194	214	369	993	1793	2085	1867	1754	1730	1983	2154	2237	2511	3228	4245	4188	2701	1623	1120	1015	680	497	 39653
10/05/10	Tue	298	198	248	206	409	987	1913	2000	1839	1863	1966	2021	2188	2355	2712	3538	4343	4012	2771	1824	1286	1100	701	514	 41292
10/06/10	Wed	309	222	210	232	375	1024	1875	2075	1866	1867	1810	1835	2159	2208	2601	3468	4159	4325	2814	1773	1460	1235	771	564	 41237
10/07/10	Thu	334	246	241	231	410	991	1800	2084	1950	1792	1807	1876	2118	2198	2605	3475	4247	4224	2843	1886	1407	1210	915	753	 41643
10/16/10	Sat	578	402	384	293	293	488	802	1222	1597	1795	2109	2200	2363	2315	2223	2258	2316	2237	1865	1523	1352	1288	1176	828	 33907
10/17/10	Sun	622	455	442	293	254	248	421	707	1087	1347	1701	2062	2180	2147	1921	1727	1690	1950	2169	1596	1150	828	570	400	 27967
10/18/10	Mon	260	200	212	206	357	938	1795	2084	1795	1802	1687	1866	2061	2063	2457	3403	4219	4214	2455	1482	1109	939	728	621	 38953
10/19/10	Tue	324	238	237	214	337	884	1813	1979	1913	1691	1717	1818	2008	2138	2470	3319	4116	4365	2716	1819	1337	1127	796	544	 39920
10/20/10	Wed	310	234	229	240	363	946	1846	2006	1833	1804	1720	1856	2129	2269	2570	3366	4086	4273	2877	1928	1413	1191	808	542	 40839
10/21/10	Thu	371	235	246	242	406	974	1777	2031	1819	1809	1821	1930	2065	2353	2737	3493	4423	4366	2737	1900	1376	1217	891	571	 41790
10/22/10	Fri	405	284	260	255	404	857	1672	1935	1899	1844	1847	1973	2215	2517	2744	3575	4227	3961	2763	1724	1320	1296	1038	788	 41803
10/23/10	Sat	542	412	357	280	226	423	646	1035	1338	1550	1811	1982	2270	2187	2208	2134	2123	2011	1892	1642	1338	1311	1186	876	 31780
10/24/10	Sun	631	478	422	240	183	246	395	655	1066	1255	1576	1907	2050	2018	1819	1667	1572	2007	2019	1481	1106	876	588	413	 26670
10/25/10	Mon	253	197	221	197	398	945	1718	1981	1725	1667	1767	1747	1907	2084	2409	3215	4003	4087	2416	1476	1054	972	611	458	 37508
10/26/10	Tue	279	243	199	215	350	892	1680	1735	1832	1685	1648	1723	1864	2037	2484	3248	4112	4238	2774	1730	1301	1019	700	506	 38494
10/27/10	Wed	291	225	212	233	374	908	1691	1966	1864	1671	1709	1804	2039	2176	2531	3332	4042	3824	2808	1729	1363	1175	869	584	 39420
10/29/10	Fri	368	270	260	264	376	863	1742	2006	1881	1868	1900	2072	2369	2468	2922	3664	4228	4367	2906	1898	1488	1367	1100	833	 43480
10/30/10	Sat	583	464	393	289	278	405	680	1166	1464	1678	1931	2141	2192	2206	2158	2279	2175	2081	1866	1672	1297	1252	1099	874	 32623
10/31/10	Sun	678	507	512	312	237	252	383	642	967	1198	1439	1634	1863	1841	1830	1840	1887	1724	1412	1075	1106	982	609	385	 25315
11/01/10	Mon	280	229	211	216	375	896	1601	1878	1695	1702	1730	1781	2082	2114	2459	3272	4150	4289	2498	1522	1060	930	643	473	 38086
11/02/10	Tue	276	214	239	235	337	951	1747	1896	1779	1614	1698	1778	1917	2100	2570	3322	4185	4328	2734	1615	1145	1035	777	607	 39099
11/03/10	Wed	329	248	216	255	371	911	1789	1988	1828	1701	1649	1797	1988	2019	2478	3289	4255	4398	2795	1685	1252	1140	814	553	 39748
11/04/10	Thu	370	246	255	243	408	910	1751	1988	1736	1726	1637	1789	2048	2243	2506	3317	4155	4374	2822	1743	1305	1209	833	576	 40190
11/05/10	Fri	351	242	272	277	395	864	1727	1977	1910	1833	1893	2144	2264	2490	2946	3702	4118	4124	2761	1893	1326	1268	1049	884	 42710
11/06/10	Sat	563	418	405	283	251	454	736	1035	1446	1621	1945	2082	2372	2261	2121	2053	2164	2116	1722	1420	1299	1259	1002	733	 31761
11/07/10	Sun	558	396	320	252	220	200	260	447	784	1129	1333	1722	1982	2128	1947	1927	1930	1822	1756	1465	1186	968	719	503	 25954
11/08/10	Mon	337	249	181	157	202	358	984	1864	2122	2692	2583	1853	1975	2159	2608	3445	4090	4327	2587	1416	1058	888	638	453	 39226
11/09/10	Tue	301	202	208	235	337	929	1785	2007	1775	1726	1726	1759	1911	1979	2206	2742	3429	3080	2328	1277	1016	910	737	457	 35062
11/10/10	Wed	287	192	212	228	336	828	1676	1999	1824	1648	1609	1745	1953	2019	2483	3330	4319	4252	2670	1528	1276	1048	720	529	 38711
11/11/10	Thu	340	231	230	230	350	785	1435	1546	1410	1268	1408	1588	1676	1867	2252	3063	3741	3734	2064	1320	1036	1010	720	584	 33888
11/12/10	Fri	369	292	263	246	350	828	1596	1910	1927	1765	1797	1904	2218	2390	2737	3648	3916	3793	2707	1625	1282	1204	995	794	 40556
11/13/10	Sat	515	387	402	376	392	441	653	959	1287	1504	1628	1808	2016	2081	1955	2319	2483	2069	1600	1281	1277	1088	964	757	 30242
11/14/10	Sun	481	380	389	230	230	264	357	567	889	1016	1288	1581	1736	1815	1640	1568	1634	1805	1881	1234	897	754	468	366	 23470
11/15/10	Mon	255	169	163	206	333	867	1795	1886	1683	1532	1547	1543	1751	1925	2295	3242	4043	4070	2269	1330	1018	900	673	455	 35950
11/16/10	Tue	264	216	195	202	338	857	1806	2009	1803	1796	1683	1763	1891	1904	2339	2917	3730	4216	2712	1466	1098	981	746	475	 37407
11/17/10	Wed	273	184	203	230	348	836	1705	1947	1763	1665	1681	1778	1954	2193	2530	3361	4187	4244	2796	1541	1266	1118	825	499	 39127
11/18/10	Thu	331	230	252	235	367	930	1730	2086	1955	1806	1799	1790	1955	2193	2552	3422	4259	3363	2642	1761	1259	1138	834	637	 39526
11/19/10	Fri	357	245	283	315	385	866	1727	2051	1996	1822	1882	2003	2259	2428	2780	3730	3863	4025	2765	1706	1286	1075	1103	768	 41720
11/20/10	Sat	549	385	394	307	331	519	806	1173	1459	1621	1683	1841	1996	2032	2049	2180	2118	2055	1609	1308	989	1122	953	697	 30176
11/21/10	Sun	538	415	409	250	256	281	410	644	1015	1212	1352	1496	1697	1737	1744	1761	1731	1642	1316	1064	816	671	534	361	 23352
11/22/10	Mon	240	171	187	203	387	836	1784	2000	1835	1748	1774	1817	2005	2145	2469	3275	4094	4258	2405	1375	998	924	683	465	 38078
11/23/10	Tue	264	232	222	258	390	919	1775	1996	1854	1746	1786	1924	2110	2216	2477	3464	4254	4163	3080	1716	1261	1056	789	588	 40540
11/24/10	Wed	332	270	249	261	418	939	1649	1947	1742	1791	1784	1990	2417	2653	3061	3512	3786	3215	2051	1360	1087	927	736	580	 38757
11/25/10	Thu	386	298	320	204	184	222	372	513	668	960	1427	1867	2482	2055	1602	1421	1432	1596	1519	1455	1236	997	748	447	 24411
11/26/10	Fri	291	209	230	233	334	499	661	984	1024	1200	1358	1582	1815	1860	1844	1922	1932	1872	1516	1180	1004	926	825	547	 25848
11/27/10	Sat	412	314	334	224	296	418	525	803	1130	1438	1727	1830	1827	1905	1914	1773	1934	1798	1462	1271	1066	969	892	537	 26799
11/28/10	Sun	452	414	394	268	265	320	487	692	1024	1275	1457	1732	1819	1758	1671	1548	1617	1709	1685	1166	944	691	440	315	 24143
11/29/10	Mon	186	170	159	179	318	835	1560	1855	1772	1505	1524	1745	1781	1952	2168	3168	3973	3843	2225	1295	1006	781	590	404	 34994
11/30/10	Tue	282	178	213	204	323	864	1689	1937	1777	1602	1633	1660	1927	2046	2371	3279	4070	4144	2664	1569	1238	994	768	535	 37967
12/01/10	Wed	327	217	227	250	381	868	1722	1944	1782	1556	1699	1771	1968	2095	2489	3277	4036	3914	2797	1502	1313	1184	829	490	 38638
12/02/10	Thu	339	247	215	253	373	926	1717	1963	1788	1722	1696	1884	2030	2208	2554	3349	4234	4134	2817	1524	1321	1153	836	561	 39844
12/03/10	Fri	337	271	304	242	347	839	1648	1994	1808	1777	1746	1953	2145	2322	2805	3752	4235	3832	2220	1486	1257	1369	1494	899	 41082
12/04/10	Sat	588	406	390	269	306	450	653	935	1293	1519	1603	1850	2029	1989	2071	2142	2144	1855	1553	1355	1472	1228	1045	745	 29890
12/05/10	Sun	506	392	364	240	229	290	291	515	848	982	1218	1360	1601	1636	1657	1612	1670	1540	1361	1102	1020	795	504	347	 22080
12/06/10	Mon	234	194	162	205	310	863	1630	1975	1734	1556	1551	1743	1958	1987	2324	3132	4100	4095	2351	1361	1025	946	685	450	 36571
12/07/10	Tue	268	224	224	245	335	885	1684	1929	1745	1568	1572	1712	1923	2033	2373	3193	3981	4218	2575	1549	1216	1018	726	489	 37685
12/08/10	Wed	312	240	225	219	353	880	1709	1928	1839	1650	1658	1672	1911	1978	2270	3169	4031	4224	2610	1490	1325	1106	804	542	 38145
12/09/10	Thu	351	241	256	239	341	949	1658	1957	1733	1690	1633	1704	1924	2162	2497	3336	4248	4084	2580	1518	1296	1214	779	597	 38987
12/10/10	Fri	357	303	286	270	343	859	1595	1863	1844	1745	1828	1888	2199	2297	2772	3424	4124	3751	2310	1604	1211	1419	1053	794	 40139
12/11/10	Sat	528	323	369	274	297	413	555	906	1175	1380	1585	1764	1950	1906	1877	2069	2170	1960	1540	1382	1202	1227	1043	834	 28729
12/12/10	Sun	582	451	398	241	233	249	328	568	876	997	1154	1424	1727	1756	1668	1588	1602	1606	1308	1275	1084	819	537	347	 22818
12/13/10	Mon	234	205	201	192	347	854	1642	1869	1788	1682	1658	1694	1780	1981	2183	3098	3979	4014	2247	1608	1121	993	718	469	 36557
12/14/10	Tue	323	184	229	230	294	868	1680	1990	1699	1599	1653	1705	1787	2116	2305	3281	4095	3964	2509	1588	1252	1044	803	485	 37683
12/15/10	Wed	309	235	229	245	342	875	1676	1915	1831	1678	1604	1721	1918	2070	2475	3167	3484	3901	2570	1547	1240	1056	766	510	 37364
12/16/10	Thu	308	235	228	252	321	837	1584	1879	1696	1562	1542	1693	1934	2070	2471	3109	3908	3926	2487	1603	1373	1145	860	651	 37674
12/17/10	Fri	411	276	298	264	358	803	1465	1803	1750	1606	1684	1929	2046	2194	2629	3384	3755	3769	2322	1732	1333	1342	1198	878	 39229
12/18/10	Sat	606	426	394	300	328	478	589	911	1160	1372	1517	1746	1900	1840	1907	2034	2082	1945	1589	1433	1303	1315	1135	793	 29103
12/19/10	Sun	580	471	388	231	240	289	383	597	919	1035	1266	1581	1685	1830	1625	1554	1594	1551	1408	1264	1193	1025	561	430	 23700
12/20/10	Mon	297	235	235	190	340	865	1553	1820	1596	1694	1661	1791	1894	2083	2383	3131	3924	3936	2275	1409	1163	1015	755	443	 36688
12/21/10	Tue	317	221	241	237	359	856	1547	1823	1618	1630	1679	1702	1997	2009	2379	3049	3842	3982	2467	1566	1340	1119	949	557	 37486
12/22/10	Wed	330	241	276	264	395	924	1659	1803	1701	1622	1794	1811	2030	2212	2576	3288	4009	3890	2399	1653	1393	1212	887	713	 39082
12/23/10	Thu	373	288	274	275	382	840	1353	1587	1520	1620	1669	2002	2206	2528	3011	3323	3279	2919	1918	1410	1188	1240	937	617	 36759
12/24/10	Fri	411	334	315	235	280	412	524	761	983	1131	1403	1612	1798	1868	2061	2033	2032	1801	1519	1264	1364	1401	1125	795	 27462
12/25/10	Sat	517	359	209	119	102	144	209	358	605	891	1176	1392	1691	1699	1566	1461	1456	1347	1313	1327	1151	963	650	419	 21124
12/26/10	Sun	296	249	192	151	187	253	338	467	781	945	1243	1410	1658	1607	1519	1467	1445	1852	1626	1229	1036	810	579	438	 21778
12/27/10	Mon	282	198	204	207	316	752	1303	1490	1422	1463	1612	1720	1757	2007	2201	2866	3452	3228	1871	1261	1015	906	753	426	 32712
12/28/10	Tue	291	212	214	216	306	758	1420	1605	1518	1551	1540	1667	1787	1963	2280	3012	3852	3714	2097	1473	1140	1053	710	478	 34857
12/31/10	Fri	226	210	199	198	222	305	413	525	628	667	710	907	1081	1192	1398	1530	1417	1382	1267	961	747	625	564	384	 17758