01/01/10	Fri	296	244	145	116	91	112	166	167	294	420	627	716	909	948	940	956	932	750	714	572	469	425	377	261	 11647
01/02/10	Sat	114	89	58	58	66	143	255	311	626	809	1068	1200	1290	1429	1246	1221	1162	1100	939	703	573	529	482	300	 15771
01/03/10	Sun	159	122	90	61	76	118	215	301	484	628	886	932	1170	1094	972	886	874	906	757	545	388	361	275	130	 12430
01/04/10	Mon	86	55	45	52	166	494	1071	1511	1303	1085	1083	1227	1313	1237	1368	1495	1542	1437	1138	685	577	451	336	215	 19972
01/05/10	Tue	108	66	52	78	163	569	1275	1852	1501	1205	1169	1288	1328	1258	1415	1604	1534	1446	1139	783	588	469	369	208	 21467
01/06/10	Wed	103	69	54	68	165	549	1276	1686	1599	1207	1080	1067	1175	1077	1146	1170	748	496	390	304	228	108	95	66	 15926
01/07/10	Thu	39	50	39	36	73	249	436	572	550	667	772	937	1132	1091	1166	1289	1162	1134	870	624	513	447	396	206	 14450
01/08/10	Fri	104	65	56	81	126	489	1102	1724	1533	1155	1148	1294	1340	1297	1348	1553	1508	1389	1167	783	608	563	419	309	 21161
01/09/10	Sat	126	115	56	67	57	184	333	461	737	994	1144	1340	1411	1446	1468	1304	1299	1131	995	706	582	564	488	331	 17339
01/10/10	Sun	207	94	68	61	50	118	227	310	434	715	943	1107	1180	1170	1185	1119	1017	970	753	569	412	364	292	125	 13490
01/11/10	Mon	94	54	41	57	141	492	1106	1576	1424	1266	1117	1164	1249	1222	1344	1552	1430	1419	1073	695	517	427	343	196	 19999
01/12/10	Tue	98	63	56	76	153	506	1129	1596	1476	1252	1143	1233	1295	1303	1348	1552	1455	1466	1138	715	565	530	345	187	 20680
01/13/10	Wed	103	78	59	73	140	498	1293	1791	1647	1224	1163	1264	1270	1256	1325	1485	1506	1499	1254	710	636	528	423	197	 21422
01/14/10	Thu	100	72	51	85	145	505	1227	1787	1469	1265	1121	1167	1295	1269	1323	1497	1535	1487	1172	769	631	494	346	221	 21033
01/15/10	Fri	88	71	68	77	121	462	1092	1599	1479	1280	1269	1368	1473	1352	1397	1603	1431	1519	1281	873	671	619	533	311	 22037
01/16/10	Sat	192	130	65	71	60	168	347	535	894	1065	1211	1386	1510	1449	1348	1276	1217	1126	994	713	623	556	501	307	 17744
01/17/10	Sun	172	127	99	58	62	131	219	324	540	730	956	998	1126	1213	1153	1099	1054	942	817	575	419	427	326	193	 13760
01/18/10	Mon	102	52	51	65	138	400	923	1226	1235	1166	1239	1341	1421	1393	1342	1488	1490	1343	995	636	542	454	338	172	 19552
01/19/10	Tue	103	53	55	72	163	576	1326	1843	1541	1317	1150	1196	1250	1210	1307	1572	1516	1416	1029	697	606	478	329	170	 20975
01/20/10	Wed	96	58	57	67	157	537	1312	1903	1589	1270	1154	1226	1272	1220	1298	1488	1516	1447	1110	782	600	478	344	212	 21193
01/21/10	Thu	83	66	59	66	159	526	1210	1722	1556	1226	1110	1188	1264	1248	1343	1582	1571	1460	1167	710	597	523	382	185	 21003
01/22/10	Fri	116	86	57	65	136	524	1232	1733	1436	1208	1142	1249	1359	1471	1474	1595	1583	1502	1195	877	654	608	525	323	 22150
01/23/10	Sat	162	91	76	52	69	188	375	588	857	1033	1240	1323	1473	1452	1367	1262	1237	1179	974	687	618	594	507	294	 17698
01/24/10	Sun	180	101	70	66	63	105	217	310	508	743	940	1017	1198	1129	946	948	965	893	675	470	522	374	284	133	 12857
01/25/10	Mon	71	48	37	51	186	522	1189	1684	1503	1240	1120	1234	1215	1206	1292	1524	1496	1425	1053	693	525	426	333	161	 20234
01/26/10	Tue	84	68	60	63	155	518	1212	1746	1327	1285	1179	1135	1232	1234	1299	1619	1495	1531	1123	697	566	458	311	190	 20587
01/27/10	Wed	112	53	47	58	135	514	1234	1743	1621	1207	1143	1177	1248	1248	1266	1639	1595	1500	1081	654	624	439	324	210	 20872
01/28/10	Thu	96	73	65	81	160	533	1284	1677	1510	1127	1049	1103	1218	1132	1275	1518	1460	1397	1041	707	577	555	398	205	 20241
01/29/10	Fri	108	68	58	82	130	480	1121	1611	1551	1298	1267	1346	1041	1331	1446	1517	1574	1480	1299	970	687	657	502	316	 21940
01/30/10	Sat	163	94	71	67	73	167	349	553	880	1122	1216	1381	1485	1446	1353	1251	1274	1212	1044	772	680	556	528	332	 18069
01/31/10	Sun	193	106	65	64	58	136	229	309	538	760	967	1065	1224	1236	1239	1114	1068	1032	769	600	460	392	261	159	 14044
02/01/10	Mon	97	64	32	67	149	511	1168	1721	1584	1179	1199	1189	1323	1279	1335	1397	1508	1398	1051	701	533	459	307	163	 20414
02/02/10	Tue	93	58	45	60	152	532	1259	1823	1542	1325	1080	1191	1258	1254	1291	1583	1550	1457	1136	674	572	490	335	191	 20951
02/03/10	Wed	96	61	45	60	151	554	1306	1799	1696	1252	1203	1152	1306	1228	1319	1537	1523	1494	1101	783	577	493	373	176	 21285
02/04/10	Thu	91	81	50	78	145	536	1272	1864	1625	1194	1128	1176	1247	1266	1290	1472	1467	1387	1080	733	557	510	368	202	 20819
02/05/10	Fri	108	65	55	77	149	457	1153	1729	1530	1272	1214	1246	1371	1465	1479	1694	1575	1510	1230	816	692	633	500	339	 22359
02/06/10	Sat	189	121	59	69	75	170	380	636	918	1108	1231	1365	1464	1369	1412	1276	1293	1189	1154	747	632	559	481	308	 18205
02/07/10	Sun	188	91	58	72	64	111	245	351	492	641	757	849	922	926	953	989	758	519	269	185	398	437	192	87	 10554
02/08/10	Mon	68	48	45	63	164	481	792	820	42	678	845	965	960	998	1084	1262	1202	1154	800	582	445	399	274	156	 14327
02/09/10	Tue	100	61	59	81	163	549	1283	1642	1394	1160	1041	1176	1197	1252	1293	1389	1351	1431	1048	654	574	448	300	191	 19837
02/10/10	Wed	88	57	41	76	139	450	1147	1608	1375	1220	1174	1198	1267	1225	1287	1427	1531	1455	1191	760	623	475	368	187	 20369
02/11/10	Thu	91	67	64	65	136	503	1184	1719	1459	1225	1227	1161	1286	1241	1224	1634	1464	1456	1168	802	676	514	370	210	 20946
02/12/10	Fri	97	67	52	83	141	462	1138	1656	1479	1287	1281	1358	1221	1261	1477	1602	1477	1508	1190	914	676	624	499	356	 21906
02/13/10	Sat	189	104	80	66	64	161	346	629	889	1074	1273	1384	1462	1439	1406	1408	1285	1176	1052	763	609	573	465	377	 18274
02/14/10	Sun	183	92	45	29	20	36	83	110	177	370	750	867	1033	1026	1003	995	947	908	760	577	456	368	304	176	 11315
02/15/10	Mon	85	57	39	69	124	364	783	1138	1082	972	1172	1292	1338	1264	1344	1359	1334	1234	936	640	526	418	303	161	 18034
02/16/10	Tue	101	55	40	59	146	502	1104	1600	1262	1215	1166	1236	1223	1228	1333	1545	1486	1484	1159	735	597	519	304	189	 20288
02/17/10	Wed	118	76	54	74	141	518	1194	1727	1494	1255	1139	1151	1191	1101	1261	1564	1561	1456	1141	703	648	477	343	222	 20609
02/18/10	Thu	102	56	58	77	143	558	1278	1849	1540	1275	1140	1100	1224	1173	1329	1524	1377	1273	723	417	347	326	216	76	 19181
02/19/10	Fri	32	43	66	90	150	469	1162	1582	1285	1104	1091	1177	1166	1160	1315	1507	1405	1137	724	807	607	551	455	303	 19388
02/20/10	Sat	169	97	64	56	65	157	334	566	777	970	1022	1133	1289	1249	1259	1148	1114	1057	886	643	481	517	388	204	 15645
02/21/10	Sun	86	56	20	38	48	112	142	151	331	607	792	903	1133	1036	962	906	947	764	618	461	263	135	201	125	 10837
02/22/10	Mon	62	29	19	38	78	251	477	706	862	1068	1062	1101	1168	1136	1221	1377	1385	1332	966	643	470	347	255	154	 16207
02/23/10	Tue	86	52	82	66	149	495	1784	1808	1293	1588	1120	1129	1228	1221	1331	1508	1410	1425	1139	704	601	501	339	176	 21235
02/24/10	Wed	89	73	54	70	131	493	1172	2445	1804	1262	1161	1187	1269	1350	1385	3166	1440	1541	1119	808	631	496	346	215	 23707
02/25/10	Thu	111	73	67	71	163	570	1349	1903	1647	1242	1866	1382	1504	1208	2548	1594	1514	1486	1116	869	863	585	323	221	 24275
02/26/10	Fri	237	114	78	75	149	498	1233	1971	1924	1260	1251	1292	1284	1177	1370	1651	1544	1568	1403	900	738	677	598	573	 23565
02/27/10	Sat	318	133	198	290	77	286	466	615	973	1082	1247	1318	1542	1472	1374	1395	1321	1234	1109	777	702	640	512	336	 19417
02/28/10	Sun	175	95	69	63	66	142	250	370	533	756	942	1010	1150	1178	1105	995	1076	987	779	566	401	366	242	142	 13458
03/01/10	Mon	89	63	51	64	168	556	1319	1755	1496	1160	1076	1222	1185	1212	1391	1508	1430	1337	1091	687	588	424	330	171	 20373
03/02/10	Tue	122	43	53	67	164	561	1353	1981	1571	1246	1182	1195	1248	1229	1193	1379	1645	1424	1161	720	721	482	312	173	 21225
03/03/10	Wed	118	70	55	71	150	576	1431	1870	1632	1259	1228	1169	1224	1219	1194	1447	1607	1520	1137	743	685	489	367	213	 21474
03/04/10	Thu	122	79	65	80	148	556	2956	1896	1635	1241	1179	1258	1224	1206	1217	1522	1498	1538	1183	788	620	532	356	207	 23106
03/05/10	Fri	112	82	66	71	149	513	1277	1807	1475	1288	1233	1273	1272	1396	1382	1622	1558	1619	1423	890	673	637	491	334	 22643
03/06/10	Sat	210	92	62	63	82	180	409	640	884	974	955	985	947	1009	935	892	875	1036	1085	792	643	603	505	321	 15179
03/07/10	Sun	156	89	66	56	59	122	253	375	534	819	980	1083	1256	1241	1175	1211	1178	1010	849	624	446	363	299	160	 14404
03/09/10	Tue	114	74	49	71	133	566	1384	1915	1642	1313	1164	1185	1279	1195	1220	1564	1598	1544	1253	783	619	535	384	171	 21755
03/10/10	Wed	109	59	53	74	155	536	1372	1885	1685	1318	1221	1209	1261	1236	1207	1640	1603	1566	1220	902	642	575	398	232	 22158
03/11/10	Thu	127	73	58	69	149	512	1344	1893	1643	1297	1126	1132	1260	1240	1266	1409	1615	1611	1267	837	683	571	409	232	 21823
03/12/10	Fri	107	65	60	67	152	500	1290	1879	1732	1315	1330	1284	1360	1284	1318	1721	1463	1593	1509	926	759	697	498	350	 23259
03/13/10	Sat	193	90	69	64	61	157	389	670	960	1272	1350	1424	1511	1430	1486	1443	1398	1356	1293	815	689	620	563	297	 19600
03/15/10	Mon	101	62	37	68	150	483	1231	1759	1553	1202	1095	1164	1250	1202	1268	1461	1485	1411	1156	888	721	586	377	223	 20933
03/16/10	Tue	116	77	58	67	155	524	1320	1882	1726	1278	1166	1245	1336	1224	1273	1517	1641	1519	1291	923	676	595	431	238	 22278
03/17/10	Wed	121	70	66	68	146	493	1290	1927	1666	1335	1172	1271	1354	1285	1186	1384	1564	1566	1312	893	748	636	451	255	 22259
03/18/10	Thu	147	90	69	84	151	517	1267	1789	1624	1274	1237	1293	1341	1315	1412	1464	1613	1665	1373	932	703	622	473	236	 22691
03/19/10	Fri	146	76	67	95	134	470	1072	1525	1269	1011	1004	996	1075	1036	1201	1266	1192	1010	842	589	557	495	397	229	 17754
03/20/10	Sat	162	99	64	79	98	230	322	471	686	885	997	1265	1453	1435	1347	1388	1299	1199	1202	891	713	687	540	340	 17852
03/21/10	Sun	201	110	79	61	58	127	242	343	501	717	1022	1028	1227	1244	1151	1213	1197	1099	928	754	561	436	327	180	 14806
03/22/10	Mon	104	71	52	54	147	510	1270	1801	1546	1235	1168	1246	1303	1225	1366	1612	1600	1524	1241	908	657	533	364	205	 21742
03/23/10	Tue	121	62	70	52	156	524	1290	1846	1601	1239	1232	1230	1333	1244	1428	1634	1511	1456	1001	531	510	375	269	117	 20832
03/24/10	Wed	89	61	47	71	152	393	696	678	621	733	734	775	843	860	925	1016	1134	1160	947	732	615	484	379	211	 14356
03/26/10	Fri	148	64	60	66	142	472	1156	1774	1493	1216	1271	1318	1404	1408	1397	1383	1399	1542	1285	887	663	600	496	309	 21953
03/27/10	Sat	211	86	73	63	62	163	298	500	796	901	1094	1287	1379	1325	1342	1296	1234	1212	1139	815	713	616	518	378	 17501
03/28/10	Sun	231	127	90	68	74	123	246	343	532	811	997	1071	1230	1262	1243	1281	1206	1123	885	695	526	428	337	167	 15096
03/29/10	Mon	107	74	55	68	160	525	1118	1703	1560	1189	1240	1248	1327	1348	1354	1569	1588	1493	1162	841	624	574	394	192	 21513
03/30/10	Tue	117	68	69	68	166	550	1210	1810	1581	1280	1226	1273	1343	1353	1386	1631	1661	1570	1235	925	717	612	438	259	 22548
03/31/10	Wed	127	65	57	70	158	516	1242	1731	1642	1371	1194	1294	1313	1411	1375	1603	1570	1679	1301	923	708	624	432	233	 22639
04/01/10	Thu	135	78	68	67	159	493	1163	1700	1605	1281	1206	1331	1334	1408	1385	1608	1635	1575	1215	958	765	605	473	231	 22478
04/02/10	Fri	150	90	69	63	129	442	1042	1562	1502	1287	1315	1444	1482	1482	1467	1559	1626	1516	1333	1043	760	673	571	342	 22949
04/03/10	Sat	203	129	84	64	79	174	323	527	894	1120	1294	1448	1514	1518	1482	1357	1347	1242	1178	902	698	662	538	349	 19126
04/04/10	Sun	184	115	81	65	64	125	226	377	541	743	964	1022	1184	1153	1061	1050	1074	1052	963	949	733	477	298	166	 14667
04/05/10	Mon	86	39	30	53	149	529	1273	1901	1580	1321	1234	1233	1386	1290	1331	1444	1498	1504	1228	885	637	510	388	222	 21751
04/06/10	Tue	117	67	52	70	159	536	1335	1945	1673	1289	1166	1185	1263	1206	1326	1435	1596	1553	1244	860	655	498	382	208	 21820
04/07/10	Wed	105	61	68	64	156	486	1212	1704	1648	1215	1081	1132	1226	1218	1369	1600	1535	1644	1349	876	707	656	415	214	 21741
04/08/10	Thu	115	71	72	67	152	513	1301	1917	1727	1311	1237	1245	1281	1286	1379	1542	1627	1619	1442	1055	794	646	448	243	 23090
04/09/10	Fri	127	75	52	63	148	485	1227	1846	1596	1301	1373	1385	1421	1368	1089	1269	1644	1620	1407	1105	882	698	521	322	 23024
04/10/10	Sat	185	116	75	70	92	176	433	656	1002	1172	1362	1457	1570	1492	1485	1417	1496	1421	1265	927	733	633	592	339	 20166
04/11/10	Sun	176	116	77	71	69	120	246	397	585	894	1074	1228	1256	1304	1293	1268	1252	1277	1031	764	605	491	291	167	 16052
04/12/10	Mon	94	57	50	68	161	550	1334	1900	1594	1324	1198	1273	1330	1242	1293	1529	1579	1520	1256	907	650	541	367	184	 22001
04/13/10	Tue	103	56	48	60	153	565	1316	1971	1666	1360	1167	1273	1261	1309	1311	1481	1617	1579	1309	846	667	588	365	216	 22287
04/14/10	Wed	100	59	61	74	138	535	1370	1880	1701	1349	1179	1240	1317	1271	1432	1650	1600	1651	1351	1012	764	605	418	267	 23024
04/15/10	Thu	123	79	61	69	138	565	1279	1941	1722	1268	1223	1271	1348	1241	1401	1604	1603	1631	1334	1035	803	707	471	230	 23147
04/16/10	Fri	143	81	66	72	158	496	1222	1864	1629	1273	1224	1409	1446	1339	1489	1619	1585	1611	1600	1155	818	711	531	331	 23872
04/17/10	Sat	203	103	68	53	72	191	428	692	989	1263	1357	1491	1535	1541	1526	1273	1316	1263	1214	879	703	617	493	348	 19618
04/18/10	Sun	211	133	79	62	90	132	288	446	637	859	1146	1232	1285	1319	1338	1271	1265	1166	1048	731	598	408	298	187	 16229
04/19/10	Mon	76	56	47	60	162	565	1289	1919	1596	1344	1230	1229	1280	1249	1439	1559	1578	1586	1285	917	634	503	361	193	 22157
04/20/10	Tue	118	56	61	64	131	543	1436	2012	1608	1286	1182	1233	1264	1172	1313	1560	1574	1615	1325	896	658	571	380	214	 22272
04/21/10	Wed	103	78	58	81	132	540	1288	1945	1682	1372	1018	1220	1298	1194	1402	1503	1517	1628	1289	920	747	612	400	229	 22256
04/22/10	Thu	129	77	60	70	154	516	1288	1858	1644	1291	1109	1193	1265	1362	1289	1501	1522	1515	1220	790	695	588	410	253	 21799
04/23/10	Fri	112	67	62	77	151	470	1187	1635	1509	1192	1055	1228	1181	1183	1338	1476	1500	1423	1228	834	655	658	492	282	 20995
04/24/10	Sat	186	110	76	56	66	177	354	595	867	997	1140	1287	1437	1429	1412	1424	1349	1252	1166	919	815	695	580	353	 18742
04/25/10	Sun	209	114	97	75	62	129	316	455	613	814	1106	1182	1345	1282	1259	1240	1182	1130	907	618	522	406	312	153	 15528
04/26/10	Mon	93	43	43	57	150	505	1318	1919	1646	1278	1211	1180	1253	1262	1436	1541	1508	1555	1349	865	670	558	364	180	 21984
04/27/10	Tue	131	64	61	64	164	545	1408	1979	1658	1282	1228	1270	1285	1275	1222	1537	1747	1654	1386	976	724	586	376	212	 22834
04/28/10	Wed	121	69	49	67	158	523	1387	1893	1628	1398	1251	1265	1321	1260	1263	1525	1770	1660	1494	981	795	609	382	253	 23122
04/29/10	Thu	129	74	56	71	147	509	1314	1905	1668	1250	1228	1213	1264	1263	1401	1510	1595	1582	1254	888	689	625	433	239	 22307
04/30/10	Fri	139	65	62	69	159	531	1283	1870	1566	1341	1310	1332	1307	1473	1479	1605	1697	1675	1477	1009	858	720	593	387	 24007
05/01/10	Sat	239	99	64	70	65	182	404	689	1019	1197	1338	1433	1548	1576	1619	1571	1448	1372	1279	925	798	667	549	362	 20513
05/02/10	Sun	241	144	82	90	75	145	290	403	622	771	1128	1183	1341	1307	1335	1241	1291	1119	924	714	582	477	355	160	 16020
05/03/10	Mon	96	49	42	68	157	553	1326	1940	1645	1337	1188	1202	1300	1318	1450	1586	1624	1632	1349	902	735	562	374	192	 22627
05/04/10	Tue	120	67	45	71	175	562	1381	1940	1735	1323	1215	1211	1289	1296	1398	1588	1605	1582	1411	981	762	628	398	207	 22990
05/05/10	Wed	115	67	48	80	142	549	1427	1906	1688	1329	1214	1268	1346	1309	1484	1691	1638	1724	1508	1005	737	598	444	233	 23550
05/06/10	Thu	129	75	57	72	160	545	1355	1877	1680	1282	1214	1331	1310	1365	1425	1650	1664	1689	1469	955	729	610	431	222	 23296
05/07/10	Fri	109	73	114	64	154	529	1276	1795	1549	1429	1316	1384	1454	1454	1539	1286	1758	1604	1559	1166	888	727	576	368	 24171
05/08/10	Sat	218	116	68	65	76	192	445	713	1062	1257	1428	1511	1664	1638	1598	1514	1503	1383	1234	992	802	678	557	359	 21073
05/09/10	Sun	181	116	87	62	54	122	258	420	605	917	1319	1256	1398	1332	1319	1232	1256	1200	992	834	703	523	373	170	 16729
05/10/10	Mon	101	59	36	68	169	564	1310	1911	1632	1263	1182	1203	1305	1255	1423	1554	1670	1654	1290	856	707	574	368	226	 22380
05/11/10	Tue	124	72	48	70	152	565	1342	1962	1628	1259	1268	1259	1309	1283	1415	1603	1672	1631	1320	800	598	524	351	173	 22428
05/12/10	Wed	109	70	42	71	140	551	1305	1787	1638	1193	1175	1167	1234	1194	1335	1468	1566	1495	1189	838	650	540	402	225	 21384
05/13/10	Thu	137	56	57	74	147	532	1335	1976	1559	1326	1225	1253	1305	1307	1373	1490	1594	1604	1408	890	719	637	456	219	 22679
05/14/10	Fri	134	71	54	93	144	507	1223	1779	1568	1306	1339	1359	1484	1480	1486	1679	1676	1655	1437	987	789	666	586	353	 23855
05/15/10	Sat	249	102	52	55	87	196	446	747	1089	1221	1327	1460	1626	1787	1557	1581	1527	1438	1241	898	775	732	557	341	 21091
05/16/10	Sun	184	129	83	55	96	183	287	471	627	899	1142	1183	1337	1376	1419	1287	1260	1182	1081	833	719	708	364	186	 17091
05/17/10	Mon	106	58	38	64	162	566	1354	1829	1726	1313	1180	1300	1295	1327	1376	1608	1667	1612	1361	955	721	577	394	223	 22812
05/18/10	Tue	127	77	52	69	149	568	1403	1953	1631	1325	1228	1295	1318	1253	1323	1661	1647	1667	1342	952	732	617	403	224	 23016
05/19/10	Wed	140	65	57	81	151	542	1374	1922	1613	1299	1270	1334	1439	1388	1450	1644	1595	1692	1372	965	845	654	443	258	 23593
05/20/10	Thu	136	89	78	76	152	548	1383	1945	1633	1322	1196	1307	1321	1350	1434	1618	1607	1654	1424	1079	860	737	522	276	 23747
05/21/10	Fri	135	77	62	63	147	525	1271	1829	1660	1344	1347	1456	1512	1537	1644	1736	1762	1737	1443	1087	876	828	629	349	 25056
05/22/10	Sat	186	125	81	74	86	189	470	702	1044	1213	1407	1529	1647	1592	1585	1487	1381	1318	1303	991	846	762	550	342	 20910
05/23/10	Sun	215	122	91	80	81	152	318	410	614	854	1101	1241	1346	1391	1290	1318	1258	1211	980	860	645	530	354	226	 16688
05/24/10	Mon	110	71	43	73	169	542	1348	1850	1623	1228	1196	1297	1368	1310	1361	1461	1395	1491	1240	905	790	621	406	206	 22104
05/25/10	Tue	127	73	55	69	168	590	1371	1881	1613	1324	1198	1280	1341	1379	1408	1714	1670	1651	1407	939	760	615	439	260	 23332
05/26/10	Wed	122	82	72	77	147	581	1322	1864	1733	1300	1299	1370	1398	1501	1455	1602	1714	1619	1525	974	832	730	463	249	 24031
05/27/10	Thu	154	86	71	81	155	506	1354	1908	1610	1404	1286	1450	1482	1503	1720	1683	1686	1644	1410	1094	885	800	587	325	 24884
05/28/10	Fri	150	106	69	87	144	496	1220	1725	1588	1437	1521	1616	1548	1513	1655	1643	1759	1634	1450	1083	1011	805	637	400	 25297
05/29/10	Sat	230	133	75	80	84	184	437	628	933	1116	1255	1372	1378	1424	1409	1370	1312	1328	1242	895	729	666	528	406	 19214
05/30/10	Sun	202	116	76	71	83	147	280	412	593	836	1102	1180	1291	1196	1242	1228	1173	1142	948	771	737	589	428	273	 16116
05/31/10	Mon	158	98	52	54	74	217	398	411	645	862	1001	1133	1242	1198	1246	1224	1131	1016	951	800	730	594	370	189	 15794
06/01/10	Tue	103	59	45	70	171	595	1329	1875	1629	1258	1228	1275	1336	1410	1382	1605	1658	1565	1414	977	766	574	426	249	 22999
06/02/10	Wed	134	80	42	83	164	602	1409	1869	1630	1332	1247	1325	1342	1330	1414	1523	1691	1668	1505	1003	883	772	457	272	 23777
06/03/10	Thu	135	79	56	73	156	599	1364	1843	1571	1348	1221	1273	1282	1363	1427	1543	1651	1673	1389	1032	851	699	476	274	 23378
06/04/10	Fri	146	69	60	86	142	531	1328	1763	1595	1382	1375	1377	1464	1515	1458	1620	1765	1625	1526	1068	874	810	632	364	 24575
06/05/10	Sat	232	115	73	69	75	237	532	789	1041	1239	1306	1408	1562	1500	1426	1404	1353	1382	1236	942	747	724	610	359	 20361
06/06/10	Sun	216	127	73	76	80	151	332	453	602	903	1071	1191	1277	1268	1092	1218	1228	1178	950	758	691	603	400	222	 16160
06/07/10	Mon	113	46	53	74	135	567	1360	1779	1619	1349	1201	1265	1354	1337	1408	1551	1553	1515	1354	942	828	647	510	243	 22803
06/08/10	Tue	140	71	66	67	164	607	1341	1848	1639	1335	1235	1369	1374	1410	1491	1575	1661	1615	1410	987	738	642	471	245	 23501
06/09/10	Wed	132	83	63	79	156	605	1353	1805	1675	1312	1229	1369	1341	1373	1527	1835	1704	1752	1604	958	861	757	524	280	 24377
06/10/10	Thu	154	78	69	77	165	597	1263	1843	1669	1409	1315	1384	1398	1344	1488	1507	1669	1600	1385	1012	783	657	572	272	 23710
06/11/10	Fri	159	79	57	88	146	558	1220	1782	1565	1292	1446	1354	1512	1548	1543	1697	1656	1639	1341	989	824	750	611	438	 24294
06/12/10	Sat	218	119	87	76	78	196	443	638	827	1020	1239	1391	1255	1360	1305	1309	1314	1317	1063	840	744	687	519	350	 18395
06/13/10	Sun	212	128	87	63	97	154	262	350	526	742	943	923	1198	1192	1091	1161	1158	1084	913	697	605	482	314	222	 14604
06/14/10	Mon	110	49	44	70	154	559	1348	1764	1577	1271	1187	1301	1412	1410	1476	1457	1615	1469	1219	911	866	606	456	255	 22586
06/15/10	Tue	153	80	63	74	181	598	1388	1879	1663	1330	1277	1366	1489	1428	1475	1573	1694	1535	1349	1040	892	719	510	270	 24026
06/16/10	Wed	164	69	64	71	159	588	1358	1856	1666	1366	1325	1311	1519	1376	1469	1514	1586	1623	1466	960	881	786	520	302	 23999
06/17/10	Thu	170	107	71	79	172	573	1303	1760	1611	1373	1330	1322	1387	1445	1439	1539	1650	1636	1339	992	850	676	552	296	 23672
06/18/10	Fri	166	101	84	94	142	564	1249	1677	1564	1311	1312	1367	1443	1553	1538	1599	1642	1685	1396	1118	918	791	583	400	 24297
06/19/10	Sat	217	122	72	81	104	237	499	684	937	1106	1244	1398	1492	1478	1484	1395	1375	1375	1264	933	792	845	617	381	 20132
06/20/10	Sun	210	149	79	78	84	173	340	431	618	904	1099	1193	1370	1236	1235	1155	1141	1054	996	867	792	631	411	214	 16460
06/21/10	Mon	116	70	50	86	179	551	1277	1710	1668	1306	1358	1371	1293	1416	1462	1463	1549	1558	1292	949	850	687	471	246	 22978
06/22/10	Tue	134	59	60	74	172	626	1312	1793	1692	1361	1214	1353	1342	1305	1430	1563	1616	1681	1357	938	853	650	521	270	 23376
06/23/10	Wed	167	86	58	90	178	603	1320	1784	1701	1287	1250	1357	1436	1390	1432	1549	1606	1660	1442	1001	826	733	519	320	 23795
06/24/10	Thu	172	77	61	81	142	581	1317	1753	1637	1370	1287	1279	1370	1425	1411	1553	1653	1729	1392	1046	891	715	504	272	 23718
06/25/10	Fri	167	97	85	78	145	541	1215	1689	1573	1358	1314	1443	1434	1508	1513	1516	1628	1653	1384	1054	909	766	609	382	 24061
06/26/10	Sat	249	132	100	79	82	232	463	696	926	1122	1260	1374	1404	1355	1305	1310	1273	1273	1133	864	750	707	537	333	 18959
06/27/10	Sun	179	122	77	60	89	163	307	456	650	839	1050	1147	1259	1232	1178	1216	1202	1179	982	759	627	577	398	237	 15985
06/28/10	Mon	116	64	53	58	148	575	1287	1744	1579	1269	1287	1259	1396	1320	1418	1472	1644	1498	1266	931	914	654	459	278	 22689
06/29/10	Tue	156	78	60	73	177	577	1357	1827	1615	1432	1303	1279	1398	1429	1442	1521	1666	1616	1400	1005	867	710	468	317	 23773
06/30/10	Wed	142	69	175	89	164	544	1341	1755	1668	1385	1294	1384	1363	1419	1459	1531	1635	1677	1394	912	909	752	543	297	 23901
07/01/10	Thu	194	89	94	80	163	541	1269	1771	1635	1375	1348	1406	1464	1393	1430	1520	1687	1607	1348	1013	898	721	537	317	 23900
07/02/10	Fri	179	102	73	84	153	482	1144	1558	1498	1346	1385	1454	1448	1537	1579	1635	1707	1560	1264	997	797	760	589	409	 23740
07/03/10	Sat	190	134	70	71	87	215	356	548	826	968	1162	1237	1326	1214	1220	1195	1195	1122	989	841	738	618	662	443	 17427
07/04/10	Sun	189	136	78	79	65	152	239	353	496	734	872	944	1036	1117	939	956	902	832	807	596	639	566	479	309	 13515
07/05/10	Mon	161	63	50	48	83	194	376	506	671	854	984	1130	1216	1215	1252	1189	1177	1118	975	820	718	637	424	216	 16077
07/06/10	Tue	110	55	56	75	179	550	1291	1778	1576	1393	1249	1246	1354	1273	1379	1540	1624	1645	1325	827	696	609	434	255	 22519
07/07/10	Wed	122	61	56	73	146	526	1294	1782	1668	1337	1274	1260	1348	1284	1324	1587	1623	1594	1277	887	727	612	461	286	 22609
07/08/10	Thu	151	93	60	71	162	566	1300	1733	1595	1333	1288	1267	1294	1390	1409	1454	1607	1660	1380	995	769	721	475	269	 23042
07/09/10	Fri	148	85	61	76	150	532	1206	1632	1593	1321	1344	1364	1575	1531	1472	1645	1598	1603	1448	1091	891	762	575	395	 24098
07/10/10	Sat	215	136	87	79	74	225	486	640	952	1133	1302	1379	1438	1346	1423	1398	1289	1323	1131	841	778	768	595	376	 19414
07/11/10	Sun	221	120	83	67	84	172	292	398	591	836	1033	1199	1246	1041	1032	1162	1179	1059	939	770	674	526	339	205	 15268
07/12/10	Mon	108	54	68	59	150	546	1303	1729	1571	1374	1252	1251	1331	1383	1429	1502	1664	1662	1357	969	779	659	445	231	 22876
07/13/10	Tue	111	88	58	63	168	552	1320	1732	1653	1355	1258	1290	1257	1327	1298	1441	1535	1656	1326	932	778	658	494	252	 22602
07/14/10	Wed	147	88	68	83	153	533	1319	1703	1753	1468	1268	1290	1409	1344	1343	1538	1596	1605	1404	978	872	711	466	274	 23413
07/15/10	Thu	141	80	59	81	143	534	1304	1747	1646	1357	1243	1300	1344	1367	1414	1591	1593	1691	1408	1062	852	760	513	308	 23538
07/16/10	Fri	167	79	84	89	153	520	1227	1649	1510	1373	1315	1453	1483	1457	1480	1545	1598	1570	1358	1059	823	800	607	381	 23780
07/17/10	Sat	214	115	93	80	83	228	423	723	1015	1157	1289	1302	1462	1433	1294	1286	1185	1212	1144	893	821	761	550	374	 19137
07/18/10	Sun	225	141	91	79	77	160	278	402	617	828	1048	1086	1238	1183	1188	1166	1122	1057	941	776	704	591	400	251	 15649
07/19/10	Mon	167	55	52	75	160	551	1306	1686	1614	1284	1277	1277	1363	1281	1304	1504	1593	1486	1288	841	734	636	436	232	 22202
07/20/10	Tue	143	62	55	71	180	576	1312	1772	1636	1370	1234	1252	1325	1307	1393	1515	1686	1556	1264	906	676	593	405	268	 22557
07/21/10	Wed	149	83	58	70	164	576	1277	1678	1715	1345	1234	1326	1328	1344	1412	1478	1622	1644	1280	953	808	716	485	318	 23063
07/22/10	Thu	128	94	63	67	155	538	1235	1718	1631	1363	1227	1327	1395	1367	1401	1498	1687	1208	1340	1025	796	625	491	306	 22685
07/23/10	Fri	159	95	70	68	161	499	1174	1667	1569	1316	1295	1411	1467	1467	1477	1526	1575	1539	1329	1070	833	765	542	368	 23442
07/24/10	Sat	217	134	84	62	85	215	398	622	956	1089	1291	1371	1411	1360	1326	1259	1254	1201	1142	889	800	748	584	361	 18859
07/25/10	Sun	243	128	64	67	67	150	299	401	618	808	996	1088	1198	1116	1230	1110	1116	1022	896	756	677	534	431	223	 15238
07/26/10	Mon	131	60	43	77	159	526	1244	1706	1595	1299	1304	1260	1342	1312	1241	1508	1449	1525	1318	872	788	651	414	253	 22077
07/27/10	Tue	163	64	56	82	165	541	1251	1742	1593	1314	1239	1285	1317	1327	1419	1516	1649	1598	1324	918	732	624	460	266	 22645
07/28/10	Wed	151	91	91	83	168	580	1293	1687	1631	1273	1241	1227	1370	1346	1334	1522	1644	1626	1321	986	835	668	487	305	 22960
07/29/10	Thu	151	89	62	82	172	544	1250	1692	1615	1316	1220	1274	1334	1349	1424	1542	1567	1436	1349	1026	779	708	512	291	 22784
07/30/10	Fri	161	98	57	74	177	496	1181	1615	1558	1350	1294	1357	1528	1543	1428	1646	1680	1639	1419	1058	775	733	548	338	 23753
07/31/10	Sat	207	139	70	90	76	195	423	649	887	1146	1333	1348	1472	1388	1306	1307	1322	1208	1208	882	810	710	564	336	 19076
08/01/10	Sun	213	154	104	59	69	197	268	433	600	872	1090	1167	1283	1222	1114	1109	1071	1077	878	804	689	506	382	204	 15565
08/02/10	Mon	127	65	50	67	168	520	1249	1659	1563	1295	1211	1263	1346	1284	1320	1422	1555	1548	1323	945	746	546	383	233	 21888
08/03/10	Tue	128	69	56	75	157	575	1297	1752	1640	1393	1380	1321	1306	1344	1295	1511	1587	1582	1418	959	736	594	441	242	 22858
08/04/10	Wed	158	76	57	73	149	530	1252	1676	1628	1340	1261	1365	1384	1316	1370	1445	1470	1497	1291	848	769	656	463	252	 22326
08/05/10	Thu	130	92	70	69	169	537	1291	1762	1603	1436	1212	1300	1401	1294	1413	1522	1609	1606	1387	1013	784	675	461	280	 23116
08/06/10	Fri	138	77	72	81	155	465	1190	1664	1629	1403	1325	1361	1446	1425	1529	1495	1579	1604	1387	1033	893	729	572	351	 23603
08/07/10	Sat	242	95	65	60	81	210	406	679	959	1144	1285	1293	1333	1336	1274	1303	1309	1096	928	853	796	721	574	394	 18436
08/08/10	Sun	213	115	85	69	78	155	294	380	629	823	951	1147	1234	1189	1174	1106	1131	1086	885	679	646	497	356	212	 15134
08/09/10	Mon	110	46	43	65	170	521	1230	1721	1558	1220	1250	1190	1338	1336	1389	1500	1529	1537	1326	925	720	610	395	270	 21999
08/10/10	Tue	130	56	55	77	161	554	1334	1812	1634	1294	1181	1249	1312	1367	1451	1520	1485	1517	1388	967	787	603	457	267	 22658
08/11/10	Wed	123	73	76	66	158	529	1381	1440	1604	1316	1280	1315	1326	1296	1377	1476	1586	1610	1400	987	877	665	479	293	 22733
08/12/10	Thu	161	92	67	77	153	539	1310	1730	1533	1377	1233	1286	1341	1254	1382	1546	1647	1650	1275	914	793	658	485	268	 22771
08/13/10	Fri	161	80	77	92	157	511	1214	1619	1576	1436	1323	1379	1386	1422	1416	1482	1543	1603	1358	1095	894	749	584	433	 23590
08/14/10	Sat	220	112	83	77	91	236	408	644	937	1213	1230	1493	1463	1383	1383	1383	1328	1263	1124	961	772	680	606	364	 19454
08/15/10	Sun	195	113	80	75	83	138	273	404	594	815	1037	1184	1295	1223	1190	1209	1153	963	876	761	709	478	363	187	 15398
08/16/10	Mon	117	69	44	72	156	531	1318	1709	1544	1379	1211	1247	1330	1291	1310	1404	1565	1505	1249	912	721	579	393	239	 21895
08/17/10	Tue	144	62	60	75	153	562	1353	1864	1641	1395	1274	1260	1365	1336	1367	1578	1614	1522	1348	952	856	619	435	249	 23084
08/18/10	Wed	157	89	50	84	150	584	1376	1816	1680	1364	1215	1253	1325	1386	1383	1485	1612	1623	1374	990	816	676	501	256	 23245
08/19/10	Thu	147	80	68	82	150	559	1346	1860	1548	1346	1223	1256	1312	1284	1390	1608	1562	1550	1348	987	819	608	449	235	 22817
08/20/10	Fri	138	94	60	73	138	518	1293	1707	1501	1340	1339	1357	1494	1471	1432	1658	1638	1542	1400	1097	883	715	564	370	 23822
08/21/10	Sat	201	135	74	74	92	194	410	655	991	1156	1239	1356	1282	1507	1364	1315	1429	1358	1181	929	782	626	582	339	 19271
08/22/10	Sun	229	137	106	67	84	164	265	375	615	876	1083	1177	1177	1231	1109	1166	1154	1067	932	745	629	501	345	167	 15401
08/23/10	Mon	104	61	43	77	145	559	1377	1909	1613	1282	1182	1245	1260	1216	1459	1516	1580	1456	1192	818	641	487	385	201	 21808
08/24/10	Tue	129	70	55	81	152	592	1402	1978	1633	1299	1168	1166	1215	1274	1431	1554	1597	1576	1352	879	767	516	421	246	 22553
08/25/10	Wed	117	62	56	68	143	569	1469	1864	1657	1331	1189	1212	1292	1266	1375	1511	1571	1577	1289	957	771	610	462	242	 22660
08/26/10	Thu	133	81	46	80	148	574	1367	1914	1573	1352	1191	1184	1248	1247	1358	1515	1530	1496	1268	976	886	637	464	250	 22518
08/27/10	Fri	117	100	78	67	147	526	1329	1776	1560	1318	1225	1211	1396	1419	1472	1629	1566	1608	1496	1209	800	699	522	337	 23607
08/28/10	Sat	194	120	69	56	84	194	391	687	1013	1139	1252	1414	1502	1422	1364	1425	1372	1301	1181	938	779	655	520	386	 19458
08/29/10	Sun	173	132	113	73	71	151	268	401	624	847	1152	1187	1299	1249	1138	1172	1252	1007	849	726	600	494	329	164	 15471
08/30/10	Mon	104	41	49	69	144	581	1338	1888	1594	1266	1245	1214	1266	1301	1380	1532	1399	1475	1194	861	637	490	349	189	 21606
08/31/10	Tue	104	62	64	66	147	593	1388	1905	1680	1393	1223	1202	1298	1217	1455	1485	1572	1557	1337	968	789	607	385	217	 22714
09/01/10	Wed	116	63	56	68	168	544	1381	1851	1735	1400	1193	1312	1278	1233	1352	1573	1567	1519	1169	1008	782	599	424	234	 22625
09/02/10	Thu	109	74	62	69	146	548	1376	1895	1627	1367	1216	1254	1272	1341	1358	1550	1601	1591	1275	930	897	611	437	228	 22834
09/03/10	Fri	106	76	92	69	155	520	1233	1698	1578	1384	1344	1411	1513	1486	1501	1709	1610	1501	1381	1039	792	661	565	313	 23737
09/04/10	Sat	186	107	80	70	80	176	363	612	875	1136	1290	1300	1376	1252	1222	1259	1092	1159	1089	831	709	574	443	279	 17560
09/05/10	Sun	160	105	87	61	59	138	231	391	564	789	1002	1041	1193	1159	1111	1017	1009	979	876	724	673	525	427	210	 14531
09/06/10	Mon	157	90	72	70	66	185	268	375	566	757	1084	1152	1252	1240	1238	1166	1186	1057	926	747	595	471	332	146	 15198
09/07/10	Tue	104	47	34	61	156	563	1358	1868	1531	1325	1206	1237	1309	1353	1341	1572	1584	1609	1302	899	659	533	364	187	 22202
09/08/10	Wed	122	55	49	67	137	587	1427	1852	1701	1284	1203	1158	1318	1247	1363	1556	1609	1634	1405	931	737	607	430	208	 22687
09/09/10	Thu	122	55	63	71	141	569	1351	1900	1652	733	1105	1273	1316	1385	1354	1553	1526	1533	1220	963	830	620	403	217	 21955
09/10/10	Fri	137	81	59	69	155	519	1349	1811	1545	1378	1255	1357	1420	1376	1484	1676	1642	1605	1433	1071	804	864	598	441	 24129
09/11/10	Sat	170	106	83	64	85	203	428	725	1020	1158	1329	1392	1435	1450	1468	1345	1375	1235	1227	879	720	645	510	308	 19360
09/12/10	Sun	168	94	65	53	67	153	300	406	628	840	1066	1040	1137	1088	1136	1075	1084	995	927	715	573	441	292	146	 14489
09/13/10	Mon	77	52	42	87	143	554	1388	1910	1604	1224	1119	1148	1306	1276	1354	1561	1466	1554	1238	841	633	431	362	174	 21544
09/14/10	Tue	134	65	63	64	154	584	1434	1878	1581	1296	1187	1192	1185	1274	1316	1539	1533	1584	1295	971	685	546	377	231	 22168
09/15/10	Wed	129	64	52	69	163	567	1405	1873	1716	1309	1122	1222	1230	1225	1313	1477	1561	1616	1414	1039	686	607	397	209	 22465
09/16/10	Thu	128	60	56	69	168	526	1341	1938	1700	1375	1219	1281	1279	1257	1383	1590	1559	1614	1352	1045	782	624	399	238	 22983
09/17/10	Fri	140	80	52	76	167	510	1280	1813	1514	1356	1325	1320	1401	1401	1468	1621	1617	1585	1409	1104	835	964	564	327	 23929
09/18/10	Sat	202	99	70	61	77	205	379	688	999	1094	1310	1408	1424	1419	1341	1453	1306	1328	1266	913	682	651	506	295	 19176
09/19/10	Sun	176	87	68	63	64	151	289	427	599	953	1139	1230	1337	1274	1066	1012	935	1025	914	761	556	413	276	145	 14960
09/20/10	Mon	83	53	43	80	130	581	1352	1895	1504	1274	1103	1191	1276	1261	1328	1549	1551	1556	1209	911	618	506	350	158	 21562
09/21/10	Tue	109	59	50	59	144	596	1426	1935	1631	1358	1134	1177	1223	1294	1387	1542	1498	1552	1274	852	676	580	350	205	 22111
09/22/10	Wed	111	63	55	56	158	576	1405	1826	1358	1363	1108	1199	1260	1263	1320	1563	1581	1498	1288	896	677	580	409	219	 21832
09/23/10	Thu	118	67	40	82	159	546	1365	1764	1544	1295	1163	1185	1324	1214	1387	1629	1582	1549	1365	1021	740	583	491	213	 22426
09/24/10	Fri	139	99	60	65	148	507	1239	1606	1448	1318	1296	1362	1466	1435	1474	1650	1540	1597	1415	1158	811	910	573	356	 23672
09/25/10	Sat	193	112	81	63	70	203	418	733	1013	1184	1288	1435	1464	1514	1385	1373	1307	1253	1279	913	751	625	591	433	 19681
09/26/10	Sun	179	105	77	68	51	144	249	386	598	861	1088	1226	1310	1211	1054	964	935	991	897	781	548	405	311	138	 14577
09/27/10	Mon	83	49	33	65	147	545	1361	1774	1539	1305	1126	1204	1280	1215	1336	1521	1484	1455	1164	913	617	498	355	188	 21257
09/28/10	Tue	123	58	53	56	160	588	1399	1823	1333	949	1244	1178	1206	1206	1353	1526	1518	1662	1400	873	680	530	386	220	 21524
09/29/10	Wed	97	65	49	65	157	583	1433	1880	1662	1351	1185	1200	1309	1268	1338	1665	1679	1585	1307	902	713	568	427	219	 22707
09/30/10	Thu	112	77	57	70	157	559	1381	1836	1562	1298	1211	1215	1268	1288	1369	1487	1531	1596	1420	1025	704	660	437	220	 22540
10/01/10	Fri	117	65	62	82	138	505	1293	1798	1518	1336	1339	1366	1524	1502	1526	1553	1591	1545	1465	1003	758	784	559	324	 23753
10/02/10	Sat	158	116	92	55	85	181	395	760	1105	1320	1309	1427	1585	1616	1496	1454	1380	1412	1252	964	726	647	499	344	 20378
10/03/10	Sun	209	114	90	75	73	215	404	475	705	975	1114	1147	1268	1216	1120	1227	1155	1177	1004	778	522	385	283	130	 15861
10/04/10	Mon	78	53	47	65	140	557	1345	1796	1534	1320	1197	1305	1326	1200	1341	1532	1439	1493	1189	911	628	457	327	182	 21462
10/05/10	Tue	132	59	63	59	159	591	1378	1897	1590	1380	1169	1186	1262	1210	1434	1580	1523	1525	1316	872	651	475	357	190	 22058
10/06/10	Wed	123	68	57	65	160	574	1358	1880	1614	1338	1159	1210	1247	1207	1311	1598	1559	1593	1312	986	672	536	415	214	 22256
10/07/10	Thu	119	74	55	68	181	561	1353	1852	1544	1321	1181	1245	1277	1257	1320	1517	1567	1513	1368	919	662	531	404	212	 22101
10/08/10	Fri	111	67	73	90	145	518	1229	1715	1534	1336	1274	1336	1394	1375	1452	1559	1653	1589	1462	1033	807	684	477	313	 23226
10/09/10	Sat	158	102	74	67	77	173	412	706	1001	1174	1319	1443	1491	1530	1431	1198	1239	1289	1197	921	732	661	501	309	 19205
10/10/10	Sun	191	102	73	72	52	133	230	383	612	782	1025	962	1126	1024	1082	1063	1064	958	857	662	522	381	285	150	 13791
10/11/10	Mon	82	31	45	75	141	533	1183	1620	1513	1202	1185	1149	1262	1248	1326	1515	1470	1505	1203	758	569	492	327	176	 20610
10/12/10	Tue	125	62	58	77	155	603	1323	1935	1607	1304	1137	1140	1214	1184	1285	1447	1393	1403	1179	818	700	519	380	189	 21237
10/13/10	Wed	118	74	63	68	163	562	1373	1850	1734	1518	1201	1256	1312	1259	1326	1575	1576	1570	1323	881	683	536	401	215	 22637
10/15/10	Fri	126	82	73	81	144	503	1111	1662	1574	1383	1234	1302	1349	1387	1347	1475	1625	1587	1543	1126	761	798	634	398	 23305
10/16/10	Sat	205	110	73	65	72	183	359	653	938	1210	1336	1416	1548	1561	1455	1413	1380	1311	1222	979	700	712	531	308	 19740
10/17/10	Sun	191	130	59	70	72	168	240	358	568	793	1085	1127	1269	1215	1107	1030	939	1142	943	660	552	409	263	174	 14564
10/18/10	Mon	85	42	43	76	139	501	1290	1716	1503	1232	1103	1115	1226	1187	1375	1543	1424	1525	1177	677	590	420	356	200	 20545
10/19/10	Tue	126	83	70	68	127	489	1286	1723	1545	1321	1119	1212	1265	1191	1304	1532	1463	1524	1356	905	630	508	384	200	 21431
10/20/10	Wed	119	64	52	66	127	511	1313	1762	1604	1287	1221	1223	1239	1293	1312	1559	1495	1410	1457	870	722	559	411	241	 21917
10/21/10	Thu	114	79	61	70	136	497	1224	1772	1642	1314	1216	1180	1237	1198	1279	1552	1579	1540	1285	888	706	604	457	206	 21836
10/22/10	Fri	129	96	62	78	137	471	1174	1649	1513	1221	1218	1310	1314	1285	1248	1499	1391	1490	1429	928	726	601	512	358	 21839
10/23/10	Sat	202	121	58	74	76	183	325	587	866	898	998	1021	1009	985	975	1008	956	986	965	785	664	553	551	337	 15183
10/24/10	Sun	194	113	72	69	56	115	239	289	517	822	939	1072	1262	1205	1048	1048	984	1001	914	669	480	424	245	182	 13959
10/25/10	Mon	85	60	54	75	130	507	1180	1636	1455	1139	1213	1117	1156	1231	1227	1285	1284	1310	1066	662	587	465	353	179	 19456
10/26/10	Tue	136	61	58	68	115	538	1177	1662	1534	1307	1130	1179	1257	1278	1282	1519	1484	1512	1239	742	596	528	378	213	 20993
10/27/10	Wed	110	69	51	63	141	481	1214	1561	1525	1249	1121	1252	1279	1266	1352	1562	1503	1563	1293	820	642	565	412	203	 21297
10/28/10	Thu	142	75	60	70	106	511	1174	1600	1566	1290	1254	1220	1240	1304	1293	1643	1560	1573	1404	873	700	636	420	224	 21938
10/29/10	Fri	155	93	68	54	122	468	1071	1573	1475	1215	1290	1301	1322	1426	1467	1725	1509	1586	934	733	646	526	428	328	 21515
10/30/10	Sat	218	141	86	71	75	173	307	522	892	1043	1172	1210	1269	1387	1389	1250	1255	1082	1172	867	707	668	531	344	 17831
10/31/10	Sun	229	172	116	94	61	131	214	315	519	748	988	967	984	982	1041	1046	1014	934	786	602	731	527	294	166	 13661
11/01/10	Mon	92	63	41	79	146	533	1243	1710	1522	1225	1132	1149	1247	1255	1309	1582	1414	1365	1208	749	519	476	376	195	 20630
11/02/10	Tue	126	58	59	76	132	553	1287	1801	1596	1313	846	1016	1226	1248	1262	1525	1479	1470	1316	776	577	473	346	216	 20777
11/03/10	Wed	119	57	56	66	132	525	1344	1811	1566	1311	1135	1180	1171	1191	1237	1613	1541	1544	1367	833	585	503	388	236	 21511
11/04/10	Thu	133	68	60	65	130	511	1260	1899	1554	1326	1165	1151	1222	1206	1281	1503	1494	1626	1489	925	625	562	401	186	 21842
11/05/10	Fri	138	68	74	70	134	509	1179	1779	1473	1346	1191	1282	1395	1412	1456	1558	1512	1617	1326	1002	724	790	580	334	 22949
11/06/10	Sat	208	110	73	74	65	192	343	578	877	1083	1157	1178	1406	1361	1266	1325	1278	1318	1152	781	610	628	553	334	 17950
11/07/10	Sun	180	109	47	60	59	120	264	398	675	941	1097	1133	1350	1219	1200	1215	1152	983	780	621	473	353	267	139	 14835
11/08/10	Mon	67	50	42	72	143	550	1215	1452	1564	1358	1115	1235	1198	1107	797	1372	1390	1483	1086	668	517	432	324	168	 19405
11/09/10	Tue	143	63	65	59	137	586	1400	1943	1625	1276	1135	1191	1225	1196	1295	1561	1279	1223	934	605	476	407	275	171	 20270
11/10/10	Wed	103	65	57	59	139	540	1318	1681	1638	1282	1168	1136	1257	1233	1286	1478	1558	1486	1100	739	607	523	398	194	 21045
11/11/10	Thu	139	62	56	71	132	478	1148	1673	1418	1150	1134	1119	1218	1158	1189	1455	1488	1350	1049	722	565	480	358	188	 19800
11/12/10	Fri	136	54	74	63	133	482	1027	1069	1601	1261	1214	1274	1351	1331	1345	1604	1608	1648	1303	866	716	759	529	354	 21802
11/13/10	Sat	207	103	92	63	85	172	340	524	893	1148	1324	1433	1417	1380	1459	1399	1424	1325	1101	708	594	573	451	340	 18555
11/14/10	Sun	216	129	84	67	54	138	245	311	549	793	972	1056	1322	1178	1144	1046	1083	946	821	613	515	352	283	136	 14053
11/15/10	Mon	70	45	41	61	126	564	1283	1801	1532	1324	1123	1139	1238	1217	1254	1535	1462	1325	1029	704	524	465	360	174	 20396
11/16/10	Tue	121	80	59	68	144	572	1286	1920	1633	1289	1149	1159	1263	1226	1228	1613	1043	927	710	515	487	352	323	184	 19351
11/17/10	Wed	106	76	48	71	135	466	974	1730	1569	1170	1080	1152	1228	1229	1202	1370	1465	1524	1170	770	642	516	376	199	 20268
11/18/10	Thu	139	68	61	72	147	572	1304	1780	1625	1313	1146	1170	1225	1214	1252	1528	1543	1576	1213	739	696	555	395	216	 21549
11/19/10	Fri	132	62	117	78	134	513	1202	1727	1610	1271	1213	1275	1452	1369	1432	1472	1512	1617	1373	932	682	616	482	320	 22593
11/20/10	Sat	183	128	107	60	87	193	337	584	906	1209	1232	1227	1407	1355	1276	1244	1363	1207	1046	722	650	626	533	296	 17978
11/21/10	Sun	206	106	84	53	59	131	228	358	562	774	968	1088	1142	1121	1117	1028	1138	1016	768	559	450	368	282	158	 13764
11/22/10	Mon	78	57	46	87	128	548	1215	1812	1561	1229	1151	1215	1285	1284	1255	1433	1445	1481	1096	732	561	490	377	216	 20782
11/23/10	Tue	118	64	73	98	142	566	1209	1714	1562	1348	1231	1285	1335	1370	1312	1404	1511	1404	1233	843	646	546	382	250	 21646
11/24/10	Wed	164	86	75	78	147	487	1013	1379	1361	1328	1375	1305	1347	1356	1391	1394	1500	1278	1027	767	673	520	450	290	 20791
11/25/10	Thu	160	105	73	47	61	112	171	198	319	541	724	842	955	965	704	648	794	828	915	820	818	712	503	231	 12246
11/26/10	Fri	191	154	112	129	190	375	656	745	868	1016	1116	1258	1276	1202	1259	1099	1291	1163	887	678	592	524	451	233	 17465
11/27/10	Sat	162	103	68	63	73	157	284	416	667	876	1018	1143	1280	1269	1229	1431	1259	1160	953	655	592	564	468	289	 16179
11/28/10	Sun	165	112	68	56	62	136	221	296	471	729	906	1010	1214	1098	1082	1066	1054	903	773	528	444	322	251	128	 13095
11/29/10	Mon	76	40	51	82	151	525	1289	1576	1397	1183	994	1075	1101	1070	1240	1452	1288	1249	1021	653	516	403	349	190	 18971
12/01/10	Wed	124	72	51	69	141	564	1293	1774	1582	1301	1146	1102	1169	1228	1315	1553	1493	1452	1236	767	628	499	393	234	 21186
12/02/10	Thu	128	56	59	73	131	543	1273	1804	1599	1360	1121	1170	1231	1168	1213	1428	1519	1488	1254	812	660	556	431	213	 21290
12/03/10	Fri	135	82	62	69	155	535	1303	1803	1596	1361	1212	1222	1279	1283	1393	1519	1550	1649	1402	890	728	687	496	356	 22767
12/04/10	Sat	197	108	70	67	74	174	367	596	915	1127	1220	1232	1474	1470	1345	1349	1401	1241	1020	751	603	626	527	289	 18243
12/05/10	Sun	187	113	62	60	54	129	245	365	550	759	909	919	1024	1015	1106	1140	1105	990	783	575	512	343	278	160	 13383
12/06/10	Mon	93	37	48	64	151	529	1303	1853	1566	1233	1079	1096	1148	1239	1238	1526	1467	1419	1067	698	621	490	359	187	 20511
12/07/10	Tue	146	71	59	73	147	585	1330	1864	1633	1262	1106	1129	1169	1138	1282	1418	1519	1141	1103	762	576	524	396	196	 20629
12/08/10	Wed	116	69	60	66	138	520	1316	1711	1663	1267	1119	1170	1253	1198	1305	1436	1477	1499	1167	802	668	588	427	237	 21272
12/09/10	Thu	132	67	58	77	142	513	1289	1783	1541	1290	1097	1183	1220	1215	1314	1508	1447	1474	1182	760	691	574	445	250	 21252
12/10/10	Fri	124	61	75	74	135	479	1178	1766	1573	1272	1196	1260	1379	1265	1447	1516	1537	1537	1306	898	694	671	560	346	 22349
12/11/10	Sat	197	123	64	75	83	175	333	577	849	1045	1265	1308	1448	1378	1286	1311	1372	1333	1124	764	633	701	608	368	 18420
12/12/10	Sun	202	116	74	65	60	113	194	311	555	773	952	992	1202	1148	1123	1123	1154	987	841	626	527	377	325	146	 13986
12/13/10	Mon	87	54	37	75	153	499	1280	1772	1496	1264	1091	1074	1241	1176	1254	1596	1461	1392	1079	763	599	506	361	238	 20548
12/14/10	Tue	136	72	69	64	152	572	1252	1769	1615	1257	1087	1176	1252	1282	1298	1553	1513	1513	1194	782	618	491	392	206	 21315
12/15/10	Wed	132	71	65	69	141	547	1240	1670	1577	1293	1177	1273	1331	1377	1339	1476	1561	1507	1179	805	594	549	401	230	 21604
12/16/10	Thu	143	83	63	73	149	559	1226	1593	1431	1325	1182	1310	1281	1245	1276	1326	1481	1398	1163	842	631	608	431	233	 21052
12/17/10	Fri	164	88	84	78	154	495	1125	1611	1555	1213	1289	1487	1392	1395	1418	1506	1424	1464	1270	967	802	784	572	385	 22722
12/18/10	Sat	243	139	95	90	68	195	330	502	809	1067	1191	1244	1449	1458	1376	1376	1325	1294	1107	768	710	725	622	378	 18561
12/19/10	Sun	230	115	91	72	57	143	201	304	511	808	946	991	1183	1163	1148	1140	1144	1115	884	685	561	503	356	224	 14575
12/20/10	Mon	103	63	53	69	123	471	1106	1481	1469	1232	1264	1323	1373	1353	1376	1488	1522	1498	1188	797	630	591	450	257	 21280
12/21/10	Tue	155	96	77	69	124	495	1111	1462	1515	1216	1236	1239	1316	1347	1425	1451	1506	1514	1135	820	732	581	440	279	 21341
12/22/10	Wed	158	95	77	83	139	455	1084	1428	1436	1312	1235	1393	1405	1403	1404	1500	1538	1486	1210	922	715	639	511	298	 21926
12/23/10	Thu	183	100	71	77	118	434	886	1219	1216	1170	1297	1376	1517	1580	1487	1592	1434	1318	1162	822	736	634	575	336	 21340
12/24/10	Fri	189	115	92	84	90	182	357	453	696	966	1085	1297	1377	1352	1349	1357	1139	1077	863	614	646	620	535	280	 16815
12/25/10	Sat	177	90	50	43	43	89	139	130	237	413	505	632	702	692	720	711	733	762	735	750	690	604	415	244	 10306
12/26/10	Sun	138	67	52	30	56	123	195	285	438	663	891	1042	1221	1153	1072	957	977	929	777	593	473	471	329	238	 13170
12/27/10	Mon	129	89	53	75	112	378	825	1101	1162	1063	1040	1166	1230	1259	1295	1360	1441	1272	1087	699	578	495	417	192	 18518
12/28/10	Tue	134	80	60	59	129	440	929	1205	1344	1171	1157	1186	1288	1260	1268	1381	1407	1412	976	762	629	534	438	224	 19473
12/29/10	Wed	140	88	69	65	126	453	962	1280	1302	1245	1192	1366	1342	1339	1353	1394	1459	1410	1146	840	647	602	426	284	 20530
12/30/10	Thu	140	100	87	74	128	413	875	1178	1272	1248	1278	1319	1284	1177	1106	1006	992	834	615	403	391	364	331	175	 16790
12/31/10	Fri	119	89	88	96	113	235	391	451	513	598	720	796	866	957	967	968	982	865	798	671	521	424	389	199	 12816