01/01/10	Fri	419	336	241	145	100	123	144	246	306	450	596	805	875	999	1014	1025	924	812	701	556	476	417	347	238	 12295
01/02/10	Sat	145	81	98	65	76	149	250	450	593	740	929	1134	1231	1377	1295	1416	1314	1061	937	759	645	528	423	307	 16003
01/03/10	Sun	220	158	125	77	74	115	170	327	430	562	837	966	1127	1125	1065	1015	881	944	793	584	436	407	277	172	 12887
01/04/10	Mon	110	73	60	84	110	302	886	1412	1189	948	1024	1073	1218	1264	1428	1577	1761	1960	1474	901	659	523	354	210	 20600
01/05/10	Tue	133	75	64	67	109	345	936	1475	1237	1009	971	1134	1266	1283	1456	1565	1775	1900	1440	980	683	557	375	221	 21056
01/06/10	Wed	120	76	86	57	138	331	854	1351	1280	934	886	1094	1143	1154	1290	1329	1445	1131	1104	875	564	431	350	200	 18223
01/07/10	Thu	139	122	69	87	132	311	646	1048	1004	898	878	973	996	1130	1326	1578	1679	1880	1523	883	705	513	430	223	 19173
01/08/10	Fri	125	88	84	80	89	316	892	1556	1277	1069	1050	1229	1320	1372	1586	1677	1746	1820	1531	1093	753	629	531	314	 22227
01/09/10	Sat	286	168	123	83	90	168	301	575	779	890	1161	1243	1438	1557	1523	1442	1397	1302	1003	801	623	581	541	304	 18379
01/10/10	Sun	230	169	138	84	54	94	214	322	531	633	847	1017	1165	1362	1285	1270	1204	949	779	625	447	406	277	172	 14274
01/11/10	Mon	95	80	64	64	116	358	890	1565	1242	1027	1024	1096	1187	1157	1437	1580	1741	1761	1403	894	622	541	372	204	 20520
01/12/10	Tue	123	85	64	68	114	338	983	1578	1297	1019	1017	1151	1229	1404	1495	1662	1748	1699	1466	1014	738	585	397	207	 21481
01/13/10	Wed	128	85	70	74	121	366	905	1452	1334	1023	1059	1165	1296	1328	1525	1685	1734	1745	1546	980	706	659	467	206	 21659
01/14/10	Thu	138	95	74	72	102	347	941	1443	1291	975	982	1099	1192	1258	1479	1688	1735	1816	1410	945	759	607	362	244	 21054
01/15/10	Fri	132	91	94	74	96	348	854	1435	1242	1053	1100	1271	1379	1475	1566	1748	1758	1806	1337	994	755	671	566	360	 22205
01/16/10	Sat	244	149	111	90	71	168	271	558	804	912	1034	1248	1434	1424	1429	1441	1440	1279	1040	807	619	629	540	316	 18058
01/17/10	Sun	251	182	135	77	61	102	163	289	512	627	849	920	1135	1269	1282	1226	1130	950	796	589	501	463	318	228	 14055
01/18/10	Mon	113	95	54	61	119	293	699	1033	1053	930	1086	1152	1253	1445	1580	1600	1688	1698	1262	781	614	517	324	228	 19678
01/19/10	Tue	109	71	56	65	118	362	911	1532	1177	993	938	1175	1219	1239	1419	1557	1821	1778	1447	945	705	588	366	212	 20803
01/20/10	Wed	111	69	70	83	109	362	889	1599	1225	976	994	1179	1178	1213	1384	1636	1720	1807	1473	1009	837	600	373	206	 21102
01/21/10	Thu	130	99	75	61	122	360	901	1496	1207	934	993	1094	1196	1299	1482	1582	1838	1862	1486	912	707	632	431	248	 21147
01/22/10	Fri	138	69	106	84	111	345	884	1446	1227	973	1044	1114	1303	1411	1621	1767	1757	1795	1399	962	706	693	556	311	 21822
01/23/10	Sat	221	164	106	92	88	180	282	559	712	891	1017	1307	1442	1456	1437	1326	1327	1257	1039	822	605	586	531	349	 17796
01/24/10	Sun	253	170	141	82	66	114	155	288	496	604	850	965	1207	1193	1112	1111	1028	834	650	524	545	465	292	149	 13294
01/25/10	Mon	89	69	65	64	117	356	920	1453	1220	1020	1043	1103	1134	1275	1332	1577	1739	1844	1374	883	638	516	358	185	 20374
01/26/10	Tue	107	89	58	61	128	390	886	1575	1206	975	934	1127	1218	1264	1426	1655	1767	1944	1440	914	696	584	383	195	 21022
01/27/10	Wed	112	64	62	73	108	367	917	1364	1318	1002	980	1103	1193	1183	1473	1509	1724	1836	1381	896	755	575	370	239	 20604
01/28/10	Thu	127	93	67	82	116	343	818	1401	1095	922	927	1014	1194	1187	1348	1561	1718	1856	1382	922	730	657	437	213	 20210
01/29/10	Fri	133	82	74	77	99	353	868	1346	1300	1047	1137	1215	1349	1443	1516	1795	1864	1789	1246	952	799	761	528	356	 22129
01/30/10	Sat	246	150	129	85	84	154	283	572	749	898	1111	1299	1486	1459	1562	1531	1406	1173	1105	886	679	543	513	320	 18423
01/31/10	Sun	227	163	143	77	68	114	163	338	498	628	862	1017	1236	1315	1354	1330	1203	1028	807	588	527	449	272	177	 14584
02/01/10	Mon	104	58	54	73	127	334	861	1466	1259	1039	948	1128	1256	1255	1499	1629	1712	1830	1377	883	668	509	357	166	 20592
02/02/10	Tue	111	79	57	65	108	367	943	1460	1153	996	990	1092	1222	1315	1502	1641	1804	1891	1403	859	735	602	391	206	 20992
02/03/10	Wed	108	60	51	66	129	352	914	1393	1298	951	1000	1157	1190	1289	1410	1582	1763	1885	1412	964	790	608	384	259	 21015
02/04/10	Thu	146	85	60	69	117	342	874	1429	1183	963	1041	1132	1270	1322	1419	1622	1683	1721	1510	973	743	597	402	215	 20918
02/05/10	Fri	135	109	74	87	97	363	950	1462	1281	969	1061	1223	1402	1423	1622	1699	1857	1848	1426	995	788	711	564	357	 22503
02/06/10	Sat	243	133	125	90	67	163	314	596	745	885	1114	1292	1509	1442	1483	1490	1402	1279	1024	785	675	605	531	355	 18347
02/07/10	Sun	198	160	152	82	62	112	193	305	480	541	779	868	1000	1040	1064	1264	923	530	378	358	340	412	233	148	 11622
02/08/10	Mon	94	73	72	95	145	311	678	1149	545	782	816	900	907	992	1264	1414	1632	1633	1223	734	583	457	344	178	 17021
02/09/10	Tue	124	81	66	72	133	370	875	1325	1160	935	972	1097	1160	1186	1370	1657	1754	1905	1409	946	756	654	385	198	 20590
02/10/10	Wed	109	68	54	74	106	354	911	1455	1301	1056	1059	1101	1239	1301	1482	1712	1862	1843	1409	1024	848	605	385	226	 21584
02/11/10	Thu	134	91	62	76	120	336	897	1473	1239	941	1005	1189	1258	1332	1462	1683	1847	1889	1527	1012	776	581	385	276	 21591
02/12/10	Fri	148	92	92	89	100	365	895	1483	1209	1017	1117	1241	1381	1353	1505	1740	1922	1776	1327	960	802	647	506	324	 22091
02/13/10	Sat	216	136	118	72	88	165	280	591	823	913	1126	1329	1450	1596	1524	1476	1388	1187	1042	812	654	547	478	333	 18344
02/14/10	Sun	227	174	110	63	46	92	132	184	375	507	728	799	1071	1211	1112	1154	1085	895	770	657	520	470	324	204	 12910
02/15/10	Mon	145	85	57	74	137	302	686	946	1035	945	1048	1231	1349	1336	1451	1550	1622	1629	1193	890	633	541	338	190	 19413
02/16/10	Tue	129	64	63	77	147	373	937	1607	1134	959	1005	1193	1260	1357	1426	1650	1763	1930	1519	964	713	573	368	216	 21427
02/17/10	Wed	115	84	62	81	111	389	988	1596	1303	954	964	1113	1185	1278	1381	1645	1803	2009	1470	971	771	615	379	227	 21494
02/18/10	Thu	123	89	58	67	120	347	903	1629	1253	967	1017	1171	1233	1279	1408	1599	1601	1583	1232	731	668	524	312	158	 20072
02/19/10	Fri	101	85	71	105	142	335	856	1224	1205	874	918	1044	1181	1248	1415	1635	1786	1802	1229	891	749	598	496	338	 20328
02/20/10	Sat	250	130	116	95	89	156	273	530	747	786	1003	1151	1283	1361	1306	1355	1232	1162	940	750	589	477	484	337	 16602
02/21/10	Sun	167	97	91	62	73	91	148	291	439	545	780	834	1050	1186	1040	1036	1089	931	652	576	455	323	197	145	 12298
02/22/10	Mon	113	72	52	56	90	302	720	1072	1085	896	957	1012	1120	1188	1322	1577	1785	1842	1437	838	682	577	334	257	 19386
02/23/10	Tue	129	74	59	61	130	371	1021	1580	1301	994	997	1094	1238	1250	1468	1644	1778	1814	1566	989	746	622	375	206	 21507
02/24/10	Wed	131	70	65	83	109	392	982	1473	1504	1010	1004	1102	1220	1273	1396	1603	1826	1894	1590	1062	796	692	394	223	 21894
02/25/10	Thu	144	90	73	70	121	370	943	1511	1173	955	1023	1206	1204	1248	1451	1594	1750	1816	1358	918	798	581	375	220	 20992
02/26/10	Fri	136	89	75	93	125	351	920	1448	1147	1024	1052	1306	1424	1503	1649	1834	1811	1915	1413	1003	821	737	563	370	 22809
02/27/10	Sat	273	140	132	76	95	157	288	675	843	948	1066	1329	1488	1579	1571	1519	1396	1320	1120	867	717	618	567	350	 19134
02/28/10	Sun	228	168	120	78	73	101	182	357	471	650	884	951	1308	1361	1194	1141	1116	964	759	609	532	401	268	164	 14080
03/01/10	Mon	121	76	54	58	121	367	860	1444	1110	916	1014	1046	1194	1253	1415	1646	1822	1924	1439	936	663	528	366	206	 20579
03/02/10	Tue	121	71	41	64	138	371	989	1609	1229	914	1006	1211	1336	1354	1497	1737	1889	1904	1548	967	752	573	346	202	 21869
03/03/10	Wed	106	83	56	59	130	373	995	1519	1253	979	1042	1209	1306	1364	1530	1683	1935	1882	1425	972	791	552	398	210	 21852
03/04/10	Thu	152	101	60	63	108	354	1036	1484	1160	979	1043	1210	1211	1380	1629	1822	1899	1840	1428	912	729	581	424	228	 21833
03/05/10	Fri	138	68	78	73	120	353	934	1447	1260	1004	1097	1229	1266	1462	1514	1765	1868	1682	1349	954	764	776	542	354	 22097
03/06/10	Sat	216	158	108	69	91	145	353	713	891	986	1197	1362	1620	1597	1635	1481	1521	1252	1057	752	645	558	520	301	 19228
03/07/10	Sun	197	160	152	69	64	111	199	407	522	650	932	1107	1392	1625	1441	1470	1274	1009	745	590	465	382	244	177	 15384
03/09/10	Tue	160	79	45	64	129	347	975	1696	1369	1044	1154	1209	1257	1364	1487	1668	1853	2198	1677	1061	824	685	431	232	 23008
03/10/10	Wed	132	88	62	62	106	364	978	1521	1424	1019	1114	1177	1280	1377	1486	1716	2088	2116	1684	1038	930	725	410	244	 23141
03/11/10	Thu	144	105	72	65	118	351	998	1615	1246	1022	1059	1183	1281	1380	1504	1728	2079	2078	1552	1106	867	708	539	264	 23064
03/12/10	Fri	164	95	80	69	125	366	969	1614	1281	1084	1229	1313	1494	1490	1662	1838	2155	2172	1708	1174	969	752	605	416	 24824
03/13/10	Sat	284	172	118	87	89	159	305	683	927	1082	1260	1467	1584	1707	1695	1675	1625	1491	1260	935	777	686	571	422	 21061
03/15/10	Mon	117	83	48	62	128	323	881	1337	1229	954	1016	1091	1227	1308	1502	1671	1964	2155	1705	1143	877	697	394	223	 22135
03/16/10	Tue	174	83	69	65	117	349	936	1396	1362	1047	1073	1196	1353	1420	1568	1726	2022	2177	1777	1174	908	746	495	263	 23496
03/17/10	Wed	163	110	57	77	107	335	952	1522	1322	1097	1087	1229	1337	1415	1513	1727	1985	2164	1751	1206	984	777	506	295	 23718
03/18/10	Thu	184	142	100	76	123	343	963	1435	1355	1142	1156	1194	1421	1462	1614	1802	2040	2096	1744	1245	973	806	509	345	 24270
03/19/10	Fri	179	126	89	93	94	324	779	1122	1124	859	894	1031	1068	1229	1324	1301	1274	1215	1067	675	582	443	364	285	 17541
03/20/10	Sat	178	135	102	72	95	149	244	427	548	756	950	1186	1341	1444	1308	1548	1349	1416	1267	1048	779	771	576	428	 18117
03/21/10	Sun	272	199	138	89	77	137	166	334	485	657	888	1068	1241	1471	1424	1496	1325	1267	1003	784	601	483	376	216	 16197
03/22/10	Mon	129	82	71	80	112	331	914	1559	1308	1086	1079	1207	1324	1388	1554	1786	2069	2246	1723	1083	844	585	376	229	 23165
03/23/10	Tue	176	92	54	66	135	336	916	1556	1330	1023	1077	1267	1330	1400	1469	1693	1890	1812	1237	716	602	387	277	160	 21001
03/24/10	Wed	128	81	47	71	95	225	463	593	613	617	610	683	801	918	966	1198	1394	1494	1148	920	715	552	442	229	 15003
03/26/10	Fri	171	112	76	77	104	355	889	1500	1243	1068	1115	1286	1460	1542	1553	1788	1968	1996	1550	1021	745	678	596	348	 23241
03/27/10	Sat	227	121	127	74	88	143	265	492	729	869	1101	1253	1394	1500	1441	1484	1416	1383	1138	980	802	633	546	447	 18653
03/28/10	Sun	275	218	155	93	66	123	183	327	605	634	943	502	1060	1421	1464	1484	1307	1164	1062	847	615	525	330	254	 15657
03/29/10	Mon	123	94	55	63	103	344	896	1494	1188	1091	1100	1222	1339	1379	1508	1738	1988	2154	1595	1074	788	658	404	247	 22645
03/30/10	Tue	149	77	58	75	113	334	976	1645	1328	1041	1161	1218	1366	1422	1605	1797	1914	2043	1739	1250	862	746	489	315	 23723
03/31/10	Wed	180	88	74	63	107	348	943	1542	1414	999	1165	1210	1361	1362	1583	1758	2003	2194	1654	1182	944	757	516	291	 23738
04/01/10	Thu	169	107	70	69	119	288	1002	1527	1314	1010	1131	1319	1295	1441	1533	1764	1945	2078	1698	1188	893	780	491	295	 23526
04/02/10	Fri	179	95	79	78	92	279	886	1316	1221	1098	1320	1475	1551	1653	1637	1941	1996	1919	1597	1151	943	795	673	376	 24350
04/03/10	Sat	277	147	133	79	89	146	282	691	862	1068	1294	1428	1514	1613	1691	1557	1632	1506	1192	984	839	728	567	418	 20737
04/04/10	Sun	249	185	160	94	91	86	199	350	548	676	1015	1138	1420	1459	1259	1257	1177	979	902	852	640	552	315	199	 15802
04/05/10	Mon	104	76	48	51	112	338	969	1417	1331	1058	1123	1229	1287	1299	1483	1776	2077	2247	1724	1149	821	609	443	226	 22997
04/06/10	Tue	131	82	54	66	108	313	1001	1468	1301	1066	1054	1201	1316	1323	1490	1811	2016	2101	1724	1079	808	700	447	283	 22943
04/07/10	Wed	154	76	61	70	107	343	890	1428	1311	921	900	1086	1194	1292	1436	1757	2070	2291	1756	1251	932	758	493	279	 22856
04/08/10	Thu	142	119	74	77	118	306	990	1662	1389	1031	1063	1185	1307	1455	1536	1845	2139	2145	1751	1342	1055	799	503	285	 24318
04/09/10	Fri	209	123	70	85	116	352	979	1699	1371	1104	1212	1297	1442	1571	1660	1850	1978	2117	1814	1246	995	911	672	378	 25251
04/10/10	Sat	243	167	125	76	82	166	347	762	967	1135	1300	1551	1632	1756	1656	1723	1695	1555	1167	951	812	749	601	446	 21664
04/11/10	Sun	252	191	155	151	65	115	207	393	634	795	1037	1207	1469	1575	1475	1508	1554	1410	1123	911	630	532	341	218	 17948
04/12/10	Mon	118	96	50	63	113	347	963	1585	1355	1020	1072	1196	1346	1316	1458	1820	2028	2227	1730	1177	829	672	434	227	 23242
04/13/10	Tue	127	70	49	50	122	351	1041	1676	1355	1041	1101	1190	1318	1308	1559	1749	1987	2161	1818	1173	845	737	483	237	 23548
04/14/10	Wed	138	80	52	73	119	362	1056	1531	1494	1056	1128	1225	1371	1364	1497	1830	2046	2215	1749	1272	990	754	502	297	 24201
04/15/10	Thu	160	92	63	77	119	324	1088	1632	1331	1079	1099	1218	1362	1392	1541	1771	2030	2175	1744	1285	1067	824	536	312	 24321
04/16/10	Fri	173	88	58	82	102	355	1063	1633	1376	1097	1161	1383	1457	1480	1612	2010	2083	2207	1581	1222	926	802	647	360	 24958
04/17/10	Sat	246	150	124	82	88	155	354	713	1014	1067	1363	1464	1617	1685	1555	1565	1512	1388	1170	971	773	704	524	428	 20712
04/18/10	Sun	328	193	167	102	78	121	171	379	633	846	1117	1246	1457	1563	1479	1584	1456	1259	1055	842	688	486	341	270	 17861
04/19/10	Mon	127	78	60	71	112	366	986	1664	1368	1049	1164	1266	1347	1358	1543	1777	2067	2135	1774	1096	838	675	365	242	 23528
04/20/10	Tue	206	88	50	76	118	354	1076	1706	1353	1038	1068	1155	1342	1348	1489	1788	1969	2186	1657	1218	876	814	452	308	 23735
04/21/10	Wed	168	82	66	68	107	363	1065	1539	1574	1051	1095	1217	1343	1365	1509	1618	1914	2096	1721	1224	948	771	467	230	 23601
04/22/10	Thu	175	106	63	68	112	362	1024	1629	1224	954	1076	1283	1314	1323	1425	1833	1962	2030	1560	1009	926	723	469	260	 22910
04/23/10	Fri	156	102	67	75	109	320	907	1377	1316	1001	980	1128	1388	1487	1486	1674	1961	1889	1431	1050	752	728	532	364	 22280
04/24/10	Sat	235	148	113	83	88	128	251	587	812	879	1068	1368	1456	1545	1587	1614	1585	1464	1269	1008	815	733	579	475	 19890
04/25/10	Sun	317	190	150	109	77	128	205	391	574	764	1133	1212	1367	1517	1520	1407	1279	1126	1013	837	634	453	321	188	 16912
04/26/10	Mon	108	83	46	62	109	370	954	1693	1272	1024	1066	1171	1358	1369	1536	1707	2053	2134	1755	1134	830	641	449	228	 23152
04/27/10	Tue	133	93	62	66	125	385	1054	1754	1368	1095	1096	1246	1358	1415	1551	1805	2046	2210	1819	1195	933	718	484	223	 24234
04/28/10	Wed	171	76	58	87	116	425	1024	1621	1387	1242	1112	1275	1356	1395	1593	1691	2104	2196	1872	1247	1003	757	463	294	 24565
04/29/10	Thu	184	108	65	70	134	358	944	1664	1391	1030	1043	1195	1342	1387	1505	1787	1982	2148	1756	1140	967	693	488	266	 23647
04/30/10	Fri	141	96	84	76	115	356	1078	1690	1383	1126	1276	1338	1473	1517	1603	1917	1979	2052	1706	1244	953	857	635	436	 25131
05/01/10	Sat	281	169	121	79	70	169	368	737	970	1106	1357	1531	1615	1723	1710	1711	1562	1540	1260	1037	814	710	661	462	 21763
05/02/10	Sun	331	216	143	110	67	134	212	424	600	801	1084	1289	1423	1545	1469	1507	1385	1137	937	830	643	522	382	181	 17372
05/03/10	Mon	129	86	67	60	117	391	1050	1711	1320	1056	1015	1048	1430	1383	1582	1845	2099	2269	1733	1153	869	659	405	224	 23701
05/04/10	Tue	143	79	59	78	117	410	1101	1758	1266	1128	1083	1265	1330	1450	1566	1800	2066	2162	1785	1264	984	772	445	252	 24363
05/05/10	Wed	140	67	54	75	113	408	1113	1901	1889	1220	1118	1309	1381	1485	1564	1634	2093	2202	1745	1272	1020	794	541	262	 25400
05/06/10	Thu	170	123	62	82	123	399	1114	1638	1381	1154	1125	1306	1358	1492	1513	1757	1990	2086	1787	1199	956	793	535	311	 24454
05/07/10	Fri	164	85	91	84	110	396	1069	1661	1382	1134	1215	1482	1462	1510	1694	2078	2286	2103	1676	1223	798	743	505	368	 25319
05/08/10	Sat	296	157	147	77	99	189	410	834	1012	1245	1509	1613	1722	1788	1843	1800	1627	1526	1350	1079	878	742	621	465	 23029
05/09/10	Sun	274	166	130	89	71	140	234	423	677	908	1199	1328	1566	1662	1571	1531	1365	1197	1005	940	705	566	398	218	 18363
05/10/10	Mon	161	77	55	61	113	394	1075	1703	1270	1112	1225	1246	1312	1362	1485	1719	1969	2221	1682	1077	872	744	447	279	 23661
05/11/10	Tue	172	88	52	69	145	397	1083	1773	1312	1116	1021	1277	1318	1430	1549	1686	1919	1951	1661	1085	803	611	431	211	 23160
05/12/10	Wed	171	82	44	69	121	349	872	1558	1179	1020	966	1062	1226	1362	1499	1500	2088	2054	1565	1120	900	740	432	229	 22208
05/13/10	Thu	188	127	61	70	129	378	1040	1611	1332	1102	1073	1179	1301	1383	1533	1738	1980	2059	1887	1237	926	795	435	286	 23850
05/14/10	Fri	178	103	85	67	127	408	1052	1568	1350	1062	1213	1342	1502	1458	1648	1839	1944	2023	1604	1131	928	909	566	361	 24468
05/15/10	Sat	277	190	112	69	94	219	369	791	972	1165	1480	1634	1791	1739	1674	1635	1656	1477	1331	1020	870	826	588	403	 22382
05/16/10	Sun	302	192	162	84	81	147	247	416	664	837	1067	1251	1527	1575	1360	1485	1519	1340	1095	973	768	574	393	238	 18297
05/17/10	Mon	126	95	46	78	139	435	1079	1680	1367	1086	1115	1219	1421	1414	1515	1726	1976	2284	1724	1126	878	655	415	264	 23863
05/18/10	Tue	162	87	54	73	141	411	1130	1670	1335	1103	1134	1212	1303	1369	1517	1658	2171	2172	1693	1178	873	652	403	262	 23763
05/19/10	Wed	173	105	65	59	123	427	1087	1711	1368	1152	1181	1296	1365	1401	1565	1680	2021	2202	1716	1181	1049	772	522	291	 24512
05/20/10	Thu	194	112	88	89	127	453	1104	1701	1345	1029	1185	1304	1397	1490	1656	1831	2042	2174	1746	1223	1073	785	568	332	 25048
05/21/10	Fri	243	146	85	78	134	415	1057	1774	1408	1212	1298	1355	1584	1588	1736	1973	2180	2178	1543	1232	1034	896	653	454	 26256
05/22/10	Sat	275	179	143	81	108	220	419	796	1099	1217	1474	1569	1616	1755	1572	1357	1651	1507	1268	1063	924	774	652	481	 22200
05/23/10	Sun	324	193	147	105	87	171	237	456	670	803	1175	1252	1470	1533	1504	1465	1418	1289	1087	911	699	564	369	273	 18202
05/24/10	Mon	143	99	66	72	142	397	1085	1636	1307	1187	1131	1236	1299	1419	1507	1772	2047	2151	1722	1069	886	673	424	256	 23726
05/25/10	Tue	161	101	53	59	164	432	1131	1672	1405	1150	1151	1307	1406	1440	1552	1789	1963	2125	1800	1180	926	736	570	285	 24558
05/26/10	Wed	188	126	65	75	164	418	1070	1694	1396	1185	1243	1300	1433	1418	1592	1796	2144	2279	1689	1175	1045	810	591	328	 25224
05/27/10	Thu	234	138	76	81	168	437	1082	1757	1634	1183	1313	1370	1511	1587	1611	1805	2013	2102	1879	1507	1195	961	607	398	 26649
05/28/10	Fri	216	126	93	74	143	454	1045	1713	1433	1332	1451	1610	1581	1645	1851	2116	2124	1981	1524	1234	1016	880	711	507	 26860
05/29/10	Sat	313	174	150	94	142	222	389	733	955	1115	1339	1462	1431	1486	1454	1470	1470	1301	1200	1018	772	793	645	467	 20595
05/30/10	Sun	232	181	142	89	99	159	244	468	656	817	1069	1151	1310	1416	1322	1328	1341	1312	1034	907	765	687	491	325	 17545
05/31/10	Mon	203	109	99	69	82	181	287	424	615	812	1095	1211	1356	1452	1389	1409	1208	1133	973	866	713	616	383	266	 16951
06/01/10	Tue	135	87	47	71	133	429	1119	1504	1333	1138	1141	1287	1371	1394	1599	1746	2071	2237	1804	1187	896	691	491	280	 24191
06/02/10	Wed	182	86	59	76	144	428	1100	1634	1374	1165	1156	1317	1382	1409	1606	1842	2111	2126	1816	1277	1101	768	567	295	 25021
06/03/10	Thu	169	107	63	80	139	430	1065	1533	1305	1090	1114	1318	1461	1466	1577	1789	2082	2203	1714	1300	1051	816	549	311	 24732
06/04/10	Fri	220	127	86	82	142	461	1115	1533	1441	1266	1214	1439	1465	1533	1659	1728	2166	2127	1715	1199	1046	936	642	473	 25815
06/05/10	Sat	336	205	130	87	102	225	463	863	952	1160	1334	1497	1506	1617	1585	1593	1547	1441	1361	1059	934	941	638	435	 22011
06/06/10	Sun	288	179	161	95	85	164	237	470	650	783	1081	1213	1367	1467	1410	1390	1354	1202	1087	899	765	615	434	267	 17663
06/07/10	Mon	149	93	77	69	143	453	1038	1562	1302	1172	1183	1198	1339	1428	1514	1715	1971	2151	1734	1138	983	798	522	273	 24005
06/08/10	Tue	163	121	70	65	152	462	1169	1616	1361	1202	1145	1361	1418	1582	1573	1812	2012	2257	1735	1255	898	731	537	276	 24973
06/09/10	Wed	182	89	75	74	151	464	1095	1626	1347	1118	1217	1265	1430	1467	1545	1645	2003	2087	1796	1342	1055	858	677	355	 24963
06/10/10	Thu	217	139	85	66	166	424	1052	1648	1288	1207	1289	1275	1395	1564	1504	1713	1992	2107	1737	1401	988	874	570	332	 25033
06/11/10	Fri	205	121	98	87	123	445	1024	1480	1283	1175	1389	1373	1520	1602	1657	1838	2006	1981	1678	1165	913	852	610	471	 25096
06/12/10	Sat	250	184	136	106	88	183	347	695	796	976	1170	1363	1431	1464	1389	1507	1445	1344	1119	939	804	721	600	414	 19471
06/13/10	Sun	243	177	142	95	126	171	210	352	536	636	886	1076	1231	1306	1290	1371	1273	1056	931	715	617	472	373	243	 15528
06/14/10	Mon	139	107	64	71	146	422	957	1468	1217	1125	1139	1266	1427	1429	1500	1661	2048	2177	1725	1208	913	784	451	278	 23722
06/15/10	Tue	146	129	57	70	150	437	1118	1485	1300	1143	1196	1297	1430	1486	1563	1760	2019	1983	1858	1276	1010	904	493	335	 24645
06/16/10	Wed	169	119	75	75	134	439	1100	1559	1267	1244	1212	1272	1422	1515	1543	1737	2024	2136	1770	1294	1079	966	551	323	 25025
06/17/10	Thu	211	123	81	80	152	430	1051	1510	1365	1134	1189	1322	1457	1446	1577	1682	2004	2140	1723	1284	1064	859	697	332	 24913
06/18/10	Fri	210	131	101	84	142	427	1035	1539	1347	1201	1237	1375	1496	1541	1637	1782	2009	2286	1664	1284	1014	975	734	500	 25751
06/19/10	Sat	337	194	145	77	126	180	469	777	898	1152	1260	1393	1390	1517	1488	1595	1611	1427	1312	1029	940	960	748	454	 21479
06/20/10	Sun	308	213	164	85	85	158	251	453	609	791	1040	1137	1323	1503	1340	1362	1311	1215	1050	896	849	649	425	268	 17485
06/21/10	Mon	175	102	56	90	129	436	995	1500	1333	1102	1206	1278	1401	1504	1439	1725	1946	2152	1750	1171	974	780	506	276	 24026
06/22/10	Tue	154	90	45	72	145	434	1070	1432	1289	1178	1178	1258	1445	1458	1505	1680	1966	2188	1666	1265	1015	875	660	322	 24390
06/23/10	Wed	206	105	77	91	132	429	1042	1497	1434	1158	1169	1284	1456	1409	1507	1702	1989	2091	1688	1218	1075	853	579	381	 24572
06/24/10	Thu	205	136	96	63	127	438	1067	1467	1337	1192	1188	1316	1469	1433	1457	1710	1956	2031	1657	1269	976	901	608	377	 24476
06/25/10	Fri	283	126	97	76	142	444	1037	1405	1318	1226	1261	1280	1552	1499	1499	1883	2002	2071	1594	1198	986	863	646	447	 24935
06/26/10	Sat	314	213	150	85	117	226	431	791	858	1060	1173	1320	1330	1280	1331	1298	1415	1303	1166	900	714	729	549	419	 19172
06/27/10	Sun	290	187	149	92	87	147	225	450	617	823	1057	1227	1296	1400	1368	1378	1401	1172	1023	728	663	571	438	283	 17072
06/28/10	Mon	166	113	55	87	139	415	1016	1482	1301	1121	1243	1286	1344	1433	1450	1707	1883	1981	1624	1199	799	688	486	261	 23279
06/29/10	Tue	165	109	75	75	140	422	1098	1538	1330	1138	1111	1333	1400	1457	1538	1697	1969	2139	1741	1342	1021	851	538	306	 24533
06/30/10	Wed	196	118	109	118	112	423	1107	1511	1340	1171	1222	1353	1477	1456	1552	1778	2015	2144	1763	1319	858	751	532	309	 24734
07/01/10	Thu	225	133	87	94	132	455	1016	1433	1375	1227	1241	1288	1466	1470	1504	1733	1905	2207	1746	1275	1007	881	626	313	 24839
07/02/10	Fri	211	120	103	91	141	431	1029	1360	1217	1190	1279	1418	1472	1552	1726	1769	1901	1729	1372	1226	892	850	685	423	 24187
07/03/10	Sat	268	170	144	92	107	190	359	655	728	950	1164	1250	1313	1418	1283	1333	1272	1279	1057	891	773	644	733	585	 18658
07/04/10	Sun	284	201	129	100	76	130	199	351	500	647	842	953	1076	1166	1113	1157	1120	885	751	594	568	501	663	408	 14414
07/05/10	Mon	221	130	73	56	100	180	341	546	645	768	988	1156	1278	1282	1348	1388	1409	1274	1157	935	778	714	462	247	 17476
07/06/10	Tue	166	76	59	68	127	440	1055	1404	1192	1094	1155	1266	1501	1473	1484	1749	1913	2102	1683	1125	886	716	485	287	 23506
07/07/10	Wed	176	112	82	63	143	408	1011	1427	1248	1186	1151	1207	1241	1378	1495	1557	2003	2136	1668	1160	947	720	578	317	 23414
07/08/10	Thu	210	114	91	72	141	434	1034	1429	1207	1162	1073	1269	1359	1418	1589	1643	1986	2212	1690	1184	938	756	542	303	 23856
07/09/10	Fri	177	121	82	73	131	434	1043	1425	1259	1149	1230	1419	1493	1556	1603	1818	1999	2091	1668	1260	954	872	655	486	 24998
07/10/10	Sat	265	169	128	94	103	217	405	724	939	1062	1229	1326	1587	1536	1528	1467	1391	1300	1103	936	851	845	658	438	 20301
07/11/10	Sun	293	195	175	94	85	158	236	441	635	864	1088	1113	1259	1270	1158	1368	1402	1037	846	848	737	504	316	261	 16383
07/12/10	Mon	125	98	75	72	154	438	1082	1439	1321	1136	1100	1253	1341	1444	1419	1745	2038	2294	1742	1272	896	739	413	293	 23929
07/13/10	Tue	172	95	74	86	140	457	1085	1490	1239	1175	1157	1138	1345	1401	1420	1653	1979	2200	1803	1185	1074	753	501	288	 23910
07/14/10	Wed	160	98	86	94	132	473	1110	1451	1271	1158	1184	1288	1373	1486	1459	1661	2069	2194	1788	1203	1050	802	527	332	 24449
07/15/10	Thu	197	128	68	94	153	444	1077	1458	1299	1222	1147	1303	1479	1469	1494	1697	1978	2129	1716	1291	1055	852	573	351	 24674
07/16/10	Fri	223	130	109	102	134	459	1073	1432	1302	1205	1207	1293	1428	1481	1603	1774	1967	1938	1567	1311	1009	912	607	419	 24685
07/17/10	Sat	288	209	152	104	112	274	448	752	896	1136	1225	1384	1351	1515	1449	1402	1398	1324	1205	1024	821	793	631	402	 20295
07/18/10	Sun	304	215	157	94	72	143	261	418	652	773	964	1118	1277	1379	1322	1259	1313	1088	1013	950	771	651	470	281	 16945
07/19/10	Mon	164	89	85	86	142	412	1031	1421	1173	1131	1132	1285	1316	1344	1399	1710	2057	2171	1717	1164	903	743	445	256	 23376
07/20/10	Tue	154	114	69	79	142	432	1101	1454	1253	1159	1126	1266	1343	1421	1505	1721	2044	2057	1807	1246	863	712	468	290	 23826
07/21/10	Wed	172	99	59	77	148	425	1043	1488	1308	1180	1061	1348	1409	1376	1545	1585	1944	2109	1733	1219	1079	887	540	319	 24153
07/22/10	Thu	228	153	78	91	144	417	1003	1491	1247	1193	1125	1288	1331	1410	1489	1700	1969	2168	1708	1295	1023	812	515	339	 24217
07/23/10	Fri	182	131	96	105	122	415	1043	1424	1301	1173	1187	1301	1482	1510	1576	1764	2064	1941	1635	1186	989	894	636	465	 24622
07/24/10	Sat	252	198	151	84	109	194	380	709	872	1036	1145	1200	1340	1376	1377	1375	1399	1351	1223	968	838	815	658	438	 19488
07/25/10	Sun	283	205	166	94	85	136	264	412	617	737	986	1046	1228	1355	1284	1338	1234	1130	1000	851	745	636	428	271	 16531
07/26/10	Mon	153	111	59	88	138	411	1023	1378	1256	1093	1096	1215	1345	1340	1450	1695	2001	2061	1710	1185	1020	748	439	261	 23276
07/27/10	Tue	153	115	70	79	147	445	1076	1658	1448	1147	1134	1352	1323	1397	1448	1771	2065	2122	1617	1264	917	776	517	260	 24301
07/28/10	Wed	193	82	88	91	144	423	1118	1457	1362	1181	1085	1282	1344	1379	1415	1749	1912	2088	1694	1220	1076	809	581	334	 24107
07/29/10	Thu	289	155	88	105	140	463	1019	1485	1286	1164	1115	1232	1350	1448	1473	1721	2007	2125	1631	1409	1051	763	517	332	 24368
07/30/10	Fri	200	124	90	90	138	424	1086	1450	1274	1197	1222	1272	1460	1439	1614	1793	2036	2083	1443	1262	905	807	638	502	 24549
07/31/10	Sat	335	196	146	82	109	191	411	765	785	1035	1195	1472	1381	1519	1437	1459	1420	1290	1253	961	885	862	661	418	 20268
08/01/10	Sun	297	193	164	100	82	147	257	484	667	814	1000	1122	1249	1296	1258	1304	1318	1219	967	855	693	548	438	259	 16731
08/02/10	Mon	146	100	78	91	144	420	1036	1438	1204	1083	1166	1272	1340	1324	1324	1689	2040	2223	1684	1179	902	621	444	258	 23206
08/03/10	Tue	147	87	66	80	133	443	1065	1513	1269	1176	1150	1240	1347	1393	1492	1788	1963	2128	1691	1212	908	750	595	301	 23937
08/04/10	Wed	174	112	82	84	138	461	1100	1477	1300	1141	1119	1242	1306	1389	1401	1674	1805	1957	1584	1150	867	714	464	296	 23037
08/05/10	Thu	180	151	93	96	136	442	1068	1492	1378	1208	1127	1278	1372	1454	1519	1816	2114	2210	1747	1235	892	794	487	315	 24604
08/06/10	Fri	213	113	99	104	145	440	1077	1441	1296	1134	1302	1322	1463	1585	1532	1870	2044	2127	1493	1172	939	843	597	420	 24771
08/07/10	Sat	276	186	127	95	105	229	404	694	927	999	1122	1228	1226	1350	1397	1333	1342	1617	1463	1157	901	823	580	438	 20019
08/08/10	Sun	275	197	155	123	97	143	260	436	632	728	1033	1094	1214	1329	1276	1232	1314	1208	986	811	664	523	395	227	 16352
08/09/10	Mon	145	79	76	76	123	424	1016	1529	1257	1048	1114	1263	1348	1419	1439	1490	2183	2073	1665	1132	827	673	425	271	 23095
08/10/10	Tue	161	111	81	83	148	451	1104	1566	1186	1126	1139	1212	1408	1390	1527	1708	2035	2102	1709	1213	1015	753	459	320	 24007
08/11/10	Wed	165	106	76	87	125	443	1085	1426	1284	1138	1138	1276	1301	1505	1572	1639	2020	2137	1690	1287	1011	876	487	341	 24215
08/12/10	Thu	188	142	75	79	137	421	1089	1491	1357	1139	1189	1251	1345	1422	1520	1744	2051	2142	1623	1224	1028	790	535	353	 24335
08/13/10	Fri	204	131	98	86	128	433	1052	1509	1347	1087	1157	1293	1426	1471	1532	1788	2115	2030	1560	1299	959	851	669	516	 24741
08/14/10	Sat	304	167	163	88	113	193	410	790	916	983	1150	1378	1437	1514	1456	1514	1577	1436	1140	995	825	733	668	475	 20425
08/15/10	Sun	294	215	152	91	93	144	254	416	590	715	987	1158	1262	1439	1334	1371	1253	1169	992	827	740	603	391	322	 16812
08/16/10	Mon	234	105	67	75	132	426	1123	1562	1226	1018	1187	1237	1322	1361	1459	1695	2049	2178	1608	1158	849	665	434	249	 23419
08/17/10	Tue	167	95	81	63	139	451	1144	1590	1315	1078	1156	1264	1412	1377	1510	1819	1991	2287	1793	1238	1005	737	459	310	 24481
08/18/10	Wed	174	115	78	75	129	443	1144	1693	1311	1121	1078	1184	1398	1398	1549	1741	2153	2282	1732	1219	998	756	478	309	 24558
08/19/10	Thu	202	137	94	89	154	443	1078	1709	1279	1071	1132	1275	1279	1453	1591	1749	2068	2190	1741	1241	949	740	449	300	 24413
08/20/10	Fri	184	116	79	76	126	424	1042	1715	1324	1124	1239	1307	1465	1505	1735	1905	1994	2081	1584	1210	1040	866	640	406	 25187
08/21/10	Sat	288	160	155	81	88	175	436	765	887	1130	1151	1402	1470	1493	1463	1435	1411	1332	1187	955	871	777	711	522	 20345
08/22/10	Sun	274	179	154	93	74	133	232	413	599	778	969	1154	1338	1417	1291	1327	1276	1160	961	873	716	572	367	222	 16572
08/23/10	Mon	142	79	80	79	132	445	1059	1680	1223	1057	1129	1196	1313	1346	1471	1714	2064	2217	1647	1067	778	650	427	247	 23242
08/24/10	Tue	126	105	66	69	135	461	1071	1706	1282	1022	1057	1151	1264	1325	1487	1767	2075	2151	1725	1277	938	754	470	244	 23728
08/25/10	Wed	152	81	65	84	127	481	1122	1651	1293	1090	1094	1217	1302	1393	1464	1728	1977	2288	1713	1285	1040	755	472	268	 24142
08/26/10	Thu	161	108	67	91	117	469	1117	1708	1332	1013	1067	1213	1320	1323	1444	1742	2015	2142	1830	1279	1003	777	472	325	 24135
08/27/10	Fri	183	96	91	75	141	408	1098	1694	1375	1094	1180	1262	1362	1427	1597	2010	2132	2162	1558	1177	965	799	621	424	 24931
08/28/10	Sat	276	179	147	100	94	200	378	769	878	1114	1306	1428	1452	1441	1517	1535	1490	1329	1249	1061	786	796	666	441	 20632
08/29/10	Sun	264	188	155	101	76	145	242	425	620	757	1006	1107	1274	1347	1268	1303	1334	1279	1015	810	659	624	490	247	 16736
08/30/10	Mon	138	63	51	70	135	432	1058	1715	1309	1013	1098	1158	1274	1403	1480	1730	2094	2265	1565	1140	791	625	385	210	 23202
08/31/10	Tue	139	67	56	86	112	442	1117	1790	1305	1036	1160	1196	1300	1441	1493	1711	2131	2234	1775	1311	960	683	408	243	 24196
09/01/10	Wed	178	100	58	88	121	447	1185	1614	1452	1152	1076	1208	1290	1381	1563	1751	2058	2180	1706	1211	985	785	471	274	 24334
09/02/10	Thu	178	114	72	84	116	447	1124	1673	1261	1095	1124	1187	1272	1357	1568	1791	2062	2145	2282	1518	1012	817	468	275	 25042
09/03/10	Fri	174	114	84	77	109	443	1085	1537	1415	1114	1091	1351	1524	1556	1694	1986	2067	1892	1578	1155	909	791	586	407	 24739
09/04/10	Sat	287	169	127	86	98	198	364	644	819	976	1158	1291	1361	1409	1297	1412	1310	1222	1063	938	747	681	543	359	 18559
09/05/10	Sun	255	178	119	82	63	144	211	389	555	708	919	1035	1197	1303	1296	1201	1139	1028	909	811	697	618	483	315	 15655
09/06/10	Mon	202	113	85	66	83	167	252	460	565	719	955	1115	1230	1270	1359	1327	1302	1165	882	799	623	501	326	205	 15771
09/07/10	Tue	95	59	57	59	121	433	1097	1610	1233	1094	1107	1201	1402	1315	1485	1814	2054	2131	1667	1173	874	686	470	250	 23487
09/08/10	Wed	146	85	63	67	131	429	1111	1733	1279	1164	1080	1242	1259	1305	1480	1794	2085	2241	1850	1148	962	740	486	230	 24110
09/09/10	Thu	165	111	61	73	142	426	1146	1711	1259	1094	1036	1146	1391	1381	1532	1720	2101	2216	1791	1207	933	712	498	276	 24128
09/10/10	Fri	173	99	75	76	125	436	1126	1617	1338	1209	1259	1286	1431	1549	1590	1921	2079	2108	1723	1252	949	889	644	385	 25339
09/11/10	Sat	232	148	109	89	108	191	398	769	976	1108	1287	1450	1548	1583	1456	1522	1493	1297	1175	992	845	766	607	360	 20509
09/12/10	Sun	247	171	146	93	71	152	217	398	648	777	1044	1051	1195	1306	1164	1321	1200	1185	1045	873	606	490	344	214	 15958
09/13/10	Mon	98	61	51	67	145	404	1082	1620	1236	985	1080	1156	1274	1405	1378	1734	2034	2128	1680	1062	797	605	424	237	 22743
09/14/10	Tue	133	82	66	71	132	407	1116	1692	1276	1013	1049	1165	1224	1332	1474	1802	2151	2231	1672	1278	907	657	477	215	 23622
09/15/10	Wed	150	88	78	82	122	421	1142	1538	1414	1028	1071	1119	1319	1326	1437	1737	2077	2299	1787	1311	1007	702	434	242	 23931
09/16/10	Thu	166	125	80	89	121	404	1161	1730	1294	1102	1085	1192	1281	1377	1446	1749	2030	2186	1862	1317	1017	780	501	286	 24381
09/17/10	Fri	164	108	86	87	116	418	1128	1658	1428	1130	1211	1307	1421	1506	1580	1902	2032	2274	1756	1294	928	850	624	420	 25428
09/18/10	Sat	254	170	147	96	98	206	344	676	950	1070	1237	1421	1542	1572	1595	1441	1462	1373	1266	1028	858	808	557	385	 20556
09/19/10	Sun	209	169	128	109	68	148	208	397	659	792	1025	1108	1182	1306	1284	1305	1159	1231	1087	872	655	490	319	205	 16115
09/20/10	Mon	127	71	80	76	134	378	1122	1635	1256	1065	1067	1150	1270	1355	1512	1674	2092	2198	1694	1140	743	549	369	204	 22961
09/21/10	Tue	146	71	75	63	144	401	1145	1633	1327	1052	1073	1141	1325	1400	1482	1814	2097	2188	1715	1166	839	647	395	215	 23554
09/22/10	Wed	124	77	62	64	136	402	1187	1716	1296	1093	1055	1157	1208	1334	1433	1719	1951	2043	1679	1184	884	715	430	234	 23183
09/23/10	Thu	163	107	74	60	154	408	1142	1687	1246	1068	1122	1185	1292	1363	1541	1696	2103	2220	1764	1317	915	818	539	291	 24275
09/24/10	Fri	169	103	103	68	140	409	1095	1627	1283	1147	1250	1419	1484	1441	1579	1890	2114	2017	1725	1310	960	779	754	418	 25284
09/25/10	Sat	228	175	133	100	101	196	468	746	980	1023	1318	1429	1535	1606	1506	1589	1507	1453	1198	1033	838	646	641	442	 20891
09/26/10	Sun	255	184	151	84	76	132	206	410	635	782	969	1119	1177	1325	1206	1160	1145	1230	1151	891	616	463	349	183	 15899
09/27/10	Mon	119	70	56	74	141	404	1115	1651	1231	1033	1074	1201	1261	1317	1443	1753	2041	2103	1659	1089	799	564	425	199	 22822
09/28/10	Tue	122	94	59	62	144	408	1124	1719	1261	1096	1063	1238	1231	1325	1498	1731	2038	2231	1768	1138	901	648	452	235	 23586
09/29/10	Wed	129	78	58	88	123	424	1171	1678	1268	1073	1074	1173	1306	1356	1377	1643	1987	2261	1824	1178	975	715	490	244	 23693
09/30/10	Thu	146	96	73	83	151	415	1131	1639	1236	1085	1086	1246	1309	1345	1561	1771	2081	2171	1755	1314	918	700	489	300	 24101
10/01/10	Fri	159	96	89	81	125	408	1134	1622	1332	1172	1123	1337	1476	1479	1555	1872	2110	2072	1707	1199	966	822	627	343	 24906
10/02/10	Sat	270	184	126	86	93	184	355	807	977	1172	1321	1474	1598	1617	1585	1518	1557	1387	1248	1089	716	815	560	388	 21127
10/03/10	Sun	291	136	137	79	83	144	227	455	657	806	1156	1136	1287	1275	1317	1369	1335	1192	952	820	617	476	280	182	 16409
10/04/10	Mon	94	69	64	63	122	397	1061	1770	1312	1057	1032	1223	1318	1345	1465	1709	2094	2238	1720	1051	754	583	363	240	 23144
10/05/10	Tue	118	76	60	66	138	391	1186	1619	1247	1069	1102	1184	1368	1354	1489	1762	2045	2215	1706	1168	847	654	414	255	 23533
10/06/10	Wed	147	98	59	75	125	390	1132	1539	1390	1061	1051	1107	1260	1324	1534	1770	2060	2218	1801	1201	934	632	424	260	 23592
10/07/10	Thu	151	93	65	79	137	382	1105	1606	1179	1080	1106	1212	1289	1384	1448	1751	2070	2159	1732	1212	795	688	473	351	 23547
10/08/10	Fri	178	106	69	76	133	414	1048	1611	1288	1222	1184	1261	1454	1478	1612	1875	1275	2161	1600	1223	892	832	579	358	 23929
10/09/10	Sat	234	169	124	92	91	177	368	782	980	1127	1321	1526	1481	1616	1637	1685	1519	1428	1183	957	710	648	551	358	 20764
10/10/10	Sun	261	175	134	93	60	132	188	405	611	729	975	960	1136	1211	1233	1289	1265	1093	891	700	559	423	306	203	 15032
10/11/10	Mon	107	70	57	72	128	334	981	1446	1096	981	1058	1193	1288	1277	1467	1636	2048	2165	1548	1066	757	548	335	222	 21880
10/12/10	Tue	130	77	54	67	146	371	1032	1512	1159	1017	1008	1138	1260	1241	1403	1724	2067	2195	1657	1104	841	634	391	224	 22452
10/13/10	Wed	153	83	57	63	154	385	1093	1527	1279	1109	1037	1238	1356	1363	1461	1824	2077	2256	1762	1211	920	701	404	283	 23796
10/15/10	Fri	151	100	85	84	110	368	1066	1608	1290	1195	1186	1243	1391	1446	1683	1831	2136	2098	1816	1300	884	825	617	432	 24945
10/16/10	Sat	289	192	134	83	98	153	379	730	911	1105	1357	1493	1603	1597	1563	1514	1484	1474	1346	1074	836	742	593	449	 21199
10/17/10	Sun	296	183	145	95	78	112	194	395	603	696	1058	1094	1324	1411	1279	1307	1109	1157	1174	807	599	452	325	212	 16105
10/18/10	Mon	120	83	49	86	122	324	969	1559	1170	1086	1012	1092	1292	1334	1431	1655	2055	2189	1634	957	731	561	388	239	 22138
10/19/10	Tue	136	89	56	72	146	364	1010	1508	1113	1097	1024	1173	1312	1327	1470	1674	2062	2220	1824	1152	894	677	449	231	 23080
10/20/10	Wed	154	82	61	73	115	349	1043	1395	1474	1060	1040	1150	1349	1316	1503	1756	2025	2164	1525	1253	961	725	470	261	 23304
10/21/10	Thu	156	139	83	67	129	346	1023	1566	1297	1041	1082	1047	1305	1323	1434	1780	2103	2165	1826	1255	851	767	467	325	 23577
10/22/10	Fri	200	98	84	79	104	361	1041	1538	1254	1051	1145	1211	1419	1439	1566	1853	1996	2011	1720	1154	797	740	605	402	 23868
10/23/10	Sat	239	152	136	69	106	163	300	621	832	1000	1193	1340	1469	1390	1262	1321	1349	1319	1194	945	751	755	693	417	 19016
10/24/10	Sun	286	200	144	98	69	131	186	331	582	695	942	995	1234	1366	1222	1186	1120	1126	1012	744	548	462	321	218	 15218
10/25/10	Mon	135	76	65	77	138	338	900	1265	1119	907	942	1087	1247	1275	1362	1517	1912	1987	1578	997	687	574	386	242	 20813
10/26/10	Tue	150	71	63	68	128	344	999	1330	1112	1008	1024	1200	1345	1269	1406	1653	1934	2086	1687	1105	833	594	374	248	 22031
10/27/10	Wed	148	85	50	76	125	353	954	1511	1178	953	1080	1132	1231	1321	1371	1671	1985	2105	1647	1115	898	676	484	274	 22423
10/28/10	Thu	172	97	79	70	128	326	994	1503	1173	1045	1060	1129	1334	1387	1505	1779	1932	2098	1718	1195	895	778	555	283	 23235
10/29/10	Fri	189	111	82	100	111	332	942	1486	1261	1028	1132	1252	1434	1499	1662	1851	1994	1949	1652	1227	933	857	557	422	 24063
10/30/10	Sat	312	183	126	79	105	151	314	607	868	973	1165	1434	1528	1511	1492	1457	1409	1352	1170	958	782	690	576	450	 19692
10/31/10	Sun	271	214	204	135	97	127	167	352	573	712	974	993	1143	1192	1226	1290	1275	1104	861	625	541	487	316	186	 15065
11/01/10	Mon	131	88	68	71	138	344	887	1533	1189	1072	1018	1093	1308	1294	1495	1696	1906	2237	1679	982	735	558	387	204	 22113
11/02/10	Tue	148	82	46	77	140	351	990	1626	1233	1032	1043	1074	1208	1278	1485	1742	2040	2131	1749	1103	815	664	373	269	 22699
11/03/10	Wed	170	84	76	69	120	354	1026	1566	1215	1099	1073	1054	1240	1267	1465	1707	2009	2191	1700	1140	892	688	462	281	 22948
11/04/10	Thu	167	126	72	79	130	335	983	1660	1305	1068	1011	1097	1221	1338	1461	1818	1940	2137	1788	1130	854	720	470	255	 23165
11/05/10	Fri	169	103	74	75	118	378	1004	1560	1286	1101	1108	1303	1454	1404	1525	1934	2008	2121	1790	1132	912	764	576	416	 24315
11/06/10	Sat	271	157	143	82	96	161	321	641	873	1073	1173	1313	1442	1483	1561	1455	1508	1412	1262	946	742	699	555	375	 19744
11/07/10	Sun	262	177	111	65	75	115	199	446	711	870	1143	1131	1400	1381	1329	1248	1289	1095	815	625	518	430	265	183	 15883
11/08/10	Mon	109	77	54	82	123	347	1041	1405	1316	1226	1096	1150	1293	1319	1452	1769	1941	2122	1628	892	688	591	325	214	 22260
11/09/10	Tue	120	85	54	70	135	371	1087	1593	1251	1086	1021	1158	1354	1275	1408	1572	1822	1820	1463	860	677	551	367	219	 21419
11/10/10	Wed	117	70	47	76	116	342	940	1391	1287	1018	1036	1177	1274	1334	1390	1736	2040	2184	1642	1100	776	691	415	265	 22464
11/11/10	Thu	148	104	71	78	125	304	906	1443	1173	965	961	1124	1190	1236	1471	1695	1902	1866	1380	947	725	600	409	227	 21050
11/12/10	Fri	195	100	76	67	124	320	920	1570	1277	1124	1214	1326	1457	1422	1557	1900	1997	2084	1623	1088	805	821	588	342	 23997
11/13/10	Sat	239	159	120	81	99	172	340	831	877	1091	1284	1462	1545	1702	1551	1523	1436	1415	1119	863	642	664	569	408	 20192
11/14/10	Sun	249	178	142	90	68	136	195	387	570	777	1006	1081	1244	1349	1334	1168	1117	1060	1033	754	511	385	298	183	 15315
11/15/10	Mon	115	92	57	61	133	318	989	1509	1187	1017	1013	1103	1195	1251	1368	1661	1992	2107	1484	999	667	608	359	222	 21507
11/16/10	Tue	145	89	45	58	121	356	1028	1675	1222	1075	1034	1249	1268	1337	1516	1777	1849	2049	1637	1042	780	644	445	209	 22650
11/17/10	Wed	124	104	37	72	141	317	979	1516	1430	1029	1027	1094	1240	1248	1381	1751	1916	2095	1617	1063	859	676	471	253	 22440
11/18/10	Thu	150	103	68	57	146	358	988	1640	1259	1075	1094	1143	1281	1293	1430	1811	2037	2082	1670	1058	853	772	500	280	 23148
11/19/10	Fri	166	100	101	89	130	349	997	1574	1386	1109	1166	1304	1428	1475	1502	1953	2107	2072	1538	1058	859	756	617	377	 24213
11/20/10	Sat	257	195	119	88	94	189	336	727	835	970	1126	1349	1286	1441	1371	1334	1369	1278	1035	808	654	642	586	374	 18463
11/21/10	Sun	289	200	151	99	79	127	193	400	579	741	1026	1089	1301	1203	1334	1208	1251	1022	783	589	488	422	317	225	 15116
11/22/10	Mon	119	82	59	69	141	335	929	1557	1266	1016	1098	1208	1360	1358	1576	1681	1923	2232	1619	963	715	594	368	229	 22497
11/23/10	Tue	124	101	63	75	136	370	945	1558	1235	1067	1126	1272	1312	1415	1496	1867	1980	2130	1716	1109	868	626	449	295	 23335
11/24/10	Wed	197	117	70	73	153	312	847	1234	1094	1119	1273	1419	1531	1686	1757	1850	1930	1684	1191	930	783	605	428	315	 22598
11/25/10	Thu	237	167	96	72	59	96	177	261	384	503	778	1111	1174	1261	1046	866	783	728	723	773	649	515	457	339	 13255
11/26/10	Fri	250	127	167	197	219	321	469	794	903	868	1051	1257	1342	1325	1275	1350	1353	1183	1010	766	612	553	467	305	 18164
11/27/10	Sat	203	153	107	84	92	143	301	534	736	901	1042	1292	1611	1329	1351	1327	1255	1121	1009	809	651	591	470	300	 17412
11/28/10	Sun	251	167	168	106	78	136	203	349	568	674	924	1029	1168	1328	1132	1113	1092	953	885	620	467	354	255	186	 14206
11/29/10	Mon	136	68	59	66	143	341	901	1367	1182	868	934	1038	1163	1220	1261	1657	1933	1944	1511	895	647	522	316	199	 20371
12/01/10	Wed	156	74	77	61	123	352	969	1437	1286	1268	1007	1141	1238	1299	1397	1770	1984	2079	1613	1129	862	703	444	231	 22700
12/02/10	Thu	189	105	68	67	133	331	970	1656	1250	1080	1007	1162	1246	1334	1534	1752	1989	2174	1731	1111	841	762	405	265	 23162
12/03/10	Fri	182	96	80	84	127	332	1002	1564	1306	1201	1090	1288	1375	1366	1624	1890	2050	2071	1553	1056	856	827	734	454	 24208
12/04/10	Sat	269	192	152	93	103	167	361	733	899	983	1186	1468	1587	1482	1564	1477	1442	1492	1076	835	830	723	619	362	 20095
12/05/10	Sun	236	169	158	77	72	118	171	401	526	657	951	1027	1141	1250	1325	1292	1261	1066	782	638	577	454	277	170	 14796
12/06/10	Mon	120	86	67	71	131	343	949	1527	1177	1037	1051	1118	1204	1340	1456	1718	1995	2224	1643	962	734	581	342	214	 22090
12/07/10	Tue	133	103	70	59	133	373	953	1592	1258	975	1040	1164	1276	1315	1410	1790	2013	2126	1626	1150	834	646	405	207	 22651
12/08/10	Wed	137	98	58	74	122	382	918	1460	1337	1015	1027	1131	1239	1346	1495	1661	1967	2099	1920	1161	915	674	430	284	 22950
12/09/10	Thu	164	117	75	64	130	352	956	1518	1218	1062	1020	1171	1259	1325	1445	1758	2032	2115	1660	1118	873	735	458	281	 22906
12/10/10	Fri	169	95	81	80	121	349	959	1564	1214	1067	1148	1330	1396	1450	1642	1850	1945	2086	1588	1119	816	855	654	410	 23988
12/11/10	Sat	264	178	167	89	102	166	325	628	831	987	1242	1380	1503	1581	1486	1532	1534	1381	1209	954	696	665	653	458	 20011
12/12/10	Sun	286	157	156	81	92	119	192	367	578	695	925	1095	1224	1408	1316	1299	1259	1074	848	672	560	455	287	198	 15343
12/13/10	Mon	119	81	69	79	126	335	935	1596	1241	1092	1064	1135	1311	1417	1428	1673	1984	2141	1638	1053	724	635	425	230	 22531
12/14/10	Tue	157	92	66	65	136	355	980	1543	1263	1130	1024	1173	1285	1236	1495	1832	1987	2117	1653	1098	827	717	461	215	 22907
12/15/10	Wed	173	101	54	80	129	365	968	1543	1299	1089	1124	1255	1345	1367	1519	1711	1955	1991	1736	1046	875	702	452	244	 23123
12/16/10	Thu	178	117	78	76	147	336	966	1759	1237	1032	1112	1225	1339	1382	1477	1719	1943	2080	1608	1092	870	696	506	327	 23302
12/17/10	Fri	232	98	112	90	131	382	923	1510	1256	1113	1193	1365	1456	1543	1514	1858	2104	2034	1608	1060	884	906	708	398	 24478
12/18/10	Sat	321	181	154	97	95	174	284	614	837	878	1176	1472	1477	1602	1488	1545	1544	1418	1236	904	760	803	660	422	 20142
12/19/10	Sun	309	193	169	92	74	134	191	345	524	727	998	1078	1334	1401	1343	1268	1173	1112	926	819	655	609	412	222	 16108
12/20/10	Mon	172	77	74	70	132	349	813	1240	1141	1130	1190	1282	1460	1501	1557	1691	2011	2073	1613	1091	787	687	431	264	 22836
12/21/10	Tue	188	123	78	59	136	326	910	1222	1161	1055	1169	1313	1422	1484	1510	1837	1992	2197	1736	1203	841	698	504	290	 23454
12/22/10	Wed	184	151	85	91	137	314	862	1209	1141	1083	1195	1400	1473	1530	1593	1849	1953	2054	1547	1144	896	777	535	391	 23594
12/23/10	Thu	278	140	93	85	125	314	698	1049	1040	1062	1237	1442	1599	1647	1751	1975	1835	1721	1325	1043	830	762	596	386	 23033
12/24/10	Fri	258	177	112	100	91	184	351	536	682	979	1194	1394	1448	1522	1582	1550	1335	1169	893	825	697	682	570	373	 18704
12/25/10	Sat	213	126	61	58	32	68	104	187	296	437	572	761	894	964	936	802	802	735	613	652	561	506	335	214	 10929
12/26/10	Sun	159	90	73	47	61	139	174	306	453	622	856	975	1115	1254	1132	1098	1032	1112	941	723	593	516	357	247	 14075
12/27/10	Mon	185	93	67	81	137	280	652	944	902	924	1020	1187	1329	1374	1518	1667	1736	1563	1314	821	665	548	418	242	 19667
12/28/10	Tue	171	106	57	68	128	319	719	1065	981	1037	1047	1166	1260	1408	1429	1688	1860	1927	1328	927	714	632	425	255	 20717
12/29/10	Wed	194	90	86	81	124	281	749	1050	1030	1012	1095	1240	1441	1455	1563	1733	1930	2003	1458	972	821	702	437	303	 21850
12/30/10	Thu	208	159	104	73	125	312	691	1016	1018	1062	1172	1292	1313	1255	1343	1340	1197	1107	744	533	382	341	260	188	 17235
12/31/10	Fri	146	122	92	92	123	199	310	461	439	507	662	793	838	1000	997	1154	997	897	685	603	487	403	348	261	 12616