01/01/10	Fri	983	1248	928	716	773	934	989	1048	1283	1506	1828	2188	2522	2929	2869	2790	2806	2620	2268	2066	1730	1566	1273	945	 40808
01/02/10	Sat	502	352	363	399	675	1146	1388	1600	1901	2282	2506	2903	3162	3480	3447	3453	3338	3359	2933	2407	2127	1962	1661	1146	 48492
01/03/10	Sun	728	506	548	430	664	1019	1328	1362	1845	2074	2552	2879	2960	3430	3210	2959	2994	3128	2859	2246	1871	1453	1137	788	 44970
01/04/10	Mon	514	299	314	492	1073	2677	4052	4394	3941	3114	3082	3316	3427	3683	3710	4108	4528	4443	3424	2734	2000	1788	1356	803	 63272
01/05/10	Tue	434	304	280	504	1021	2530	4100	4431	4129	3292	3045	3316	3269	3658	3857	4215	4425	4396	3821	2980	2099	1856	1329	777	 64068
01/06/10	Wed	425	288	293	487	961	2469	3850	4163	3844	3182	2863	2902	3282	3481	3567	3404	3630	2734	2102	1591	1182	1055	776	545	 53076
01/07/10	Thu	352	250	284	450	721	1641	2638	2594	2522	2662	2729	2700	3078	3414	3585	3951	4107	3982	3031	2281	1668	1498	1256	765	 52159
01/08/10	Fri	424	326	332	461	880	2109	3608	4020	4005	3287	3107	3448	3609	3883	4113	4205	4428	4266	3778	3135	2243	2230	1675	1189	 64761
01/09/10	Sat	766	450	427	486	660	1143	1709	1934	2508	2760	2887	3205	3374	3810	3550	3534	3585	3678	3174	2585	2106	1987	1674	1127	 53119
01/10/10	Sun	716	479	495	403	520	828	1298	1368	1843	2172	2669	2884	3131	3491	3384	3293	3335	3071	2790	2278	1871	1492	1106	648	 45565
01/11/10	Mon	386	290	301	435	1017	2516	4042	4356	4121	3364	3172	3235	3361	3510	3712	4212	4293	4249	3644	2593	1939	1656	1241	728	 62373
01/12/10	Tue	400	306	286	507	887	2409	4077	4437	4079	3320	3088	3303	3082	3488	3733	4127	4228	4273	3779	2752	2017	1797	1330	716	 62421
01/13/10	Wed	416	293	277	485	879	2340	4022	4425	4131	3228	2993	3199	3418	3635	3789	4236	4407	4375	3680	2651	2226	1906	1364	803	 63178
01/14/10	Thu	416	332	336	522	947	2383	4030	4416	4066	3247	3092	3263	3425	3739	3948	4271	4559	4526	3723	2744	2180	1941	1517	892	 64515
01/15/10	Fri	465	303	326	560	1002	2244	3963	4400	4223	3466	3431	3699	3875	4269	4283	4574	4458	4676	4051	3181	2454	2244	1760	1192	 69099
01/16/10	Sat	768	523	451	450	667	1064	1610	2017	2491	2856	3283	3385	3631	3701	3679	3472	3451	3541	3116	2537	2086	1963	1643	1108	 53493
01/17/10	Sun	705	519	562	421	503	750	1080	1236	1714	2266	2701	2857	2853	3545	3337	3294	3079	2924	2717	2132	1775	1459	1190	786	 44405
01/18/10	Mon	457	330	322	447	992	2274	3690	3748	3480	3145	3221	3391	2917	3535	3669	3903	4083	4298	3376	2517	2011	1690	1276	686	 59458
01/19/10	Tue	396	281	276	504	977	2445	4121	4536	4224	3357	3191	3279	3483	3631	3763	4200	4341	4530	3486	2493	2007	1799	1316	686	 63322
01/20/10	Wed	417	266	300	483	904	2279	4058	4406	4060	3368	3061	3257	3252	3607	3784	4094	4349	4203	3699	2679	2255	1922	1319	764	 62786
01/21/10	Thu	453	337	318	554	925	2313	3943	4423	4135	3202	3125	3250	3522	3806	3869	4474	4517	4571	3697	2831	2191	1923	1440	826	 64645
01/22/10	Fri	513	326	337	549	1027	2210	3867	4411	4052	3291	3334	3668	3786	4208	4220	4605	4477	4561	3783	3144	2428	2266	1865	1190	 68118
01/23/10	Sat	712	486	485	445	604	1041	1504	1955	2436	2786	3057	3287	3651	3774	3786	3612	3650	3572	3190	2530	2159	2019	1578	1106	 53425
01/24/10	Sun	781	574	534	407	484	788	1128	1219	1693	2148	2482	2902	3057	3478	3176	3082	3013	2910	2633	1954	1810	1672	1128	659	 43712
01/25/10	Mon	369	291	290	423	1015	2393	4013	4502	4081	3384	3099	3063	3425	3535	3806	4163	4336	4341	3497	2453	1895	1736	1219	666	 61995
01/26/10	Tue	418	277	290	495	914	2338	4099	4303	4093	3250	3026	3151	3313	3538	3752	4198	4495	4471	3707	2523	2014	1734	1305	700	 62404
01/27/10	Wed	428	265	294	482	847	2301	3894	3873	4106	3333	3153	3090	3361	3643	3844	4570	4782	4516	3656	2650	2082	1826	1351	755	 63102
01/28/10	Thu	434	292	366	536	877	2303	3669	4066	3932	3169	2850	3122	3335	3488	3892	4281	4623	4269	3410	2552	2135	1965	1394	838	 61798
01/29/10	Fri	499	316	322	536	897	2142	3750	4298	4038	3540	3359	3602	3766	4097	4314	4542	4512	4438	3828	3147	2527	2396	1837	1269	 67972
01/30/10	Sat	777	577	452	478	621	1052	1611	2109	2596	2841	3179	3566	3685	3777	3758	3612	3598	3551	3408	2685	2196	2192	1639	1274	 55234
01/31/10	Sun	754	509	530	422	487	768	1204	1282	1747	2217	2755	2959	3145	3669	3486	3347	3356	3448	2865	2319	1881	1475	1151	712	 46488
02/01/10	Mon	387	302	312	440	961	2452	3959	4480	4061	3008	3173	3226	3470	3574	3651	4192	4454	4362	3625	2668	2037	1754	1266	704	 62518
02/02/10	Tue	412	269	283	472	871	2299	3963	4390	4047	3336	3089	3203	3332	3540	3765	4142	4490	4503	3765	2737	2130	1890	1267	771	 62966
02/03/10	Wed	441	279	289	458	853	2262	4066	4383	4089	3487	3147	3267	3520	3605	3859	4188	4653	4469	3758	2669	2232	1949	1326	758	 64007
02/04/10	Thu	486	286	336	522	921	2161	3939	4210	3910	3334	3008	3244	3501	3800	3985	4322	4537	4470	3761	2923	2270	2018	1465	854	 64263
02/05/10	Fri	496	333	319	544	1030	2157	3841	4417	4148	3465	3343	3580	3836	4190	4272	4507	4541	4465	4176	3269	2524	2318	1822	1257	 68850
02/06/10	Sat	764	539	471	493	608	1046	1621	2020	2582	2844	3218	3254	3588	3846	3644	3538	3528	3601	3251	2709	2244	2132	1684	1216	 54441
02/07/10	Sun	774	519	538	455	502	763	1171	1258	1614	1846	2154	2419	2471	3034	3103	3324	2918	2075	1633	1317	2303	1786	1092	611	 39680
02/08/10	Mon	380	263	308	439	957	2303	3112	2899	3081	2785	2441	2637	2856	3078	3382	3701	3786	3713	2864	2016	1659	1530	1060	714	 51964
02/09/10	Tue	387	249	342	510	912	2233	3734	4190	3835	3275	3031	3191	3305	3579	3732	4137	4326	4343	3631	2708	1994	1804	1295	833	 61576
02/10/10	Wed	488	264	300	497	879	2299	4045	4341	4164	3424	3139	3262	3429	3715	3846	4231	4463	4468	3799	3027	2350	1979	1384	800	 64593
02/11/10	Thu	465	316	331	541	1004	2401	4096	4524	4141	3413	3147	3320	3530	3889	4006	4249	4660	4732	3969	3059	2384	2058	1510	969	 66714
02/12/10	Fri	570	373	393	558	1096	2344	3936	4461	4200	3596	3442	3685	3920	4269	4474	4527	4739	4653	4097	3462	2695	2413	1897	1320	 71120
02/13/10	Sat	783	498	510	494	690	1048	1637	2132	2641	2872	3213	3363	3673	3879	3746	3741	3635	3620	3343	2981	2374	2247	1761	1269	 56150
02/14/10	Sun	815	569	584	378	499	694	1038	1081	1314	1645	2041	2377	2709	3276	3175	3202	3110	3086	2977	2402	1885	1727	1262	900	 42746
02/15/10	Mon	530	382	395	486	890	2082	3547	3729	3268	2988	3158	3247	3469	3747	3858	3863	4068	4135	3404	2662	2009	1763	1322	807	 59809
02/16/10	Tue	425	263	294	510	938	2399	4194	4528	4154	3384	3199	3327	3632	3796	3908	4262	4522	4502	3729	2841	2200	2034	1359	792	 65192
02/17/10	Wed	486	293	325	477	856	2254	4094	4466	4139	3512	3212	3335	3486	3775	3870	4306	4566	4470	3659	2832	2277	1996	1378	768	 64832
02/18/10	Thu	448	346	335	540	932	2313	3951	4417	4161	3425	3205	3331	3576	3870	3983	2733	4319	3459	3064	2127	1790	1590	1171	695	 59781
02/19/10	Fri	463	272	368	519	973	2088	3257	3604	3308	2947	3050	3198	3529	3865	4098	4422	4458	4310	3318	2571	2090	1893	1568	1142	 61311
02/20/10	Sat	672	431	446	433	623	1025	1473	1821	2163	2522	2780	2944	3259	3380	3494	3491	3291	3316	3005	2467	2128	2009	1548	1146	 49867
02/21/10	Sun	629	426	468	408	506	737	1027	1212	1486	1818	2105	2328	2617	3117	3008	2960	2903	2708	2463	2055	1669	1245	1004	766	 39665
02/22/10	Mon	397	292	308	489	1006	2299	3334	3328	3325	3045	2967	3042	3232	3510	3621	4122	4267	4311	3592	2684	2004	1765	1247	772	 58959
02/23/10	Tue	461	305	284	493	866	2365	4063	4450	4163	3345	3080	3280	3372	3498	3772	4203	4416	4362	3860	2829	2165	2057	1370	783	 63842
02/24/10	Wed	447	289	309	492	823	2319	4077	4419	4002	3609	3065	3253	3469	3689	3854	4308	4505	4515	3704	2867	2300	2142	1665	838	 64960
02/25/10	Thu	486	342	319	510	938	2248	4003	4443	4166	3459	3249	3296	3601	3668	4074	4293	4662	4599	3698	2748	2164	1945	1426	821	 65158
02/26/10	Fri	503	333	329	482	947	2225	3761	4384	3706	3557	3344	3661	3821	4206	4269	4526	4638	4581	3983	3607	2751	2421	1969	1346	 69350
02/27/10	Sat	793	526	506	464	654	1055	1667	2246	2569	2994	3249	3481	3637	3866	3803	3795	3712	3757	3445	2993	2519	2215	1882	1367	 57195
02/28/10	Sun	787	560	530	425	580	823	1206	1287	1687	2219	2625	2852	3162	3671	3469	3426	3477	3283	2960	2300	1916	1440	1110	722	 46517
03/01/10	Mon	401	282	324	436	931	2340	4035	4396	3774	3166	3079	3248	3393	3566	3802	4226	4391	4391	3562	2713	2137	1773	1326	761	 62453
03/02/10	Tue	433	311	267	454	869	2260	4199	4504	4156	3412	3137	3236	3323	3845	3774	4287	4520	4589	3781	2929	2207	1988	1430	775	 64686
03/03/10	Wed	492	302	268	475	851	2233	4177	4496	4247	3341	3188	3305	3500	3795	3909	4348	4482	4588	3949	2844	2314	2026	1381	871	 65382
03/04/10	Thu	456	297	323	514	927	2245	4153	4522	4272	3326	3297	3306	3483	3753	3969	4351	4652	4611	3900	3082	2470	2052	1509	937	 66407
03/05/10	Fri	512	294	378	488	975	2171	3999	4489	4236	3476	3359	3544	3946	4113	4423	4746	4750	4720	4436	3577	2611	2418	1953	1290	 70904
03/06/10	Sat	806	512	540	487	642	1030	1794	2201	2765	3029	3325	3687	3813	3932	3834	3734	3776	3699	3489	3087	2500	2314	1843	1221	 58060
03/07/10	Sun	788	507	519	486	501	755	1221	1479	1858	2330	2717	3085	3213	3630	3502	3588	3558	3485	3233	2560	2087	1562	1232	755	 48651
03/08/10	Mon	426	336	300	411	941	2387	4106	4520	4094	3318	3109	3316	3419	3648	3777	4057	4449	4518	3644	2510	2021	1695	1308	739	 63049
03/09/10	Tue	508	303	293	441	857	2251	4179	4524	3867	3681	3205	3308	3386	3682	3831	4177	4633	4533	3804	2757	2258	1845	1357	773	 64453
03/10/10	Wed	434	295	281	460	872	2231	4271	4514	4206	3533	3157	3213	3436	3732	3872	4319	4489	4687	3860	2841	2359	1967	1405	852	 65286
03/11/10	Thu	482	324	312	514	983	2344	4256	4566	4180	3454	3330	3280	3503	3798	4041	4529	4700	4713	3974	3121	2389	2134	1615	963	 67505
03/12/10	Fri	531	331	345	525	1020	2195	4100	4412	4089	3586	3475	3684	3790	4195	4271	4329	4686	4633	4310	3523	2638	2442	1932	1354	 70396
03/13/10	Sat	762	532	501	501	677	1091	1734	2312	2948	3239	3509	3633	3842	4038	4026	3773	3848	3723	3603	3143	2450	2247	1825	1371	 59328
03/15/10	Mon	473	293	300	435	993	2281	3915	4311	4147	3340	3179	3183	3465	3618	3919	4296	4623	4594	3412	2923	2406	2034	1529	919	 64588
03/16/10	Tue	508	321	308	489	906	2232	4083	4574	4300	3560	3193	3269	3593	3617	3883	4176	4515	4594	3737	2990	2463	2144	1517	873	 65845
03/17/10	Wed	507	328	301	442	957	2300	4144	4573	4311	3703	3266	3383	3581	3765	3870	4090	4583	4504	3788	3047	2631	2229	1651	1001	 66955
03/18/10	Thu	525	397	367	522	982	2440	4029	4512	4394	3628	3397	3469	3726	4101	4160	4455	4735	4686	4098	3285	2725	2438	1735	1130	 69936
03/19/10	Fri	583	380	390	569	1072	2139	3302	3482	3321	2770	2766	3011	3042	3426	3721	2539	2287	2352	1949	1819	1607	1303	1280	834	 49944
03/20/10	Sat	585	379	404	419	678	1135	1518	1719	1949	2331	2794	3031	3444	3834	3786	3773	3917	3789	3382	3111	2676	2490	2023	1463	 54630
03/21/10	Sun	888	595	567	452	638	957	1319	1548	1826	2392	2861	3291	3428	3795	3767	3649	3590	3398	3044	2770	2288	1886	1458	857	 51264
03/22/10	Mon	498	317	305	426	1051	2431	4135	4476	4242	3390	3253	3436	3556	3754	3863	4358	4545	4622	3748	3066	2419	1947	1469	916	 66223
03/23/10	Tue	488	320	285	495	940	2339	4167	4416	4322	3561	3139	3435	3507	3837	4044	3682	3587	3804	2405	1658	1222	799	648	490	 57590
03/24/10	Wed	277	244	207	380	666	1435	1952	1872	1728	1799	1959	2161	2380	2749	2882	3249	3423	3367	2748	2410	2003	1863	1330	881	 43965
03/25/10	Thu	519	353	345	482	1017	2255	3914	4493	3922	3682	3153	3259	3495	3812	4022	4416	4476	4694	3912	3139	2526	2232	1664	1068	 66850
03/26/10	Fri	504	364	380	516	1035	2206	3919	4270	4138	3447	3416	3687	3826	4134	4199	4450	4563	4378	3809	2958	2519	2305	1834	1294	 68151
03/27/10	Sat	761	525	473	462	642	1117	1663	1917	2496	2676	3068	3215	3464	3703	3756	3587	3673	3533	3463	3083	2621	2363	1864	1414	 55539
03/28/10	Sun	844	547	574	475	598	843	1201	1461	1901	2383	2781	3156	3417	3681	3577	3492	3390	3369	3021	2620	2275	1960	1366	898	 49830
03/29/10	Mon	487	304	289	444	941	2210	3978	4319	3878	3326	3242	3320	3498	3766	3812	4123	4399	4477	3583	2748	2159	1955	1446	915	 63619
03/30/10	Tue	462	307	309	415	877	2152	4127	4443	3971	3408	3266	3459	3568	3809	3941	4215	4072	4311	3952	2984	2503	2158	1652	1042	 65403
03/31/10	Wed	534	314	341	441	857	2211	4126	4372	3958	3548	3331	3412	3678	3897	3975	4209	4565	4665	3812	2968	2571	2324	1613	1034	 66756
04/01/10	Thu	542	359	350	491	940	2169	4114	4308	3906	3462	3382	3402	3701	3981	4120	4362	4562	4630	4013	3127	2611	2211	1715	1164	 67622
04/02/10	Fri	606	443	516	491	918	1940	3636	4039	3778	3456	3332	3741	3778	4251	4382	4426	4539	4475	3717	3348	2887	2522	2018	1387	 68626
04/03/10	Sat	824	573	491	437	599	999	1550	1974	2447	2832	3241	3370	3776	4182	3740	3594	3678	3551	3234	3007	2801	2314	1843	1407	 56464
04/04/10	Sun	814	544	584	444	524	777	1068	1247	1615	2284	2944	3392	3380	4007	3576	3504	3349	3295	3007	2929	2656	2067	1411	840	 50258
04/05/10	Mon	460	301	307	416	970	2346	4098	4603	4263	3257	3261	3369	3516	3688	3775	4308	4585	4612	3729	2928	2240	1882	1451	831	 65196
04/06/10	Tue	463	311	290	441	935	2286	4152	4529	4170	3548	3037	3299	3373	3584	3845	4137	4443	4654	3945	2935	2338	1971	1446	868	 65000
04/07/10	Wed	472	293	287	430	845	2011	3353	3678	3646	3474	3066	3187	3311	3550	3586	4173	4478	4484	3671	2883	2601	2165	1488	990	 62122
04/08/10	Thu	505	324	314	477	945	2335	4199	4590	4325	3658	3320	3302	3530	3676	3985	4384	4759	4811	4102	3235	2740	2277	1598	975	 68366
04/09/10	Fri	563	359	344	493	1003	2269	4037	4493	4239	3633	3540	3609	3928	4072	4237	4581	4619	4409	4172	3498	2821	2443	2096	1348	 70806
04/10/10	Sat	762	524	508	423	671	1147	1868	2339	2855	3058	3340	3530	3695	3917	3775	3711	3838	3771	3439	2930	2489	2339	1907	1389	 58225
04/11/10	Sun	843	534	537	458	587	841	1283	1555	1993	2427	3044	3336	3461	3818	3574	3451	3460	3617	3105	2716	2387	1890	1374	831	 51122
04/12/10	Mon	466	299	277	441	976	2377	4195	4620	4372	3496	3239	3403	3427	3599	3890	4286	4450	4628	3673	2986	2311	1904	1456	883	 65654
04/13/10	Tue	490	291	291	448	914	2227	4182	4585	4220	3574	3171	3224	3336	3751	3842	4136	4475	4610	3867	2997	2391	2111	1413	888	 65434
04/14/10	Wed	468	334	295	415	900	2238	4268	4624	4295	3638	3221	3366	3472	3718	3919	4176	4508	4762	3653	3244	2645	2124	1590	954	 66827
04/15/10	Thu	523	360	336	496	978	2356	4196	4650	4320	3555	3327	3443	3646	3744	4022	4277	4625	4824	3921	3353	2850	2439	1778	1068	 69087
04/16/10	Fri	546	336	363	478	980	2255	4031	4604	4322	3671	3385	3632	3948	4199	4267	4584	4700	4633	4094	3575	2760	2561	2003	1318	 71245
04/17/10	Sat	795	529	485	453	649	1132	1816	2385	2847	3155	3190	3529	3656	3906	3807	3656	3607	3669	3341	2935	2526	2395	1877	1331	 57671
04/18/10	Sun	844	536	569	424	546	829	1264	1512	1953	2434	2960	3301	3428	3898	3885	3597	3479	3323	3181	2664	2398	1894	1393	832	 51144
04/19/10	Mon	460	283	288	428	974	2366	4252	4710	4239	3436	3206	3334	3554	3631	3761	4301	4605	4541	3608	2788	2486	1978	1440	877	 65546
04/20/10	Tue	547	309	297	443	872	2304	4253	4637	4168	3448	3278	3249	3364	3697	3944	4236	4672	4696	4042	3015	2508	2193	1504	917	 66593
04/21/10	Wed	493	311	294	435	914	2320	4181	4587	4241	3513	3257	3304	3460	3617	3864	4439	4095	4541	3942	3009	2517	2105	1475	911	 65825
04/22/10	Thu	522	334	328	488	1000	2311	4022	4485	4154	3449	3329	3318	3658	3810	3938	4206	4420	4645	3536	2907	2272	2094	1589	965	 65780
04/23/10	Fri	529	350	343	479	966	2066	3539	3777	3604	3328	3074	3194	3310	3599	3692	4455	4532	4493	3684	2975	2534	2230	1808	1185	 63746
04/24/10	Sat	702	457	433	449	621	1017	1642	1933	2519	2826	3029	3290	3685	3577	3743	3702	3735	3726	3367	2961	2598	2366	2015	1415	 55808
04/25/10	Sun	902	597	593	458	576	802	1333	1447	1850	2326	2857	3181	3433	3759	3660	3389	3365	3261	3066	2494	2116	1681	1266	812	 49224
04/26/10	Mon	413	257	316	406	908	2228	4111	4516	4341	3507	3289	3416	3485	3593	3796	4329	4507	4581	3880	2954	2413	1964	1383	806	 65399
04/27/10	Tue	485	297	289	451	847	2232	4263	4696	3283	3792	3213	3379	3441	3614	3825	4276	4408	4763	3965	3040	2555	2121	1545	907	 65687
04/28/10	Wed	486	302	287	444	901	2255	4182	4651	4231	3655	3394	3479	3577	3708	3911	4427	4532	4756	3909	3184	2672	2251	1601	961	 67756
04/29/10	Thu	550	338	333	481	924	2220	4125	4435	4042	3596	3204	3329	3574	3771	4047	4399	4679	4887	3885	2992	2505	2129	1573	975	 66993
04/30/10	Fri	554	347	405	478	978	2287	4266	4552	4376	3656	3495	3686	3812	4203	4391	4668	4195	4644	4220	3162	2856	2552	2140	1459	 71382
05/01/10	Sat	835	501	518	431	692	1104	1990	2321	2847	3115	3298	3592	3692	3881	3865	3862	3795	3753	3530	3039	2799	2387	1775	1681	 59303
05/02/10	Sun	1042	601	603	469	516	791	1259	1551	1968	2413	2825	3115	3290	3716	3617	3531	3542	3350	3002	2623	2300	1843	1369	840	 50176
05/03/10	Mon	505	298	296	413	974	2350	4252	4671	4411	3585	3326	3365	3381	3733	3811	4243	4530	4574	3773	2871	2383	1997	1505	889	 66136
05/04/10	Tue	461	306	295	433	854	2238	4310	4548	3912	3717	3266	3384	3460	3708	3761	4205	4339	4558	4027	3188	2662	2230	1554	972	 66388
05/05/10	Wed	509	309	308	454	904	2263	4297	4573	4239	3598	3303	3469	3450	3869	3880	4329	4725	4702	4217	3420	2641	2272	1611	995	 68337
05/06/10	Thu	555	390	376	500	965	2336	4299	4629	4288	3632	3372	3486	3567	3897	4149	4486	4785	4758	4231	3372	2714	2248	1729	1078	 69842
05/07/10	Fri	547	338	400	511	979	2207	4248	4650	4140	3592	3572	3749	3979	4108	4312	4599	4841	4816	4271	3730	2976	2720	2299	1390	 72974
05/08/10	Sat	799	530	498	438	680	1078	2022	2425	3038	3396	3361	3532	3831	4038	3953	3804	3978	3699	3377	3105	2618	2603	2107	1520	 60430
05/09/10	Sun	906	570	568	441	540	755	1226	1431	1921	2548	3241	3609	3728	4004	3810	3755	3564	3414	3161	2752	2573	2147	1544	989	 53197
05/10/10	Mon	504	287	329	432	993	2345	4319	4755	4297	3575	3323	3422	3516	3720	3849	4299	4552	4679	3888	3016	2470	2053	1564	977	 67164
05/11/10	Tue	523	344	311	441	924	2291	4386	4649	4187	3549	3366	3312	3531	3659	3909	4376	4716	4737	3897	2880	2082	1915	1298	801	 66084
05/12/10	Wed	435	288	281	400	895	2112	3831	4097	3849	3479	3211	3328	3497	3687	3794	4232	4595	4700	3665	2709	2376	2096	1582	996	 64135
05/13/10	Thu	511	342	341	473	964	2331	4287	4810	4273	3526	3366	3442	3753	3852	4135	4419	4734	4727	4203	3289	2587	2281	1742	1093	 69481
05/14/10	Fri	571	324	384	480	1082	2362	4147	4723	4190	3612	3534	3958	3988	4256	4166	3814	3906	4557	4028	3277	2719	2466	2071	1363	 69978
05/15/10	Sat	831	504	475	426	696	1256	1954	2538	3186	3365	3588	3819	4002	4220	4209	3990	3967	3924	3606	3109	2726	2502	2178	1528	 62599
05/16/10	Sun	897	564	567	485	549	955	1410	1991	2505	2839	3145	3466	3556	3954	3761	3561	3628	3638	3247	2650	2391	2106	1566	1058	 54489
05/17/10	Mon	519	330	363	466	974	2380	4346	4669	4418	3505	3397	3431	3537	3743	3944	4359	4074	4673	3759	3096	2491	2229	1588	982	 67273
05/18/10	Tue	511	329	327	438	967	2325	4415	4716	4230	3568	3359	3580	3413	3792	3857	4232	4552	4705	3975	3061	2451	2062	1527	973	 67365
05/19/10	Wed	648	364	291	446	976	2271	4299	4743	4385	3618	3492	3525	3542	3881	4143	4298	4571	4298	4078	3180	2805	2377	1845	1134	 69210
05/20/10	Thu	584	385	401	470	1059	2327	4393	4746	4434	3584	3533	3731	3687	3929	4209	4390	4777	4884	4218	3326	2932	2522	2185	1279	 71985
05/21/10	Fri	610	392	404	532	1023	2301	4274	4641	4250	3778	3654	3950	4055	4236	4355	4604	4738	4578	3591	3476	3009	2807	2365	1545	 73168
05/22/10	Sat	854	590	527	494	750	1274	2119	2491	3165	3496	3502	3686	3866	3863	3998	3989	3810	3724	3390	3031	2784	2581	2122	1506	 61612
05/23/10	Sun	939	591	586	498	585	868	1411	1614	2069	2462	3112	3337	3539	3895	3750	3514	3645	3376	3099	2616	2420	2039	1576	1050	 52591
05/24/10	Mon	540	332	331	475	1027	2437	4240	4627	4191	3585	3332	3450	3600	3692	3810	4220	4360	4521	3673	2944	2447	2284	1704	1110	 66932
05/25/10	Tue	611	364	316	462	979	2372	4423	4434	4356	3557	3354	3509	3625	3843	3967	4375	4579	4791	4209	3211	2670	2233	1729	1060	 69029
05/26/10	Wed	592	360	329	454	1022	2392	4379	4139	4336	3695	3400	3458	3636	3868	3921	4258	4649	4790	4163	3398	2664	2517	1905	1246	 69571
05/27/10	Thu	814	457	451	522	1115	2443	4335	4473	4341	3576	3711	3693	4052	4106	4078	4463	4633	4762	4261	3445	2936	2621	2097	1339	 72724
05/28/10	Fri	745	468	426	547	1089	2317	4130	4404	4112	3561	3819	3930	4102	4498	4365	4622	4548	4539	4100	3662	3214	2914	2370	1629	 74111
05/29/10	Sat	951	578	499	489	752	1158	1868	2356	2878	3348	3650	3622	3897	3795	3849	3856	3808	3816	3833	3102	2542	2203	1910	1479	 60239
05/30/10	Sun	895	558	654	423	631	808	1113	1580	2108	2630	3046	3301	3568	3709	3612	3405	3189	3211	2848	2640	2340	2169	1816	1288	 51542
05/31/10	Mon	714	489	374	346	690	1192	1746	2037	2184	2538	2844	2990	3232	3642	3315	3174	3257	3093	2847	2595	2325	2074	1664	1002	 50364
06/01/10	Tue	537	344	285	473	1064	2467	4452	4658	4083	3643	3428	3604	3691	3865	3759	3943	4600	4732	3953	3160	2654	2230	1724	1017	 68366
06/02/10	Wed	563	353	316	470	976	2396	4457	4609	4114	3584	3415	3639	3630	3824	3585	4222	4652	4641	4033	3241	2842	2322	1804	1056	 68744
06/03/10	Thu	585	353	380	478	993	2348	4390	4525	4099	3518	3428	3611	3668	3967	3996	4331	4768	4822	4112	3308	2749	2376	1923	1133	 69861
06/04/10	Fri	641	420	382	512	1048	2295	4304	4597	4091	3582	3645	3810	4004	4229	4255	4423	4625	4671	4055	3592	2966	2733	2357	1527	 72764
06/05/10	Sat	896	573	503	468	665	1302	2098	2758	3127	3365	3497	3649	3807	4037	3989	3769	3886	3981	3832	3161	2514	2540	2011	1456	 61884
06/06/10	Sun	960	572	575	484	562	903	1468	1819	2307	2719	3270	3356	3449	3797	3725	3480	3565	3485	3023	2626	2308	2246	1753	1048	 53500
06/07/10	Mon	602	345	353	466	995	2344	4370	4665	4003	3594	3369	3566	3586	3806	3991	4148	4531	4653	3869	3084	2611	2329	1680	1084	 68044
06/08/10	Tue	542	366	314	472	961	2245	4472	4492	4073	3674	3354	3508	3522	3811	3981	4267	4687	4770	4129	3222	2660	2295	1808	1085	 68710
06/09/10	Wed	534	313	320	443	1018	2327	4429	4512	4087	3728	3478	3452	3583	3815	4089	4472	4718	4878	4226	3346	2864	2567	1869	1154	 70222
06/10/10	Thu	683	366	361	498	1070	2325	4453	4586	4139	3583	3427	3617	3693	3990	4031	4260	4863	4680	4010	3463	2885	2445	2120	1278	 70826
06/11/10	Fri	722	363	371	492	1089	2218	4080	4445	4019	3421	3651	3873	3996	4227	4296	4678	4588	4287	3995	3264	2620	2728	2303	1715	 71441
06/12/10	Sat	981	596	490	476	641	1174	1894	2180	2596	2867	3086	3258	3390	3626	3708	3692	3448	3512	3302	2778	2414	2342	1940	1427	 55818
06/13/10	Sun	804	525	514	470	677	1003	1389	1477	1741	2119	2614	2832	3158	3566	3432	3478	3485	3387	2978	2624	2152	1759	1546	997	 48727
06/14/10	Mon	542	326	329	443	1049	2343	4364	4569	4096	3485	3368	3515	3726	3778	4014	4222	4521	4738	3843	2881	2574	2250	1791	1170	 67937
06/15/10	Tue	559	365	330	465	1023	2307	4372	4595	4115	3546	3436	3488	3702	3856	3927	4255	4692	4702	4073	3272	2706	2552	1945	1149	 69432
06/16/10	Wed	605	407	368	470	1033	2345	4313	4535	4188	3628	3457	3585	3676	3944	3990	4199	4597	4569	3982	3219	2631	2533	1866	1130	 69270
06/17/10	Thu	609	417	392	448	1041	2316	4249	4501	4209	3651	3528	3519	3609	3951	3999	4404	4657	4746	4101	3374	2743	2293	1871	1305	 69933
06/18/10	Fri	701	421	352	501	1035	2166	4092	4310	4161	3557	3677	3778	3930	4219	4279	4477	4537	4548	4116	3577	3018	2897	2408	1617	 72374
06/19/10	Sat	963	589	536	489	710	1227	2092	2616	3139	3423	3466	3596	3783	3886	3838	3869	3920	3862	3479	3099	2655	2697	2216	1613	 61763
06/20/10	Sun	1015	649	551	481	629	903	1387	1774	2202	2527	3204	3438	3421	3733	3687	3638	3332	3258	3035	2829	2396	2133	1657	1065	 52944
06/21/10	Mon	559	355	312	437	1058	2434	4264	4469	4115	3544	3399	3421	3716	3698	3899	4337	4324	4576	3864	2999	2676	2221	1824	1118	 67619
06/22/10	Tue	607	339	312	441	1004	2298	4393	4465	3994	3524	3478	3517	3709	3781	4045	4309	4617	4725	4151	3281	2634	2246	1840	1184	 68894
06/23/10	Wed	602	376	351	428	1098	2416	4376	4443	4125	3513	3403	3446	3590	3825	3714	4036	4500	4818	4117	3267	2673	2326	1989	1304	 68736
06/24/10	Thu	690	413	373	480	1033	2247	4387	4411	4239	3627	3510	3520	3339	3969	4054	4452	4748	4832	4148	3258	2836	2605	2047	1237	 70455
06/25/10	Fri	668	504	420	499	1014	2329	4176	4478	4159	3611	3563	3875	4046	4176	4183	4479	4650	4569	4046	3505	2978	2710	2168	1502	 72308
06/26/10	Sat	917	558	441	469	658	1265	2101	2380	2881	3083	3384	3432	3627	3675	3593	3764	3514	3534	3471	2930	2548	2493	2054	1471	 58243
06/27/10	Sun	961	612	581	469	634	871	1440	1654	2085	2468	2979	3319	3328	3389	3317	3414	3323	3384	3037	2439	2288	2037	1757	1089	 50875
06/28/10	Mon	598	404	312	423	1015	2398	4312	4430	4078	3541	3350	3498	3538	3305	3938	4233	4518	4575	3852	3095	2617	2419	1764	1113	 67326
06/29/10	Tue	591	394	313	430	1022	2271	4450	4501	4110	3577	3551	3476	3611	3708	3880	4257	4326	4784	4210	3361	2758	2555	1915	1213	 69264
06/30/10	Wed	664	362	368	538	992	2405	4291	4415	4106	3685	3507	3622	3783	3807	4001	4325	4698	4694	4269	3383	2774	2457	1847	1261	 70254
07/01/10	Thu	632	384	393	486	1044	2397	4271	4290	4059	3592	3542	3750	3935	4001	4107	3971	4866	4692	4303	3345	3018	2488	2041	1425	 71032
07/02/10	Fri	698	464	377	515	1078	2363	4041	4253	4046	3639	3726	3942	4005	4352	4486	4479	4588	4525	4006	3619	3138	2829	2268	1619	 73056
07/03/10	Sat	883	553	513	455	753	1173	1875	2157	2488	2955	3252	3410	3485	3493	3620	3501	3633	3576	3037	2895	2625	2277	1895	1676	 56180
07/04/10	Sun	972	598	552	468	541	733	1118	1299	1768	1929	2486	2803	3046	3393	3468	3348	3398	3176	2994	2299	1955	1704	1987	1285	 47320
07/05/10	Mon	759	463	387	332	703	1158	1716	1913	2161	2364	2634	2847	3120	3377	3425	3261	3240	3137	2876	2638	2487	2211	1628	1079	 49916
07/06/10	Tue	562	337	291	427	995	2434	4257	4403	3956	3592	3488	3565	3480	3615	3975	4281	4268	4320	4111	3142	2458	2286	1854	1166	 67263
07/07/10	Wed	624	390	344	414	939	2363	4061	4172	3904	3659	3353	3478	3661	3612	3858	4224	4320	4665	4211	3158	2627	2319	1756	1057	 67169
07/08/10	Thu	598	358	350	455	980	2289	4185	4223	3979	3614	3398	3491	3668	4001	4030	4262	4545	4696	4100	3352	2675	2451	1890	1177	 68767
07/09/10	Fri	660	376	372	476	1040	2232	4051	4245	3978	3548	3662	3667	3975	4114	4249	4459	4537	4535	4226	3637	2998	2807	2326	1535	 71705
07/10/10	Sat	939	612	477	481	741	1276	2060	2438	2854	3144	3432	3521	3516	3805	3787	3783	3804	3722	3198	2954	2695	2489	2139	1591	 59458
07/11/10	Sun	955	623	560	491	673	961	1380	1680	2247	2556	3073	3222	3373	3433	3214	3239	3594	3260	2978	2657	2102	1824	1583	1114	 50792
07/12/10	Mon	569	377	341	447	1038	2492	4159	4516	4025	3473	3437	3521	3614	3722	3909	4261	4332	4573	3992	3092	2589	2160	1627	1114	 67380
07/13/10	Tue	622	370	328	414	1003	2160	4183	4401	3943	3505	3364	3349	3535	3625	3925	4213	4532	4580	3947	3339	2669	2216	1810	1128	 67161
07/14/10	Wed	644	369	327	456	1037	2395	4050	4442	4012	3605	3351	3327	3461	3800	3815	4162	4431	4687	4073	3300	2662	2314	1896	1172	 67788
07/15/10	Thu	614	397	358	481	1032	2306	4129	4482	3968	3386	3501	3518	3670	3908	3773	4060	4524	4700	4088	3266	2707	2498	1991	1316	 68673
07/16/10	Fri	690	459	374	511	1081	2244	3875	4359	3931	3562	3607	3733	3974	4200	4093	4303	4539	4595	3913	3480	3142	2896	2347	1587	 71495
07/17/10	Sat	954	649	520	514	754	1232	2005	2258	2707	3146	3426	3547	3485	3892	3695	3563	3707	3806	3722	3173	2655	2585	2185	1537	 59717
07/18/10	Sun	958	601	519	448	648	965	1368	1504	1997	2368	2961	3169	3285	3699	3469	3432	3412	3334	3032	2438	2303	2191	1726	1141	 50968
07/19/10	Mon	731	429	361	415	1011	2267	4282	4391	3903	3372	3337	3354	3437	3682	3829	4081	4369	4367	3833	2903	2584	2261	1727	1080	 66006
07/20/10	Tue	657	343	306	463	1000	2276	3854	4335	3846	3480	3311	3407	3509	3799	3834	4051	4296	4558	3911	3212	2616	2226	1718	1121	 66129
07/21/10	Wed	663	351	330	481	1020	2284	4085	4447	4025	3614	3473	3523	3667	3675	3762	4101	4394	4712	4072	3134	2649	2385	1923	1182	 67952
07/22/10	Thu	634	414	346	482	1009	2369	3994	4334	3995	3565	3404	3430	3469	3756	3842	4203	4642	4798	3936	3407	2449	2267	1962	1207	 67914
07/23/10	Fri	675	397	409	474	1050	2267	3880	4299	3910	3486	3505	3585	3769	3968	4127	4292	4613	4606	3971	3453	2877	2780	2139	1611	 70143
07/24/10	Sat	962	603	482	501	736	1207	1892	2069	2388	2734	2815	2935	2852	2916	3041	2849	2950	2951	3108	2874	2601	2573	2118	1552	 51709
07/25/10	Sun	1042	569	560	457	630	919	1298	1511	2036	2440	2867	3028	3244	3585	3463	3204	3307	3328	2934	2538	2285	2161	1738	1127	 50271
07/26/10	Mon	598	336	326	445	1014	2364	3860	4425	3738	3339	3373	3338	3522	3718	3848	4204	4397	4719	3672	3007	2620	2062	1712	1062	 65699
07/27/10	Tue	590	381	321	419	1010	2332	3766	4449	4006	3411	3537	3367	3455	3520	3716	3957	4302	4606	4189	3243	2532	2207	1796	1060	 66172
07/28/10	Wed	621	365	343	449	1010	2228	3927	4437	3924	3406	3353	3220	3323	3538	3672	4027	4584	4836	3994	3202	2612	2377	1871	1137	 66456
07/31/10	Sat	759	577	496	528	902	1482	2013	2352	2786	3074	3482	3552	3754	3997	3896	3809	3733	3559	3310	3010	2704	2625	2004	1548	 59952
08/01/10	Sun	887	598	521	494	760	1075	1448	1727	2167	2683	3080	3298	3356	3571	3474	3426	3430	3266	2800	2323	2131	1979	1402	879	 50775
08/02/10	Mon	468	341	347	584	1338	2996	4146	4223	3549	3293	3336	3450	3547	3657	3923	4099	4542	4561	3671	3044	2410	2023	1451	819	 65818
08/03/10	Tue	427	296	341	600	1271	2957	4276	4312	3728	3315	3518	3563	3597	3767	3994	4277	4719	4691	3953	2971	2419	2052	1526	972	 67542
08/04/10	Wed	495	351	367	592	1348	2861	4155	4311	3862	3515	3228	3473	3658	3790	3849	4236	4079	3941	3682	2842	2548	2213	1533	970	 65899
08/05/10	Thu	583	369	350	634	1335	2891	4201	4350	3790	3435	3440	3548	3845	3968	4082	4535	4776	4650	3871	3282	2581	2377	1800	1077	 69770
08/06/10	Fri	535	379	395	647	1260	2822	4131	4406	3971	3569	3565	3792	3923	4076	4222	4553	4527	4399	3679	3343	2866	2679	1992	1319	 71050
08/07/10	Sat	723	538	451	553	854	1465	2075	2355	2557	2734	2733	2992	2929	3203	3550	3415	3744	3679	3399	2803	2427	2398	1810	1398	 54785
08/08/10	Sun	888	594	524	505	748	1082	1408	1795	2039	2369	2682	2730	2836	3003	2877	2919	2957	3186	2792	2357	2200	1944	1318	781	 46534
08/09/10	Mon	379	314	332	563	1277	3001	4247	4324	3693	3381	3202	3330	3502	3678	3870	4236	4403	4332	3460	2821	2301	1930	1384	821	 64781
08/10/10	Tue	402	333	314	569	1203	3020	3977	3995	3610	3408	3343	3263	3488	3646	3824	4105	4356	4342	3821	2982	2593	2159	1489	965	 65207
08/11/10	Wed	480	283	338	555	1279	2992	4097	4038	3692	3457	3400	3337	3434	3619	3765	4138	4467	3967	3319	3179	2766	2225	1571	932	 65330
08/12/10	Thu	528	365	348	612	1268	2914	4128	4158	3722	3363	3357	3452	3560	3673	3980	4246	4485	4457	3554	3075	2526	2055	1755	1077	 66658
08/13/10	Fri	539	350	396	645	1248	2822	3987	4103	3628	3577	3499	3718	3850	4031	4026	4276	4447	4184	3745	3341	2797	2687	2018	1441	 69355
08/14/10	Sat	840	536	460	537	829	1413	2072	2417	2846	3121	3302	3646	3864	3968	3787	3871	3826	3591	3153	2839	2625	2481	1888	1343	 59255
08/15/10	Sun	816	542	503	513	754	1008	1369	1628	2115	2536	2991	3415	3668	3894	3717	3503	3426	3275	2802	2626	2481	1991	1429	869	 51871
08/16/10	Mon	401	287	312	547	1339	3044	3874	4278	3748	3124	3234	3355	3530	3698	3824	4182	4390	4387	3490	2852	2248	2010	1349	863	 64366
08/17/10	Tue	440	284	292	576	1267	2895	4075	4145	3752	3470	3224	3416	3571	3645	3845	4185	4420	3911	2047	1643	1299	1141	731	432	 58706
08/18/10	Wed	236	183	182	312	642	1841	2750	2669	2320	2154	1995	2030	2093	2275	2306	2478	2813	4039	2506	1703	1406	1111	799	428	 41271
08/19/10	Thu	280	191	196	353	679	1818	3730	4320	3755	3443	3343	3264	3813	3873	3931	4388	4498	4473	3702	3277	2516	2096	1483	866	 64288
08/20/10	Fri	477	372	377	653	1299	2837	4127	4252	3774	3331	3427	3616	3901	4032	4232	4399	4072	4159	3879	3333	2909	2750	1909	1256	 69373
08/21/10	Sat	759	542	464	516	799	1414	1972	2408	2939	3206	3333	3546	3660	3866	3807	3789	3840	3785	3491	2890	2664	2401	1905	1379	 59375
08/22/10	Sun	824	558	564	496	701	988	1325	1678	2161	2588	3097	3218	3378	3689	3498	3495	3530	3386	3033	2617	2347	1891	1249	828	 51139
08/23/10	Mon	408	268	305	594	1247	2947	4318	4335	3863	3307	3181	3316	3517	3774	3817	4086	4490	4226	3354	2770	2252	1884	1297	763	 64319
08/24/10	Tue	480	285	310	546	1148	2894	4112	4267	3658	3372	3178	3281	3416	3677	3890	4224	4413	4413	3754	2875	2531	2044	1413	779	 64960
08/25/10	Wed	432	268	321	542	1117	2973	4143	4215	3724	3534	3100	3306	3535	3710	3990	3985	4387	4454	3511	2890	2628	2168	1278	907	 65118
08/26/10	Thu	482	347	371	597	1194	2892	4227	4272	3651	3315	3263	3363	3520	3850	3664	3779	4160	4084	3872	2916	2569	2228	1481	891	 64988
08/27/10	Fri	495	316	386	636	1246	2814	4164	4265	3690	3520	3335	3503	3832	3516	4235	4435	4483	4301	3850	3240	2832	2385	1828	1230	 68537
08/28/10	Sat	735	482	518	509	731	1322	2054	2306	2802	3259	3457	3424	3560	3643	3528	3658	3751	3400	3418	2849	2592	2244	1817	1415	 57474
08/29/10	Sun	820	591	482	440	644	982	1314	1657	2086	2600	3017	3189	3368	3549	3478	3610	3461	3267	2803	2476	2260	1909	1268	781	 50052
08/30/10	Mon	368	283	292	519	1235	2906	4322	4363	3809	3220	3104	3267	3427	3584	3746	4225	4405	4156	3290	2638	2309	1795	1245	739	 63247
08/31/10	Tue	435	268	310	556	1092	2914	4279	4182	3658	3440	3195	3402	3335	3584	3838	4291	4423	4414	3685	2861	2536	1927	1343	773	 64741
09/01/10	Wed	440	243	316	537	1101	2156	3934	4184	3583	3349	3145	3239	3464	3720	3809	4156	4393	4360	3722	2974	2589	2136	1402	833	 63785
09/02/10	Thu	511	314	356	585	1152	2845	4177	4243	3771	3467	3313	3396	3593	3853	3945	4419	4600	4350	3895	3271	2682	2299	1442	927	 67406
09/03/10	Fri	494	371	412	667	1328	2691	4114	4083	3672	3524	3407	3666	3774	4045	4192	4113	4551	4309	3719	3529	2888	2474	1853	1248	 69124
09/04/10	Sat	665	498	445	516	819	1262	1938	2303	2731	3086	3314	3536	3400	3657	3457	3446	3355	3320	3305	2659	2332	2087	1588	1164	 54883
09/05/10	Sun	738	522	453	470	552	816	1038	1467	1905	2268	2758	2909	3085	3394	3275	3072	3144	2922	2567	2433	2159	1858	1399	880	 46084
09/06/10	Mon	535	406	536	460	731	1081	1415	1526	1932	2102	2538	2895	3001	3341	3210	3258	3228	3035	2756	2763	2303	1683	1148	692	 46575
09/07/10	Tue	344	232	290	549	1314	3029	4235	4107	3601	3427	3282	3341	3618	3692	3827	4260	4282	4419	3841	3059	2341	1884	1278	736	 64988
09/08/10	Wed	429	253	296	551	1152	2840	4280	4220	3674	3386	3263	3177	3399	3753	3775	4208	4304	4443	3682	2857	2485	1961	1314	787	 64489
09/09/10	Thu	413	344	337	571	1081	2766	4314	4214	3678	3352	3224	3282	3400	3665	3902	4179	4350	4389	3702	2935	2508	2097	1447	860	 65010
09/10/10	Fri	516	328	332	624	1170	2745	4232	4152	3761	3278	3264	3631	3754	4003	4153	4326	4439	4326	4044	3460	2624	2524	1753	1159	 68598
09/11/10	Sat	662	450	440	480	786	1377	1999	2600	2971	3075	3313	3395	3650	3805	3739	3597	3819	3653	3152	3070	2519	2211	1616	1227	 57606
09/12/10	Sun	704	491	472	444	563	961	1291	1635	2093	2555	3079	3001	3193	3442	3272	3324	3349	3228	2902	2542	2226	1700	1165	650	 48282
09/13/10	Mon	366	263	299	570	1186	2896	4286	4284	3777	3184	3108	3214	3350	3655	3838	4110	4362	4310	3432	2740	2224	1825	1272	734	 63285
09/14/10	Tue	434	282	347	522	1073	2835	4173	4269	3769	3242	3024	3038	3229	3529	3731	4176	4340	4408	3645	3070	2288	1787	1360	847	 63418
09/15/10	Wed	404	310	308	537	1141	2867	4116	4164	3726	3562	3276	3298	3497	3668	3844	4130	4310	4300	3888	3124	2527	2111	1351	754	 65213
09/16/10	Thu	440	288	353	583	1130	2894	4325	4292	3593	3324	3268	3303	3480	3780	3951	4177	4377	4375	3693	3464	2736	2245	1536	912	 66519
09/17/10	Fri	515	326	383	661	1169	2772	4220	4177	3516	3345	3568	3741	3729	3898	4139	4202	4230	4105	3722	3468	2839	2487	1807	1255	 68274
09/18/10	Sat	697	467	491	504	792	1362	1937	2369	2740	3131	3396	3600	3584	3714	3674	3630	3643	3668	3466	3013	2482	2201	1821	1295	 57677
09/19/10	Sun	678	468	453	475	664	970	1367	1602	2169	2660	3087	3343	3497	3615	3288	3121	3174	3185	2989	2659	2331	1751	1157	714	 49417
09/20/10	Mon	396	279	327	587	1243	2895	4182	4076	3640	3414	3153	3273	3498	3680	3851	4139	4398	4155	3474	2777	2106	1806	1298	738	 63385
09/21/10	Tue	396	300	328	554	1127	2852	4277	4241	3786	3181	3154	3254	3501	3586	3732	4046	4326	4173	3653	2990	2251	1987	1162	726	 63583
09/22/10	Wed	405	278	308	560	1106	2892	4130	4169	3595	3364	3117	3245	3363	3732	3761	4181	4006	3954	3649	2848	2234	1973	1332	782	 62984
09/23/10	Thu	443	313	350	584	1161	2791	4235	4272	3685	3433	3224	3323	3572	3835	3932	4200	4390	4199	3652	3245	2553	2161	1495	828	 65876
09/24/10	Fri	488	323	402	616	1177	2732	4238	4209	3702	3358	3490	3593	3766	3954	4079	4345	4498	4034	3797	3461	2859	2456	1878	1232	 68687
09/25/10	Sat	701	494	450	486	705	1345	1933	2537	2953	3258	3406	3354	3793	3729	3715	3681	3688	3670	3275	3008	2644	2366	1784	1337	 58312
09/26/10	Sun	752	585	555	503	627	947	1297	1591	2083	2728	3072	3250	3466	3439	3358	3082	3154	3170	3014	2687	2159	1649	1223	703	 49094
09/27/10	Mon	369	270	322	575	1337	2907	4317	4183	3826	3300	3162	3274	3456	3596	3776	4283	4361	4096	3460	2769	2152	1871	1285	682	 63629
09/28/10	Tue	415	282	297	560	1076	2848	4224	4330	3636	3250	3146	3307	3402	3535	3740	4098	4262	4332	3910	3130	2295	1876	1234	729	 63914
09/29/10	Wed	367	276	324	500	1100	2796	4108	4272	3597	3295	3176	3318	3590	3494	3782	4317	4437	4205	3771	3186	2320	1882	1384	744	 64241
09/30/10	Thu	419	338	321	598	1204	2815	4261	4274	3592	3468	3288	3263	3583	3746	3812	4088	4402	4268	3919	3240	2484	2086	1464	894	 65827
10/01/10	Fri	504	316	393	606	1157	2735	4221	4229	3718	3526	3452	3741	3835	4062	4086	4274	4308	4204	3921	3677	2789	2420	1803	1203	 69180
10/02/10	Sat	668	478	510	487	751	1232	1969	2391	2974	3268	3387	3503	3718	3746	3725	3757	3810	3731	3546	2933	2336	2111	1662	1180	 57873
10/03/10	Sun	758	505	509	475	593	888	1304	1704	2236	2730	3031	3088	3228	3536	3461	3510	3508	3387	3126	2594	2159	1662	1164	694	 49850
10/04/10	Mon	340	252	323	554	1202	2860	4233	4005	3567	3298	3121	3318	3389	3557	3729	3995	4295	4185	3393	2753	2075	1777	1145	702	 62068
10/05/10	Tue	421	266	321	541	1142	2790	4175	4139	3670	3283	3167	3193	3237	3543	3802	4287	4256	4356	3731	2981	2228	1945	1243	716	 63433
10/06/10	Wed	440	263	318	521	1075	2885	4119	4253	3821	3260	3028	3219	3444	3516	3550	4224	4425	4320	3747	2917	2275	1803	1349	780	 63552
10/07/10	Thu	413	262	343	585	1204	2884	4163	4168	3517	3288	3236	3278	3490	3681	3920	4281	4463	4451	3965	3216	2396	2094	1462	867	 65627
10/08/10	Fri	489	330	340	621	1298	2735	4155	4183	3813	3382	3616	3573	3796	3953	4110	4276	4401	4169	4073	3588	2731	2374	1822	1157	 68985
10/09/10	Sat	659	554	450	487	762	1336	1964	2333	2945	3248	3212	3477	3678	4008	3927	3636	3681	3676	3319	2882	2330	2119	1711	1105	 57499
10/10/10	Sun	753	563	461	470	591	836	1216	1591	2007	2447	2990	2885	3057	3236	3341	3192	3234	3182	2931	2397	1921	1491	1098	675	 46565
10/11/10	Mon	373	254	294	480	1256	2817	4118	4145	3607	3148	3143	3248	3411	3676	3779	4160	4072	4214	3461	2817	2030	1769	1194	742	 62208
10/12/10	Tue	394	267	309	559	1172	2840	3924	3880	3362	3021	3122	3073	3343	3666	3724	4112	4182	4058	3584	2786	2168	1807	1232	669	 61254
10/13/10	Wed	377	291	321	546	1064	2745	4157	3981	3707	3201	3239	3277	3396	3567	3836	4240	4294	4273	3709	3057	2440	1906	1347	781	 63752
10/15/10	Fri	460	301	346	615	1304	2828	4186	4106	3595	3424	3494	3640	3901	3874	4093	4280	4290	4276	4049	3706	2765	2424	1849	1184	 68990
10/16/10	Sat	692	549	478	514	786	1389	2041	2426	2947	3149	3386	3505	3648	3792	3664	3671	3719	3615	3357	2984	2560	2293	1733	1260	 58158
10/17/10	Sun	764	591	528	503	633	966	1320	1647	2163	2564	3012	3220	3529	3886	3279	3182	3278	3322	2976	2622	2019	1637	1097	739	 49477
10/18/10	Mon	374	238	334	551	1339	2935	4173	4166	3355	3446	3081	3223	3443	3589	3786	4139	4224	4233	3485	2740	2067	1740	1171	729	 62561
10/19/10	Tue	357	282	324	599	1137	2791	4228	4197	3478	3083	3025	3110	3311	3536	3791	4096	4267	4111	3814	2949	2141	1856	1225	660	 62368
10/20/10	Wed	403	283	358	538	1203	2811	4135	4129	3488	3366	3040	3268	3335	3625	3764	4019	4323	4011	3605	3066	2363	1923	1394	806	 63256
10/21/10	Thu	428	360	411	626	1251	2921	4228	4153	3509	3305	3212	3300	3507	3722	3896	4230	4456	4421	3817	3126	2439	2075	1464	813	 65670
10/22/10	Fri	477	325	424	590	1294	2802	4120	4190	3602	3390	3379	3641	3786	3984	4219	4463	2887	3755	3795	3317	2521	2452	1820	1115	 66348
10/24/10	Sun	743	583	501	449	607	856	1305	1487	2007	2516	2953	3200	3309	3701	3357	3232	3296	3268	3035	2493	1968	1545	1120	758	 48289
10/25/10	Mon	388	270	316	560	1209	2944	4132	4155	3371	3089	3100	3223	3319	3483	3811	3901	4038	4029	3153	2602	2015	1713	1203	696	 60720
10/26/10	Tue	375	269	307	545	1059	2715	4041	4136	3665	3251	3178	3241	3305	3588	3777	4056	4283	4084	3702	2812	2205	1768	1190	705	 62257
10/27/10	Wed	392	287	313	517	1119	2706	4179	4099	3446	2807	3186	3259	3336	3659	3756	3770	4181	4163	3790	2912	2262	1874	1253	727	 61993
10/28/10	Thu	444	330	310	577	1116	2791	4153	4109	3367	3159	3202	2896	3572	3887	3910	4169	4320	4491	4083	3129	2375	2096	1480	810	 64776
10/29/10	Fri	479	312	407	613	1157	2605	4011	4036	3418	3282	3342	3426	3755	3957	4091	4203	4272	4140	3857	3309	2858	2399	1797	1171	 66897
10/30/10	Sat	773	526	463	491	675	1247	1694	2033	2287	2518	2544	2749	2939	3015	2930	2857	2831	2923	2942	2761	2507	2355	1786	1185	 49031
10/31/10	Sun	849	643	635	517	552	853	1057	1282	1882	2307	2671	2789	2905	3219	3171	3113	3251	3094	2738	2248	2175	1837	1271	754	 45813
11/01/10	Mon	409	299	358	569	1204	2870	3813	3851	3571	3217	3027	3091	3355	3492	3707	4150	4101	4046	3486	2637	1920	1675	1197	694	 60739
11/02/10	Tue	347	263	334	560	1091	2729	4067	4192	3608	3216	2937	3144	3275	3558	3729	4011	4224	4200	3676	2632	1992	1744	1192	704	 61425
11/03/10	Wed	417	296	330	521	1054	2812	4022	3899	3581	3319	3096	3105	3317	3531	3820	4078	4386	4150	3598	2689	2170	1864	1243	744	 62042
11/04/10	Thu	397	316	357	582	1190	2784	4140	4236	3633	3285	3180	3264	3522	3738	3686	4242	4592	4217	3944	3083	2233	1957	1346	819	 64743
11/05/10	Fri	454	338	344	627	1182	2775	4004	4086	3527	3370	3288	3558	3782	3916	4134	4359	4277	4229	3996	3319	2546	2278	1776	1073	 67238
11/06/10	Sat	659	495	422	505	668	1270	1873	2228	2470	2563	2680	2741	2912	2950	2910	2816	2945	2965	3226	2683	2136	2087	1645	1122	 48971
11/07/10	Sun	620	464	414	363	392	546	877	1337	1695	2112	2551	3031	3213	3247	3508	3451	3285	3441	3336	2734	2186	1854	1369	1021	 47047
11/08/10	Mon	342	251	298	543	1172	2903	4454	4195	3558	3142	3062	3254	3330	3471	3587	4027	4424	4178	3313	2407	1856	1580	1106	645	 61098
11/09/10	Tue	405	274	310	538	1106	2862	4246	4277	3552	3140	3068	3191	3334	3587	3501	3734	3815	3382	2776	2098	1638	1527	996	596	 57953
11/10/10	Wed	348	242	316	502	1109	2789	4001	4007	3616	3263	3122	3214	3351	3587	3803	4098	4355	4401	3564	2874	2275	1738	1260	707	 62542
11/11/10	Thu	413	325	358	542	1201	2649	3742	3648	3080	2899	2982	2993	3272	3589	3834	4115	4189	3860	3114	2478	1978	1729	1181	729	 58900
11/12/10	Fri	427	280	362	573	1167	2816	4053	3948	3632	3229	3477	3546	3699	3952	4171	4247	4430	4239	3832	2932	2412	2282	1659	1056	 66421
11/13/10	Sat	651	464	455	453	704	1181	1807	2176	2763	2891	3066	3268	3478	3512	3588	3475	3596	3596	3581	2718	1973	1789	1391	1483	 54059
11/14/10	Sun	734	559	452	463	581	913	1321	1449	1897	2355	2626	2867	3157	3563	3203	3196	3478	3141	2827	2195	1894	1357	1013	596	 45837
11/15/10	Mon	366	245	288	522	1251	3047	4248	3930	3343	2907	2903	3029	3208	3611	3807	4069	4266	4152	3212	2282	1906	1541	1189	679	 60001
11/16/10	Tue	352	251	331	526	1096	2796	4224	4203	3620	3374	3107	3185	3407	3560	3885	3971	3816	4027	3518	2440	1820	1641	1070	602	 60822
11/17/10	Wed	379	248	320	510	1007	2739	3977	3769	3734	3288	3003	3330	3379	3602	3878	4009	4139	4082	3494	2539	2239	1871	1221	721	 61478
11/18/10	Thu	399	327	333	589	1167	2960	4137	4106	3538	3302	3134	3365	3421	3648	3930	4293	4285	4291	3843	2960	2173	1972	1390	817	 64380
11/19/10	Fri	478	353	407	646	1260	2841	4048	4187	3797	3361	3288	3570	3627	4042	4319	4452	4488	4258	3850	3157	2463	2321	1834	1119	 68166
11/20/10	Sat	697	482	433	480	891	1444	1872	2188	2215	2366	2537	2605	2589	2637	2532	2589	2700	2543	2352	2152	1946	2006	1613	1083	 44952
11/21/10	Sun	639	479	482	505	612	973	1247	1453	1809	2294	2735	2831	2664	2619	3342	3083	3309	3025	2512	2053	1714	1432	1124	688	 43624
11/22/10	Mon	340	271	317	578	1125	2803	4094	3949	3587	3116	3125	3270	3386	3680	3881	4006	4364	4282	3361	2432	1977	1741	1274	840	 61799
11/23/10	Tue	425	298	353	622	1197	2945	4159	4008	3614	3388	3319	3429	3651	3771	4077	4161	4426	4347	3868	2977	2440	2063	1456	983	 65977
11/24/10	Wed	535	311	393	748	1234	2845	3820	3816	3362	3305	3624	3737	4048	4103	4267	4352	4212	3887	3094	2594	2285	1987	1547	1011	 65117
11/25/10	Thu	587	379	343	402	679	917	1176	1304	1458	1974	2543	2976	3078	3146	2983	2503	2642	2701	2597	2319	2112	1843	1565	1054	 43281
11/26/10	Fri	602	486	466	705	981	1701	2330	2468	2496	2729	2894	3119	3241	3547	3461	3376	3333	3239	2698	2328	1878	1802	1440	938	 52258
11/27/10	Sat	537	412	384	447	716	1166	1557	1659	2185	2461	2747	2663	2760	3458	3355	3254	3339	3349	2865	2516	1928	1841	1510	1084	 48193
11/28/10	Sun	610	488	479	472	812	1118	1497	1576	1990	2411	2715	2936	3187	3442	3305	3247	3288	3023	2677	2197	1790	1371	968	664	 46263
11/29/10	Mon	373	253	306	551	1246	2880	3915	3807	3386	3058	3012	3224	3193	3493	3758	4086	4116	4002	2978	2284	1847	1638	1148	716	 59270
11/30/10	Tue	411	286	339	555	1139	2876	4108	4023	3712	3161	3236	3234	3350	3657	3906	4102	3911	4088	3505	2688	2058	1773	1239	723	 62080
12/01/10	Wed	452	257	349	506	1087	2781	4044	4173	3593	3332	3054	3096	3248	3617	3852	4109	4232	4251	3449	2492	2134	1797	1308	780	 61993
12/02/10	Thu	424	333	371	563	1069	2744	4029	4108	3464	3286	3034	3241	3397	3607	3809	4183	4261	4243	3606	2591	2186	2111	1404	855	 62919
12/03/10	Fri	484	360	408	619	1187	2856	4061	4059	3669	3394	3446	3493	3635	3259	3935	4312	4423	4307	3835	3011	2397	2131	1657	1136	 66074
12/04/10	Sat	680	486	442	470	739	1332	1757	2051	2577	2751	2864	3236	3299	3479	3542	3626	3768	3544	3009	2408	2055	2007	1631	1083	 52836
12/05/10	Sun	677	510	444	419	560	852	1162	1393	1669	2282	2553	2708	2871	3374	3225	3373	3248	3234	2594	2033	1734	1486	1099	697	 44197
12/06/10	Mon	350	255	346	513	1150	2883	4109	4121	3492	3239	2975	3191	3285	3488	3723	4113	4221	4048	3220	2367	1839	1666	1186	725	 60505
12/07/10	Tue	394	294	330	565	1055	2697	4002	4180	3679	3194	2977	3068	3258	3398	3669	3978	4253	4130	3487	2478	2110	1856	1263	715	 61030
12/08/10	Wed	429	285	330	515	958	2744	3971	4100	3646	3400	3059	3147	3269	3558	3840	4093	4136	4124	3430	2525	2207	1947	1783	855	 62351
12/09/10	Thu	437	330	352	563	1082	2782	3918	4137	3663	3284	3125	3243	3396	3826	3957	4308	4410	4233	3648	2722	2149	1961	1400	837	 63763
12/10/10	Fri	494	362	377	629	1077	2724	3871	4179	3593	3275	3294	3380	3644	4071	4174	4375	4498	4175	3773	3008	2411	2308	1739	1165	 66596
12/11/10	Sat	703	473	477	496	729	1290	1679	1984	2453	2824	3128	3172	3439	3524	3659	3525	3659	3574	3281	2651	2332	2124	1786	1322	 54284
12/12/10	Sun	755	561	512	455	593	885	1197	1284	1700	2265	2586	2916	3166	3534	3341	3293	3303	3218	2620	2193	1887	1543	1072	651	 45530
12/13/10	Mon	381	279	315	523	1190	2795	4089	4113	3632	3161	3103	3136	3281	3552	3279	3866	4186	4056	3393	2493	1978	1748	1216	754	 60519
12/14/10	Tue	449	287	317	500	1069	2780	4066	3697	3624	3248	3058	3274	3314	3726	3904	4271	4355	4379	3540	2692	2154	1867	1364	782	 62717
12/15/10	Wed	445	278	346	528	1047	2820	4133	4072	3688	3285	3240	3318	3424	3774	4021	4220	4050	3890	3247	2278	1913	1853	1340	868	 62078
12/16/10	Thu	499	361	383	582	1092	2860	3977	3894	3573	3121	3132	3449	3526	3839	4031	4194	4292	4132	3624	2885	2372	1938	1630	955	 64341
12/17/10	Fri	564	339	424	618	1187	2687	3739	3889	3240	3249	3426	3710	3778	4098	3940	4386	4423	4168	3621	3208	2661	2568	1978	1328	 67229
12/18/10	Sat	831	573	508	518	845	1415	1825	2141	2616	2942	3274	3334	3560	3660	3394	3364	3730	3446	2538	2523	2466	2430	1952	1377	 55262
12/19/10	Sun	804	573	535	519	654	959	1337	1433	1840	2265	2748	2872	3227	3618	3324	3325	3315	3346	2737	2340	2155	1928	1494	893	 48241
12/20/10	Mon	448	321	359	551	1190	2701	3828	3910	3495	3181	3274	3464	3439	3750	3807	4029	4184	4120	3501	2671	2233	2022	1466	972	 62916
12/21/10	Tue	509	337	350	608	1234	2801	3867	3721	3486	3299	3357	3547	3484	3750	4002	4011	4485	4240	3602	2876	2384	2221	1666	1062	 64899
12/22/10	Wed	566	374	389	604	1255	2769	3854	3825	3576	3303	3329	3529	3108	3742	3962	4434	4332	4117	3666	3070	2633	2256	1685	1195	 65573
12/23/10	Thu	722	478	442	662	1166	2430	3535	3478	3319	3046	3383	3578	3954	4182	4387	4387	3566	4043	3408	3003	2732	2396	1879	1299	 65475
12/24/10	Fri	647	457	469	568	847	1392	1696	1843	2293	2644	3011	3328	3466	3686	3775	3221	3293	2783	3071	2522	2321	2045	1782	1278	 52438
12/25/10	Sat	794	614	447	379	490	669	894	934	1243	1696	2065	2364	2682	2984	2893	2760	2617	2562	2309	2275	2041	1804	1363	810	 39689
12/26/10	Sun	506	357	303	398	720	939	1321	1322	1675	2078	2547	2907	3024	3460	3451	3197	3145	3162	2769	2373	1889	1558	1118	766	 44985
12/27/10	Mon	483	329	376	514	1103	2263	3395	3348	3116	2932	2892	3046	3231	3580	3586	3985	3939	3764	3049	2402	1902	1625	1222	809	 56891
12/28/10	Tue	456	292	358	565	1120	2375	3619	3607	3338	3093	3136	3243	3274	3559	3700	3977	3985	3994	3305	2540	2082	1850	1318	891	 59677
12/29/10	Wed	446	250	342	577	1107	2409	3603	3495	3209	3149	3119	3380	3381	3659	3805	4101	4108	3984	3360	2686	2275	1900	1363	848	 60556
12/30/10	Thu	603	408	403	563	1142	2259	3365	3359	3195	3093	2565	3022	2859	2854	2867	2761	2404	1946	1593	1174	924	1000	827	567	 45753
12/31/10	Fri	504	331	343	478	783	1185	1274	1140	1473	1740	1813	2164	2369	2857	2498	2562	2390	2131	2201	1875	1627	1356	1112	722	 36928