01/01/10	Fri	1173	1484	1179	794	585	594	753	811	1059	1273	1843	2385	2627	3068	3038	3092	2758	2703	2655	2131	1852	1864	1733	1233	 42687
01/02/10	Sat	846	552	530	378	408	600	984	1384	1706	2077	2441	2975	3411	3752	3648	3921	3712	3387	2934	2453	2199	2283	2003	1571	 50155
01/03/10	Sun	1161	816	750	456	360	535	957	1233	1487	1887	2399	2922	3064	3281	3431	3000	3113	3153	3265	2614	2188	2182	1859	1251	 47364
01/04/10	Mon	849	504	408	260	462	1232	2676	3740	3602	3133	3038	3470	3547	3686	4054	4148	3843	3398	3190	2579	2248	2010	1743	1274	 59094
01/05/10	Tue	763	469	354	382	534	1334	2995	4122	3603	3197	3321	3366	3533	3614	3946	4169	3828	3669	3423	2644	2244	2063	1813	1212	 60598
01/06/10	Wed	739	433	348	319	495	1158	2718	3886	3534	3284	2858	2987	2963	2918	3074	3446	3186	2345	1978	1661	1512	1336	1564	1160	 49902
01/07/10	Thu	680	462	319	353	447	1136	2167	3498	3995	3590	2523	2696	2849	2978	3284	3533	3271	2877	2839	2316	1911	1831	1576	1152	 52283
01/08/10	Fri	709	396	422	376	456	1073	2387	3657	3204	3040	2895	3158	3649	3837	3847	4038	3572	3297	3390	2901	2160	2009	1887	1436	 57796
01/09/10	Sat	1109	631	624	422	344	586	1139	1711	2062	2413	2837	3293	3493	3772	4004	3991	4010	3564	3187	2433	1999	2109	2047	1417	 53197
01/10/10	Sun	1157	718	799	442	331	394	1007	1164	1309	1882	2469	2888	2946	3568	3468	3523	3619	3330	3036	2366	2115	2070	1510	1061	 47172
01/11/10	Mon	727	450	341	311	515	1263	3019	3933	3613	3486	3292	3302	3101	3162	3596	4047	3681	3398	3143	2627	2019	1887	1749	1225	 57887
01/12/10	Tue	723	425	389	392	520	1217	3009	4142	3685	3261	3457	3404	3273	3319	3591	3738	3436	3458	3380	2600	2256	2023	1835	1217	 58750
01/13/10	Wed	690	450	395	344	455	1216	2873	3937	3607	3216	3223	3514	3300	3347	3592	3859	3552	3483	3465	2688	2269	1943	2005	1218	 58641
01/14/10	Thu	713	422	422	375	549	1297	2953	4127	3758	3180	3018	3432	3462	3657	3809	4033	3718	3344	3443	2741	2309	2326	1865	1424	 60377
01/15/10	Fri	847	505	529	414	537	1292	2771	3941	3648	3425	3563	3843	3967	4101	4270	4473	3905	3416	3670	3043	2650	2510	2385	1725	 65430
01/16/10	Sat	1211	718	692	467	389	571	929	1586	2069	2639	3035	3177	3455	3521	3312	3511	3304	3516	3082	2521	2202	2032	1990	1421	 51350
01/17/10	Sun	967	709	766	411	309	343	673	954	1232	1765	2459	2737	2872	3273	3353	3365	3393	3124	2928	2336	2144	2093	1429	1239	 44874
01/18/10	Mon	798	412	426	299	486	1081	2335	2957	2996	3057	3352	3602	3690	3924	4194	4139	3878	3778	3541	2669	2303	2219	1700	1296	 59132
01/19/10	Tue	773	421	381	404	486	1236	3044	4259	3508	3250	3045	3193	3568	3732	3970	3856	3498	3181	3034	2577	2299	2022	1692	1275	 58704
01/20/10	Wed	723	425	386	383	481	1170	2903	4113	3732	3182	2959	2991	3102	3187	3450	3719	3302	3009	3391	2594	2293	2160	1838	1241	 56734
01/21/10	Thu	759	467	425	391	528	1196	2934	4065	3730	3133	2972	3362	3407	3577	3884	4115	3489	3354	3164	2730	2302	2339	1898	1274	 59495
01/22/10	Fri	816	529	515	450	570	1263	2822	3939	3589	3233	3122	3323	3864	3998	4178	4192	3934	4343	3648	3056	2535	2456	2287	1626	 64288
01/23/10	Sat	1066	710	816	497	434	596	1092	1669	2151	2471	2991	3436	3837	3851	3922	3821	3660	3458	3284	2623	2151	2038	1999	1626	 54199
01/24/10	Sun	1027	790	766	441	333	396	732	1027	1319	1915	2276	2512	3064	3472	3434	3280	3334	3021	2859	2306	2160	2311	1540	1162	 45477
01/25/10	Mon	640	403	378	357	487	1215	2850	3987	3714	3372	3368	3512	3488	3566	3742	4058	3565	3201	3113	2458	2166	1881	1646	1130	 58297
01/26/10	Tue	630	436	354	417	547	1188	2951	4291	3885	3117	2944	3060	3368	3485	3894	3987	3367	3282	3074	2544	2136	2186	1583	1219	 57945
01/27/10	Wed	637	391	333	390	494	1237	2885	4101	3755	3140	2830	3200	3418	3558	3803	3732	3435	3575	3316	2635	2165	2095	1729	1195	 58049
01/28/10	Thu	740	438	389	452	495	1157	2738	3958	3538	3080	2850	2984	3030	3201	3446	3584	3624	3525	3222	2825	2218	2214	1960	1396	 57064
01/29/10	Fri	820	439	468	411	520	1158	2684	3919	3540	3150	3273	3943	3907	3938	4168	4486	4353	3653	3649	3226	2717	2441	2268	1697	 64828
01/30/10	Sat	1166	803	829	511	410	572	1104	1707	2186	2574	3039	3429	3795	4004	4045	4163	4175	4055	3574	2743	2171	2169	2041	1452	 56717
01/31/10	Sun	1018	771	864	470	392	417	800	1088	1306	1970	2314	2819	3246	3797	3789	3812	3790	3288	3071	2514	2253	2225	1711	1162	 48887
02/01/10	Mon	663	432	425	324	504	1224	2730	4033	3773	3302	3430	3565	3657	3634	3983	4191	4003	3446	3218	2716	2066	1771	1630	1168	 59888
02/02/10	Tue	690	431	401	368	539	1190	2954	4076	3637	3294	3117	3311	3404	3522	3971	4006	3722	3275	3310	2553	2198	2093	1766	1165	 58993
02/03/10	Wed	693	393	372	367	484	1173	2887	4127	3675	3297	3222	3473	3452	3591	3847	4187	3912	3525	3370	2696	2330	2169	1835	1267	 60344
02/04/10	Thu	722	409	374	390	506	1114	2827	3948	3612	3125	2886	3445	3646	3749	3836	4274	3363	3478	3133	2856	2490	2178	1866	1421	 59648
02/05/10	Fri	824	508	478	462	568	1201	2722	3831	3795	3326	3454	3721	4009	4124	4483	4228	3798	3678	3606	3248	2584	2421	2178	1694	 64941
02/06/10	Sat	1161	750	809	469	396	520	1125	1720	2158	2476	2988	3504	3692	3896	3972	4058	4048	3761	3160	2702	2178	2100	1923	1488	 55054
02/07/10	Sun	1036	699	801	529	446	381	800	961	1302	1798	2146	2470	2552	2912	3000	3279	2942	1930	1828	1583	2343	2262	1639	1099	 40738
02/08/10	Mon	674	374	337	375	505	1179	2219	3012	3349	2388	2551	2545	2735	2948	3135	3348	3107	2652	2452	2171	1652	1613	1517	1031	 47869
02/09/10	Tue	660	366	341	332	484	1078	2574	3665	3421	3093	2886	2904	3376	3634	3847	4046	3792	3378	3238	2627	2213	1990	1581	1117	 56643
02/10/10	Wed	672	352	290	308	425	1056	2621	3782	3589	3238	3095	3397	3281	3560	3924	4277	4283	4046	3423	2754	2353	2218	1807	1354	 60105
02/11/10	Thu	870	489	403	431	542	1202	2703	3922	3739	3310	3182	3453	3475	3704	4023	4313	4072	3849	4054	3084	2451	2153	1861	1527	 62812
02/12/10	Fri	1003	612	562	506	538	1213	2800	4054	3574	3277	3375	3644	3966	4014	4141	4222	4313	3486	3539	3125	2650	2542	2190	1658	 65004
02/13/10	Sat	1167	784	711	476	432	540	997	1545	2001	2468	2982	3452	3611	3636	3621	3925	3799	3352	3003	2611	2351	2138	2077	1486	 53165
02/14/10	Sun	1193	831	793	438	269	329	610	800	1025	1538	2012	2300	2496	2894	3077	3187	2981	3012	2930	2491	1970	1923	1601	1251	 41951
02/15/10	Mon	867	510	398	339	463	882	2021	2721	2905	2882	3016	3273	3668	3869	4052	4333	3889	3574	3436	2960	2429	2192	1772	1262	 57713
02/16/10	Tue	791	414	311	299	444	1106	2646	3884	3783	3241	3207	3523	3641	3721	4044	4307	3770	3609	3602	2771	2304	2246	1844	1326	 60834
02/17/10	Wed	753	433	461	384	501	1184	2809	4169	3668	3297	3177	3543	3420	3692	3894	4026	3697	3557	3335	2743	2273	2157	1658	1322	 60153
02/18/10	Thu	673	451	368	431	496	1186	2868	4212	3578	3128	3145	3503	3418	3681	3788	3119	4167	2597	2086	2561	2015	1938	1633	1307	 56349
02/19/10	Fri	769	489	472	487	520	1087	2531	3417	3164	2939	2884	3019	3223	3273	3606	3815	3263	2698	2679	3278	2792	2394	2032	1581	 56412
02/20/10	Sat	1097	707	653	408	425	543	1047	1552	1961	2130	2501	2907	3126	3191	3426	3373	3340	3062	2854	2443	2028	1939	1906	1455	 48074
02/21/10	Sun	1059	711	817	443	366	377	706	994	1171	1516	1908	2195	2559	2808	2845	2858	2896	2700	2375	2159	1695	1718	1526	1074	 39476
02/22/10	Mon	807	449	316	347	427	1047	2300	3374	3120	3113	3020	3104	3358	3354	3710	3863	4338	3874	3280	2503	1936	1845	1610	1175	 56270
02/23/10	Tue	696	415	294	308	419	1011	2702	3645	3859	3180	2951	3394	3162	3133	3514	3655	3335	3127	3352	2905	2277	2180	1755	1363	 56632
02/24/10	Wed	741	495	371	401	476	1120	2910	3951	3636	3506	3290	3369	3519	3620	3693	4033	3700	4283	3629	2842	2426	2197	1787	1300	 61295
02/25/10	Thu	717	451	422	402	485	1103	2805	4020	3658	3275	3232	3596	3526	3886	3853	3987	3565	3442	2992	2736	2349	2162	1820	1366	 59850
02/26/10	Fri	868	494	442	454	536	1167	2709	3763	3683	3883	3423	3790	3969	3889	4108	4529	4124	3538	3495	3314	2749	2589	2215	1794	 65525
02/27/10	Sat	1268	916	756	498	469	574	1146	1808	2248	2584	3097	3515	3827	3792	4106	4077	4154	3871	3480	2991	2418	2210	2059	1509	 57373
02/28/10	Sun	1160	818	805	444	354	432	801	1104	1410	1952	2344	2714	3108	3586	3467	3387	3293	3160	3057	2527	2125	2068	1649	1264	 47029
03/01/10	Mon	897	438	337	363	494	1144	2745	3927	3481	3192	3076	3238	3537	3598	3841	4002	3688	3584	3217	2743	2171	1916	1733	1188	 58550
03/02/10	Tue	782	471	320	412	485	1138	2856	4014	3764	3470	3349	3382	3535	3219	3706	3858	3870	3665	3592	2886	2370	2171	1787	1286	 60388
03/03/10	Wed	704	453	345	378	473	1099	2913	4049	3664	3569	3284	3515	3386	3412	3630	3805	3867	3715	3619	3084	2511	2354	1806	1325	 60960
03/04/10	Thu	802	488	387	396	496	1194	2928	4173	3731	3534	3318	3516	3556	3523	3765	4008	3531	3718	3676	3208	2704	2351	2098	1440	 62541
03/05/10	Fri	936	527	494	451	503	1120	2626	3946	3570	3452	3582	3776	3869	4061	4166	4211	4122	3656	3841	3365	2908	2703	2421	1739	 66045
03/06/10	Sat	1222	878	736	537	438	598	1249	1899	2318	2929	3278	3403	3644	3680	4127	4349	4275	4065	3650	2931	2524	2291	2224	1519	 58764
03/07/10	Sun	1156	735	829	296	347	434	846	1193	1456	1921	2289	2766	3256	3692	3881	4025	3884	3796	3489	2683	2402	2245	1639	1305	 50565
03/08/10	Mon	873	503	328	331	444	1115	2808	4002	3831	3192	2981	3168	3306	3539	3777	4059	3719	3796	3023	2588	2196	1851	1755	1422	 58607
03/09/10	Tue	732	425	373	373	485	1090	2800	4232	3821	3605	3407	3499	3476	3632	3847	4126	3855	4315	3583	2923	2399	2157	1791	1189	 62135
03/10/10	Wed	697	453	422	371	475	1182	2998	4078	3717	3176	3344	3521	3604	3490	3654	3977	3505	3143	3136	2846	2398	2224	2038	1312	 59761
03/11/10	Thu	791	502	423	443	525	1228	2991	4184	3822	3247	3216	3368	3390	3865	4035	4175	3840	3685	3469	2981	2524	2382	2112	1681	 62879
03/12/10	Fri	966	559	520	456	558	1200	2727	3942	3798	3716	3527	3657	3916	4011	4128	4059	3836	3816	3969	3670	3033	2628	2557	1993	 67242
03/13/10	Sat	1273	833	750	534	492	635	1260	1877	2429	3190	3461	3567	3673	3878	3899	3365	4333	4105	3961	3405	2753	2404	2224	1878	 60179
03/15/10	Mon	903	490	385	353	498	1048	2597	3884	3603	3138	3014	3143	3627	3756	4004	4215	4241	3344	3063	3245	2714	2155	1949	1287	 60656
03/16/10	Tue	827	508	401	370	479	1094	2882	3976	3943	3373	3346	3456	3424	3319	3880	3920	3681	3426	3247	3115	2794	2537	1951	2014	 61963
03/17/10	Wed	1618	409	440	331	468	1176	2805	4097	3837	3669	3343	3465	3289	3416	3561	3638	3406	3333	3569	3331	3020	2546	2251	1558	 62576
03/18/10	Thu	901	522	445	443	538	1215	2947	3971	3856	3832	3489	3393	3491	3667	3720	3743	3356	3154	3314	3573	2986	2680	2076	1650	 62962
03/19/10	Fri	972	557	534	486	531	1079	2397	3318	2972	2619	2572	2855	2803	3001	3050	2896	2366	2015	1912	1973	1901	1848	1806	1495	 47958
03/20/10	Sat	1073	670	476	434	321	501	913	1357	1748	1768	2510	2920	3574	3562	3932	4041	3911	3830	3598	2952	2732	2587	2415	1914	 53739
03/21/10	Sun	1307	859	855	529	401	461	864	1232	1554	1905	2650	3070	3234	3454	3605	3784	3478	3364	3440	3014	2765	2728	2000	1309	 51862
03/22/10	Mon	872	543	418	385	497	1162	2793	3998	3905	3669	3710	3566	3559	3563	3749	4095	3574	3478	3304	3156	2611	2403	2043	1530	 62583
03/23/10	Tue	936	509	450	376	509	1111	2860	4126	3877	3529	3495	3525	3596	3806	4062	3825	2974	2224	1632	1120	923	1204	1040	895	 52604
03/24/10	Wed	575	383	297	342	338	543	1232	1550	1443	1836	1834	2263	2494	2658	3001	3335	3261	3242	2922	2475	2245	1880	1891	1349	 43389
03/25/10	Thu	951	616	460	453	546	1168	2787	4190	4041	3304	3210	3500	3652	3404	3804	4049	4379	4241	3981	3080	2551	2485	2046	1494	 64392
03/26/10	Fri	1015	602	536	472	577	1215	2635	3898	3518	3190	3446	3836	3858	4335	4396	4378	4398	4236	3317	2947	2419	2428	2337	1685	 65674
03/27/10	Sat	1198	820	703	473	443	550	1013	1560	1915	2337	2782	3469	3772	3876	3734	4032	3687	3648	3549	3010	2592	2474	2376	1736	 55749
03/28/10	Sun	1356	865	862	486	421	475	756	1112	1528	1974	2912	3096	3422	3593	3650	3644	3536	3419	3549	3113	2927	2716	2113	1398	 52923
03/29/10	Mon	881	568	380	335	458	1066	2655	4006	3853	3561	3529	3194	3429	3536	3660	3834	3691	3309	3405	3132	2641	2447	2112	1494	 61176
03/30/10	Tue	1012	613	442	409	542	1189	3002	4251	3986	3608	3298	3211	3491	3477	3613	3912	3405	4021	2881	2955	2690	2622	2289	1753	 62672
03/31/10	Wed	1087	572	477	438	545	1187	3104	4152	3934	3596	3492	3652	3860	3843	4060	4266	3847	3601	3662	3246	2912	2722	2243	1622	 66120
04/01/10	Thu	874	534	450	433	569	1195	2835	3776	3619	3440	3526	3792	3695	3814	3878	4359	3797	3833	3735	3205	2603	2676	2221	1580	 64439
04/02/10	Fri	1064	639	530	468	521	1097	2609	3511	3248	3418	3464	3789	4112	4188	4356	4442	4047	3611	3769	3462	2692	2643	2396	1832	 65908
04/03/10	Sat	1336	824	708	460	411	532	1104	1675	2139	2736	3274	3542	3810	4033	4048	3942	4281	3974	3660	3106	2745	2589	2304	1728	 58961
04/04/10	Sun	1165	762	680	450	306	397	709	1114	1463	1950	2707	3117	3433	3625	3562	3380	3267	3582	3954	3561	3182	3012	2161	1352	 52891
04/05/10	Mon	901	525	354	334	439	1096	2741	4012	3883	3545	3523	3638	3524	3403	3611	3798	3566	3795	3296	3185	2747	2346	2035	1522	 61819
04/06/10	Tue	1016	558	421	364	476	1150	2965	4213	3779	3494	3266	3203	3661	3621	3950	4168	4164	3955	3365	2669	2316	2215	1816	1330	 62135
04/07/10	Wed	849	450	351	429	477	1106	2681	3749	3390	3073	2783	3206	3423	3558	3781	3733	3748	3613	3505	3130	2522	2363	1907	1426	 59253
04/08/10	Thu	889	504	463	398	537	1166	3009	4240	4392	3463	3505	3584	3471	3571	3708	3793	3486	3361	3441	3257	3071	2826	2188	1620	 63943
04/09/10	Fri	1109	518	461	469	523	1137	2778	4146	4404	4215	3750	3777	3502	3719	3848	3824	3365	3397	3490	3301	3254	2944	2647	1958	 66536
04/10/10	Sat	1302	734	671	482	436	619	1329	1974	2406	2779	3392	3577	3794	3938	3792	4190	3974	3884	3757	3223	2928	2480	2437	1970	 60068
04/11/10	Sun	1206	762	740	507	364	467	884	1246	1519	2248	2713	3044	3146	3549	3585	3586	3641	3489	3530	2970	2955	2837	2213	1535	 52736
04/12/10	Mon	1066	569	416	369	469	1327	3129	4561	4399	3822	3438	3318	3486	4267	3640	3777	3529	3497	3229	2838	2454	2410	2042	1476	 63528
04/13/10	Tue	1041	545	426	437	582	1283	3272	4696	4572	3737	3365	3138	3173	3396	3642	3928	4350	3764	3406	3245	2830	2627	2170	1404	 65029
04/14/10	Wed	817	445	374	366	481	1119	2884	4092	4062	3690	3441	3519	3468	3475	3636	3775	3483	3423	3404	3127	3031	2827	2201	1669	 62809
04/15/10	Thu	946	496	416	458	557	1155	3099	4566	4266	3798	3405	3685	3236	3505	3713	3803	3526	3469	3521	3389	3151	3154	2354	1686	 65354
04/16/10	Fri	1193	587	536	505	462	1146	2795	4213	4019	3807	3634	3949	4016	3922	4360	4419	4013	3841	3871	3638	3027	2949	2532	1955	 69389
04/17/10	Sat	1452	824	813	545	431	573	1175	2067	2573	3124	3445	3676	4040	4060	4082	4266	3872	3756	3452	2891	2468	2335	2260	1798	 59978
04/18/10	Sun	1398	828	801	458	369	405	791	1171	1611	2101	2688	3044	3276	3517	3637	3737	3547	3780	3354	3168	3079	2808	2214	1499	 53281
04/19/10	Mon	1091	514	435	368	437	1193	3065	4411	4297	3777	3362	3366	3484	3496	3811	3920	3553	3575	3117	2792	2812	2504	2084	1464	 62928
04/20/10	Tue	1088	525	398	373	523	1226	3209	4584	4101	3604	3456	3575	3532	3549	3910	3897	3919	3891	3574	3226	2931	2624	2090	1641	 65446
04/21/10	Wed	974	501	458	370	536	1206	3100	4723	4172	3852	3385	3562	3342	3341	3627	3782	4078	3868	3801	3453	2942	2764	2151	1523	 65511
04/22/10	Thu	957	546	434	388	564	1227	3116	4598	4029	3722	3147	3506	3677	3491	3678	3601	3638	3633	3615	3062	2590	2582	2166	1544	 63511
04/23/10	Fri	1102	561	460	427	486	1056	2407	4013	3370	3124	2871	3261	4050	3953	3198	3528	3909	4118	3546	3277	2589	2507	2196	1733	 61742
04/24/10	Sat	1200	676	618	464	390	524	1071	1670	2051	2395	2860	3396	3740	3856	4041	4123	3974	3804	3657	3103	2888	2675	2347	1854	 57377
04/25/10	Sun	1345	845	866	537	410	425	796	1184	1629	2056	2670	2983	3226	3607	3575	3795	3918	3822	3588	2916	2516	2342	1886	1278	 52215
04/26/10	Mon	937	523	348	340	473	1060	2768	4484	4108	3591	3578	3741	3638	3835	4075	4282	3922	4299	3684	3092	2798	2484	2006	1409	 65475
04/27/10	Tue	913	497	341	336	479	1072	2957	4542	4399	3731	3576	3433	3400	3584	3525	3739	3696	3385	3360	3076	2944	2824	2204	1558	 63571
04/28/10	Wed	962	551	391	403	546	1271	3205	4723	4380	3427	3129	3412	3351	3414	3556	3859	3712	3928	3619	3177	2705	2856	2233	1641	 64451
04/29/10	Thu	962	490	379	415	499	1069	2787	4212	4023	3298	3081	3433	3561	3761	4064	4416	3915	4120	3704	3235	2719	2559	2091	1498	 64291
04/30/10	Fri	899	466	503	470	505	1143	2796	4403	4121	3555	3767	3917	3917	4118	4242	4406	3402	3887	3951	3725	3298	2807	2402	1846	 68546
05/01/10	Sat	1386	761	770	547	385	560	1314	2088	2471	2810	3462	3641	3959	4047	4134	4397	4239	4022	3915	3192	2995	2568	2194	2236	 62093
05/02/10	Sun	1449	855	844	521	357	399	844	1137	1544	2189	2719	3204	3631	3843	3908	4090	3751	3643	3628	3147	2792	2631	1951	1320	 54397
05/03/10	Mon	853	565	393	343	437	1121	2935	4210	4171	3896	3572	3747	3678	3407	3740	3971	3912	4178	3624	3257	2807	2570	2109	1450	 64946
05/04/10	Tue	993	521	374	460	582	1192	3296	4676	4184	3870	3168	3165	3312	3371	3669	3825	3496	3216	3340	3105	2853	2747	2290	1638	 63343
05/05/10	Wed	943	483	395	393	536	1128	3083	4323	3396	3411	3292	3667	3496	3443	3516	3888	3843	4067	3922	3465	2956	2990	2803	1680	 65119
05/06/10	Thu	1010	569	440	441	516	1169	3065	4432	3987	3701	3517	3634	3572	3913	4047	4381	3743	4058	4016	3498	2932	2993	2124	1576	 67334
05/07/10	Fri	984	612	519	444	517	1095	2886	4264	3725	3384	3651	3990	4046	4057	4269	4465	4071	3805	4130	3922	3136	2846	2344	1741	 68903
05/08/10	Sat	1282	806	753	505	438	574	1272	2057	2610	2950	3615	3766	3998	3994	3892	4211	4204	4029	3859	3386	2904	2864	2575	2006	 62550
05/09/10	Sun	1455	913	877	525	350	421	724	1239	1665	2281	2919	3324	3360	3802	3619	3512	3663	3629	3442	3055	3242	3288	2480	1670	 55455
05/10/10	Mon	1082	647	499	412	477	1198	3103	4599	4186	3876	3605	3734	3552	3578	3760	3879	3268	3566	3443	3322	2866	2744	2266	1559	 65221
05/11/10	Tue	961	523	378	403	474	1114	2968	4302	3745	3702	3486	3618	3635	3740	4049	4187	3908	4224	3496	2672	2107	2092	1948	1150	 62882
05/12/10	Wed	749	426	322	344	431	1013	2638	4011	3422	3200	2932	3274	3638	3727	3738	3905	3753	3386	3322	2723	2449	2545	2060	1522	 59530
05/13/10	Thu	1005	511	429	400	506	1137	2956	4265	3699	3754	3506	3762	3849	3905	4129	4454	4446	4075	4431	3374	2874	2848	2281	1633	 68229
05/14/10	Fri	1208	561	490	420	465	1144	2744	4255	4051	3723	3608	3982	3860	3795	4030	4212	3727	3264	3772	3562	2949	2898	2683	1975	 67378
05/15/10	Sat	1419	1006	760	529	441	670	1279	1941	2612	3171	3409	3860	3995	3991	4107	4192	4439	4048	4019	3507	2952	3056	2512	2020	 63935
05/16/10	Sun	1424	831	892	512	377	477	888	1380	1885	2344	2899	3309	3270	3549	3646	3732	3685	3671	3723	3262	3139	3144	2437	1770	 56246
05/17/10	Mon	1181	640	483	417	482	1262	3108	4637	4112	3755	3630	3329	3570	3519	3833	3976	3747	3764	3315	3106	2920	2686	2464	1618	 65554
05/18/10	Tue	1107	659	466	462	569	1302	3267	4773	4250	3855	3398	3203	3392	3556	3685	4001	3302	3347	3435	3132	2686	2155	2210	1816	 64028
05/19/10	Wed	1340	919	550	380	467	1150	3131	4665	4385	3873	3577	3337	3535	3561	3969	3804	3993	4035	3996	3484	3140	3001	2522	1893	 68707
05/20/10	Thu	1223	626	549	424	549	1249	3275	4686	4333	3753	3577	3395	3684	3675	3912	4208	3469	3561	3787	3234	3126	3321	2469	2184	 68269
05/21/10	Fri	1345	718	674	503	534	1264	3140	4638	4115	3667	3746	3785	3831	3733	4119	4255	3568	3441	3571	3454	3056	2965	2718	2205	 69045
05/22/10	Sat	1435	845	844	530	465	703	1366	2095	2423	2825	3184	3458	3870	3822	3776	4050	4183	3858	3573	3146	3061	2842	2782	2200	 61336
05/23/10	Sun	1523	954	937	516	414	469	866	1364	1761	2357	2889	3216	3249	3530	3482	3740	3653	3554	3551	3042	2786	3013	2411	1908	 55185
05/24/10	Mon	1292	716	551	431	519	1362	3206	4300	4497	3706	3277	3472	3523	3537	3917	4151	4141	3767	3162	2748	2708	2612	2547	2032	 66174
05/25/10	Tue	1395	650	423	474	586	1330	3281	4564	4528	3855	3856	3672	3443	3586	3835	3956	3887	3785	3562	3308	3093	3089	2552	1966	 68676
05/26/10	Wed	1220	591	405	456	608	1320	3286	4362	4271	3814	3439	3549	3791	3318	3504	3621	3395	3557	3433	3167	2695	2978	2870	2197	 65847
05/27/10	Thu	1742	1242	705	650	673	1352	3395	4482	4185	3699	3376	3575	3584	3560	3719	4002	3643	3292	3588	3502	3106	2993	2570	1966	 68601
05/28/10	Fri	1299	757	637	601	521	1151	2756	3923	3641	3606	3634	3755	3873	4015	3849	3792	3368	3341	3464	3370	3186	3035	2972	2205	 66751
05/29/10	Sat	1459	935	783	540	434	634	1183	1844	2280	2794	3085	3352	3519	3566	3721	3838	3595	3442	3365	3202	3067	3366	3253	2037	 59294
05/30/10	Sun	1405	880	872	581	445	548	848	1307	1668	2262	2757	3221	2999	3349	3485	3611	3497	3406	3181	2760	2772	2890	2528	1840	 53112
05/31/10	Mon	1269	800	748	466	442	660	1105	1483	1803	2171	2570	2923	3282	3596	3578	3682	3242	3313	3585	3807	2765	2659	2325	1588	 53862
06/01/10	Tue	1211	634	475	409	493	1346	3430	4502	4247	3746	3410	3552	3579	3558	3793	3936	3928	3564	3558	3136	2718	2468	2391	2043	 66127
06/02/10	Wed	1226	621	479	453	566	1305	3398	4592	4312	3812	3461	3355	3503	3499	3626	3941	3715	3526	3713	3264	2808	2523	2146	1755	 65599
06/03/10	Thu	1175	581	481	515	545	1358	3501	4555	4293	3827	3283	3291	3458	3475	4010	4091	3799	3597	3415	3263	2787	2795	2267	1732	 66094
06/04/10	Fri	1315	722	642	572	545	1342	3357	4578	3799	3383	3394	3496	3675	3696	3934	4040	3536	3270	3574	3318	2978	3077	2555	2161	 66959
06/05/10	Sat	1444	811	710	526	516	789	1784	2363	2416	2745	3082	3357	3448	3677	3558	4002	3856	3847	3263	2972	2960	3043	2756	2084	 60009
06/06/10	Sun	1601	1106	917	599	474	550	1114	1560	1695	2042	2549	3140	3285	3441	3707	3778	3632	3427	3403	2966	2520	2768	2292	1667	 54233
06/07/10	Mon	1179	680	536	433	606	1317	3299	4562	3897	3519	3176	3298	3484	3551	3561	4007	3428	3327	3289	2930	2691	2517	2237	1639	 63163
06/08/10	Tue	940	623	509	476	588	1356	3410	4625	4165	3466	3163	3329	3506	3609	3703	4044	3362	3574	3486	3120	2689	3033	2770	1907	 65453
06/09/10	Wed	1151	665	433	445	567	1381	3377	4550	4215	3402	3312	3293	3531	3545	3574	3775	3390	3412	3470	3179	2672	2925	2543	1800	 64607
06/10/10	Thu	1064	581	455	480	642	1396	3432	4401	3888	3495	3203	3474	3478	3500	3863	3725	3472	3948	3538	3351	2653	2855	2943	2159	 65996
06/11/10	Fri	1492	738	684	569	571	1420	3168	4318	4068	3548	3477	3726	3623	3953	3940	3603	3459	3514	3784	3638	2894	2739	2976	2431	 68333
06/12/10	Sat	1779	1192	1091	682	474	693	1208	1907	2341	2708	3073	3532	3705	3761	3682	4015	4216	3877	3590	3121	2720	2708	2545	2047	 60667
06/13/10	Sun	1366	858	773	534	432	499	830	1289	1509	2027	2366	3048	3260	3650	3781	3840	3986	4062	3625	3096	2698	2343	2209	1737	 53818
06/14/10	Mon	1154	707	476	386	486	1294	3127	4337	4257	3959	3787	3966	3902	3951	4094	4184	3738	3774	3416	3042	2617	2886	2462	1847	 67849
06/15/10	Tue	1148	655	440	413	530	1303	3436	4539	3985	3874	3509	3503	3483	3508	3668	3915	3494	3527	3397	3256	2706	2631	2489	2084	 65493
06/16/10	Wed	1023	653	535	517	599	1349	3433	4370	4040	3436	3173	3354	3436	3555	3571	3661	3411	3269	3267	3018	2839	2840	2446	1804	 63599
06/17/10	Thu	1073	643	443	563	590	1376	3496	4496	4012	3432	3287	3504	3511	3406	3555	3804	3354	3106	3453	3260	2843	2693	2559	1989	 64448
06/18/10	Fri	1387	797	645	546	563	1392	3251	4211	3934	3725	3373	3446	3671	3669	3675	3098	3338	3282	3516	3505	3123	2908	2868	2276	 66199
06/19/10	Sat	1496	1094	1065	651	561	708	1473	2231	2582	2670	3125	3297	3635	3489	3725	3830	3726	3661	3611	3702	2745	2854	2648	2091	 60670
06/20/10	Sun	1602	1134	944	669	520	542	992	1454	1576	1968	2507	3056	3258	3485	3588	3830	3757	3612	3336	2946	2674	2965	2396	1769	 54580
06/21/10	Mon	1292	719	478	466	562	1447	3344	4270	3716	3470	3283	3468	3472	3607	3644	3870	3851	3315	3695	3027	2713	2548	2370	1744	 64371
06/22/10	Tue	1027	706	429	456	594	1448	3419	4508	4090	3329	3320	3409	3421	3524	3564	3653	3405	3251	3312	3020	2597	2772	2518	1788	 63560
06/23/10	Wed	1161	771	506	432	574	1448	3390	4261	4182	3676	3369	3260	3490	3469	3501	3693	3358	3226	3426	3684	2926	2790	2623	2196	 65412
06/24/10	Thu	1219	725	545	522	612	1458	3514	4348	3739	3540	3211	3442	3363	3353	3671	3580	3155	3093	3250	3131	2742	2780	2556	1838	 63387
06/25/10	Fri	1387	749	516	487	536	1444	3167	3784	3645	3494	3416	3464	3436	3675	3646	3820	3194	3155	3442	3245	2860	2943	2799	2136	 64440
06/26/10	Sat	1478	1003	763	527	418	637	1255	1973	2303	2797	2842	2839	3058	2974	3006	3064	3101	3153	3257	2992	2783	3029	2857	2291	 54400
06/27/10	Sun	1711	1156	956	638	373	567	949	1453	1668	2049	2520	2997	3032	3211	3225	3455	3320	3318	3366	3285	2468	2520	2257	1862	 52356
06/28/10	Mon	1287	840	511	445	553	1347	3314	4242	3932	3477	3141	3340	2995	3561	3475	3611	3351	3232	3358	3046	2620	2589	2179	1584	 62030
06/29/10	Tue	1023	616	458	434	620	1442	3464	4218	4017	3568	3200	3377	3324	3338	3404	3742	3309	3255	3503	3100	2771	2655	2331	1670	 62839
06/30/10	Wed	1032	596	577	486	536	1532	3562	4041	3779	3420	3353	3371	3701	3480	3412	3496	3225	3190	3514	3244	2752	2844	2363	1874	 63380
07/01/10	Thu	1144	631	412	378	592	1484	3563	3994	3820	3407	3302	3444	3404	3491	3732	3441	3135	3091	3663	3373	2889	2800	2503	1863	 63556
07/02/10	Fri	1207	677	564	465	513	1207	2878	3717	2957	3046	3564	3454	3580	3702	3762	3537	3714	3373	3481	3316	2897	2704	2702	2195	 63212
07/03/10	Sat	1496	1020	733	498	514	726	1373	1823	1941	2431	2961	3123	3238	3000	3067	3297	3222	3152	3031	2808	2473	2280	2530	2377	 53114
07/04/10	Sun	1488	893	845	583	450	445	754	1174	1565	1736	2100	2514	2676	2912	2942	3068	2723	2686	2800	2549	2698	2686	3400	2814	 48501
07/05/10	Mon	1800	937	624	409	414	702	1280	1784	1989	2377	2551	2908	3106	3138	3482	3483	3388	3186	3202	3018	2831	2761	2412	1926	 53708
07/06/10	Tue	1230	672	439	418	511	1442	3393	4285	3773	3544	3559	3465	3041	3528	3501	3790	3229	3318	3645	2825	2381	2616	2716	2179	 63500
07/07/10	Wed	1585	984	548	506	517	1350	3315	4256	4168	3900	3738	3607	3104	3429	3406	3931	4055	3736	3940	3410	2837	2683	2619	1813	 67437
07/08/10	Thu	1129	667	426	508	553	1365	3365	4209	4146	3775	3331	3197	3372	3387	3555	3680	3365	3485	3425	3052	2893	2960	2632	1981	 64458
07/09/10	Fri	1241	726	594	545	607	1392	3195	4147	3998	3785	3474	3415	3624	3553	3748	3944	3362	3390	3563	3384	2916	2940	2516	2215	 66274
07/10/10	Sat	1746	1135	902	625	515	810	1656	2060	2253	2691	2969	3105	3488	3446	3444	3550	3583	3350	3295	3035	2681	2923	2703	2037	 58002
07/11/10	Sun	1591	1055	941	650	417	656	1030	1500	1611	2031	2554	2932	3110	3182	3055	3263	3590	3394	3126	2742	2446	2302	1933	1564	 50675
07/12/10	Mon	1082	782	559	411	537	1413	3273	4277	3911	3411	3287	3291	3520	3409	3518	3868	3385	3218	3273	3021	2539	2485	2105	1499	 62074
07/13/10	Tue	1004	583	400	401	448	1263	3319	3924	3808	3469	3129	3396	3218	3220	3383	3610	3262	3161	3412	2948	2689	2484	2242	1577	 60350
07/14/10	Wed	968	643	457	393	489	1236	3035	3735	3758	3536	3241	3267	3395	3288	3159	3247	3341	3312	3364	3201	2851	2586	2274	1766	 60542
07/15/10	Thu	1071	544	488	481	560	1421	3098	3878	3833	3337	3275	3400	3392	3401	3494	3410	3103	3160	3346	3138	2654	2805	2386	1774	 61449
07/16/10	Fri	1311	728	530	483	512	1194	2868	3710	3710	3378	3239	3549	3375	3364	3186	3236	2992	3157	3295	3258	2891	2896	2628	2157	 61647
07/17/10	Sat	1412	921	848	692	489	675	1432	1888	2408	2735	2992	3251	3057	2934	2976	3129	3329	3290	3306	3059	2612	3007	2709	2082	 55233
07/18/10	Sun	1441	938	874	562	400	628	951	1318	1449	2104	2528	2979	2952	3308	3182	3388	3216	3379	3313	2941	2605	2655	2206	1756	 51073
07/19/10	Mon	1251	637	500	369	488	1404	3284	3794	3818	3411	3335	3351	3339	3217	3405	3495	3182	3433	3302	2940	2770	2363	2099	1519	 60706
07/20/10	Tue	993	587	384	382	602	1467	3412	4409	4278	3813	3259	3295	3337	3424	3626	3692	3332	3316	3409	3194	2857	2868	2350	1820	 64106
07/21/10	Wed	1240	661	472	468	547	1352	3134	3964	3752	3371	3225	3313	3455	3238	3357	3435	3419	3515	3629	3042	2722	2737	2279	1684	 62011
07/22/10	Thu	1133	625	425	420	497	1449	3462	4170	3783	3481	3246	3218	3131	3297	3480	3464	3243	3394	3444	3219	2478	2735	2619	1826	 62239
07/23/10	Fri	1321	853	641	537	578	1371	3207	3790	3749	3385	3276	3377	3389	3179	3490	3230	3070	3160	3383	3267	2805	2830	2636	2110	 62634
07/24/10	Sat	1546	921	828	642	501	732	1447	2062	2285	2398	2765	2787	3087	2937	3102	3128	3063	3136	3171	2844	2562	2680	2508	1982	 53114
07/25/10	Sun	1369	931	875	647	431	633	943	1375	1460	1977	2380	2903	2877	3313	3304	3394	3267	3226	3225	2919	2609	2756	2305	1571	 50690
07/26/10	Mon	1102	704	561	439	550	1443	3292	4112	3905	3537	3179	3300	3391	3097	3185	3267	3221	3051	3307	2930	2606	2446	2022	1515	 60162
07/27/10	Tue	1030	556	399	436	484	1263	3074	3866	3694	3144	3166	3125	2897	3103	3227	3565	3205	3869	3975	2875	2734	2577	2230	1672	 60166
07/28/10	Wed	1058	622	475	418	551	1500	3393	4151	3674	3301	3113	3265	3174	3196	3339	3454	3327	3258	3415	3065	2704	2556	2587	1838	 61434
07/31/10	Sat	1445	874	856	566	601	1020	1709	2209	2412	2656	3078	3237	3471	3416	3543	3700	3692	3315	3338	2920	2743	2915	2463	1985	 58164
08/01/10	Sun	1372	954	797	453	442	692	1188	1368	1660	2040	2637	2970	3024	3209	3279	3341	3692	3506	3193	2698	2668	2519	2031	1407	 51140
08/02/10	Mon	934	463	392	353	595	1633	3188	3903	3730	3251	3314	3194	3274	3356	3382	3397	3390	3545	3462	2992	2452	2431	2231	1546	 60408
08/03/10	Tue	971	611	476	452	757	1963	3872	4327	3613	3276	3213	3266	3284	3451	3522	3446	3315	3485	3632	2942	2557	2485	2162	1461	 62539
08/04/10	Wed	882	481	501	515	693	1944	3977	4374	3868	3207	3150	3309	3145	3121	3587	3544	3252	3797	3889	3094	2771	2602	2392	1700	 63795
08/05/10	Thu	1026	679	545	539	783	1921	3913	4383	4067	3328	3141	3251	3389	3418	3598	3480	3364	3424	3553	3194	2783	2662	2082	1714	 64237
08/06/10	Fri	1013	681	670	526	786	1778	3672	3940	3560	3284	3347	3563	3467	3551	3570	3508	3254	3198	3444	3270	2958	2923	2444	1943	 64350
08/07/10	Sat	1521	970	871	571	464	967	1758	1884	2181	2400	2764	2977	2855	2866	3088	3187	3123	3147	2990	2494	2575	3217	2542	1723	 53135
08/08/10	Sun	1235	748	893	569	427	707	1240	1359	1569	2084	2558	2875	2980	3226	3325	3281	3228	3282	3127	2716	2592	2651	1882	1454	 50008
08/09/10	Mon	981	534	509	454	724	1708	3521	4153	3658	3285	3435	3397	3244	3395	3711	3632	3547	2978	3563	2749	2483	2317	1881	1309	 61168
08/10/10	Tue	1008	532	451	442	731	1894	3824	4416	3669	3290	3134	3186	3321	3380	3597	3592	3201	3207	3279	2879	2594	2365	1957	1297	 61246
08/11/10	Wed	812	477	454	374	599	1921	3699	3969	3647	3085	3167	3291	3084	3147	3406	3482	3890	3102	3438	2824	2616	2437	2078	1390	 60389
08/12/10	Thu	822	548	417	392	569	1605	3334	3914	3683	3330	2982	3207	3349	3370	3484	3531	3257	3124	3465	2845	2738	2425	2062	1521	 59974
08/13/10	Fri	1000	688	597	521	705	1747	3579	4196	3947	3157	3234	3501	3444	3508	3490	3380	3159	3191	3341	3219	2840	2735	2303	1815	 63297
08/14/10	Sat	1384	775	767	467	455	891	1591	2103	2603	2940	3093	3120	3301	3469	3489	3502	3485	3207	3234	2822	2688	2786	3202	2623	 57997
08/15/10	Sun	1630	1001	972	519	476	634	1107	1418	1832	2063	2558	2881	3025	3314	3444	3663	3160	3171	3464	2787	2745	2813	2221	2038	 52936
08/16/10	Mon	1314	552	471	394	681	1882	3674	4311	4143	3541	3137	3420	3284	3516	3716	3512	3491	3398	3286	3252	2618	2528	2277	1505	 63903
08/17/10	Tue	995	579	427	444	710	1666	3954	4403	4214	3546	3112	3318	3326	3273	3464	3110	3409	3233	3396	2898	2599	2412	1889	1396	 61773
08/18/10	Wed	878	452	411	335	629	1747	3928	4141	3860	3105	3126	3129	2913	3140	3398	3045	3136	3349	3451	2972	2688	2409	2032	1456	 59730
08/19/10	Thu	779	486	391	397	525	1593	3521	4033	3719	3334	3132	3126	3384	3557	3602	3461	3475	3373	3547	3245	2975	2846	2331	1670	 62502
08/20/10	Fri	1033	619	566	509	692	1761	3712	4267	3672	3286	3464	3451	3503	3525	3625	3406	3366	3228	3392	3031	2878	2675	2384	1774	 63819
08/21/10	Sat	1185	748	848	498	436	873	1696	2324	2486	2587	3064	3244	3328	3378	3455	3452	3374	3416	3264	2800	2657	2516	2563	1781	 55973
08/22/10	Sun	1205	796	857	429	403	499	956	1265	1567	2021	2672	2942	2844	3095	3178	3379	3387	3332	3210	2852	2673	2491	1962	1253	 49268
08/23/10	Mon	819	475	378	308	532	1576	3430	4132	3953	3330	3175	3229	3239	3286	3724	3836	3709	3449	3303	2808	2424	2153	1930	1189	 60387
08/24/10	Tue	770	514	387	421	694	1798	3884	4496	4378	3698	3264	3235	3153	3333	3544	3502	3369	3428	3247	3003	2505	2331	1955	1294	 62203
08/25/10	Wed	860	538	401	441	681	1878	3909	4511	4227	3222	3113	3085	3109	3121	3439	3514	3208	3375	3223	2878	2625	2297	1838	1325	 60818
08/26/10	Thu	728	428	510	467	716	1778	4011	4618	4041	3213	3131	2914	2941	2997	3253	3318	3231	3313	3186	2949	2760	2412	1968	1449	 60332
08/27/10	Fri	813	458	471	396	554	1621	3771	4236	3797	3281	3291	3120	3183	3175	3493	3333	3242	3361	3442	3212	2892	2696	2305	1674	 61817
08/28/10	Sat	1146	782	664	424	461	915	1387	1918	2327	2717	2917	3218	3319	3369	3388	3481	3458	3403	3209	2904	2595	2719	2408	1662	 54791
08/29/10	Sun	1216	736	783	510	452	537	939	1377	1620	2038	2649	2875	2992	3430	3301	3541	3470	3710	3292	2654	2564	2556	2086	1274	 50602
08/30/10	Mon	700	372	336	325	514	1460	3512	4177	3915	3250	3223	3193	3199	3258	3543	3644	3466	3500	3188	2866	2193	1989	1748	1284	 58855
08/31/10	Tue	781	496	376	450	643	1734	3885	4611	4448	3477	3067	3092	3212	3319	3495	3529	3418	3496	3441	2805	2382	2450	2077	1375	 62059
09/01/10	Wed	810	445	398	397	609	1731	3806	4377	4322	3511	3047	3109	3084	3311	3569	3573	3371	3400	3353	3022	2550	2375	1850	1306	 61326
09/02/10	Thu	864	528	480	437	649	1788	3722	4315	4249	3726	3614	3609	3364	3334	3717	3786	3508	3519	3630	3385	3097	2937	2364	1704	 66326
09/03/10	Fri	1004	677	527	420	629	1621	3448	4265	4027	3746	3394	3397	3393	3619	3717	3660	3338	3335	3528	3247	2928	3154	2567	1866	 65507
09/04/10	Sat	1335	840	735	446	499	784	1418	2128	2630	2704	3056	3350	3296	3177	3257	3157	3309	3197	3004	2627	2374	2477	2055	1409	 53264
09/05/10	Sun	1031	766	901	524	356	481	796	1058	1464	1953	2338	2628	2768	2930	3099	3049	2850	2915	2857	2512	2469	2208	1897	1266	 45116
09/06/10	Mon	915	566	574	476	447	727	1138	1376	1679	2115	2403	2874	2996	3147	3291	3327	3226	3232	3134	3031	3050	2710	1876	1368	 49678
09/07/10	Tue	788	334	373	333	610	1753	3736	4102	4340	3898	3248	3334	3414	3383	3474	3745	3736	3534	3388	2908	2457	2262	1917	1196	 62263
09/08/10	Wed	684	414	419	340	525	1519	3403	4004	3829	3549	3060	3231	3191	3292	3609	3720	3616	3651	3403	2866	2392	2334	2108	1350	 60509
09/09/10	Thu	847	530	477	434	618	1792	3923	4457	4142	3397	3141	3219	3260	3264	3545	3595	3479	3390	3566	3009	2526	2299	1952	1605	 62467
09/10/10	Fri	901	578	556	453	680	1702	3718	4356	4171	3900	3212	3302	3290	3598	3753	3698	3479	3574	3612	3305	2657	2902	2798	1055	 65250
09/11/10	Sat	9	4	147	464	488	801	1690	2291	2991	3153	3051	3464	3512	3569	3695	3516	3566	3638	3199	2822	2604	2643	2508	1702	 55527
09/12/10	Sun	1210	742	834	492	432	558	1157	1519	1887	2323	2682	2880	2887	3079	3283	3441	3304	3395	3278	2735	2453	2391	2043	1428	 50433
09/13/10	Mon	737	412	400	394	653	1623	3708	4577	4345	3555	2972	3158	3295	3248	3426	3577	3365	3411	3214	2780	2227	2065	1868	1299	 60309
09/14/10	Tue	820	488	410	415	681	1663	3297	4495	4293	3444	3085	3132	3994	3934	3052	3383	3489	3625	3303	2902	2441	2254	2024	1350	 61974
09/15/10	Wed	757	464	397	374	595	1744	3818	4463	4294	3280	3194	3125	3267	3229	3459	3658	3323	3345	3721	3100	2492	2303	1976	1394	 61772
09/16/10	Thu	877	463	434	441	702	1724	3772	4528	4408	3567	3132	3222	3251	3289	3565	3590	3397	3396	3501	3271	2623	2655	2111	1316	 63235
09/17/10	Fri	923	646	537	471	669	1642	3522	4299	4052	3661	3217	3561	3533	3708	3933	3818	3379	3413	3589	3309	2800	2693	2327	1859	 65561
09/18/10	Sat	1320	803	710	587	531	805	1524	2308	2795	3126	3425	3513	3586	3683	3442	3665	3556	3525	3294	3114	2840	3139	2464	1667	 59422
09/19/10	Sun	1197	808	844	478	391	546	993	1448	1891	2127	2669	2880	2884	3228	2928	3057	2961	3531	3372	2947	2661	2303	1724	1316	 49184
09/20/10	Mon	770	400	437	351	622	1694	3691	4406	4026	3344	3311	3201	3015	3188	3480	3655	3383	3476	3263	2873	2231	2006	1800	1326	 59949
09/21/10	Tue	854	489	477	379	654	1650	3807	4335	3873	3697	3423	3102	3166	3248	3695	3637	3482	3290	3401	2805	2338	2160	2106	1309	 61377
09/22/10	Wed	800	451	416	392	649	1735	3778	4333	4291	3515	2942	3141	3279	3248	3564	3515	3478	3991	3867	3133	2569	2464	2060	1404	 63015
09/23/10	Thu	813	513	425	425	657	1708	3806	4663	4186	3461	3086	3166	3341	3339	3629	3747	3505	3342	3595	3219	2761	2894	2259	1616	 64156
09/24/10	Fri	888	551	555	467	623	1521	3541	4043	4134	3698	3257	3435	3553	3697	3682	3605	3429	3534	3625	3524	2930	3016	2643	1875	 65826
09/25/10	Sat	1346	862	753	530	438	761	1504	2206	2894	3178	3004	3371	3507	3507	3567	3733	3665	3595	3415	3041	2898	2483	2478	1887	 58623
09/26/10	Sun	1238	975	1072	697	439	551	925	1277	1912	2188	2674	3010	3043	4107	3007	3102	3140	3427	3537	2994	2648	2364	2147	1373	 51847
09/27/10	Mon	846	496	372	370	618	1676	3600	4376	4233	3297	3077	3190	3322	3285	3588	3672	3410	3502	3270	2909	2240	2487	2080	1351	 61267
09/28/10	Tue	771	556	404	398	667	1651	3865	4427	4381	3481	3049	3083	3087	3011	3269	3563	3288	3328	3210	2949	2552	2149	1893	1313	 60345
09/29/10	Wed	708	441	444	422	591	1672	3794	4332	4226	3294	3012	3202	3148	3328	3635	3590	3337	3466	3384	3015	2756	2761	2168	1432	 62158
09/30/10	Thu	833	487	450	455	641	1676	3870	4502	4289	3733	3177	3217	3331	3347	3603	3698	3521	3425	3554	3176	2594	2871	2287	1575	 64312
10/01/10	Fri	909	587	531	504	599	1542	3654	4510	4274	3735	3318	3452	3520	3537	3756	3581	3074	3418	3678	3501	3000	2914	2807	1996	 66397
10/02/10	Sat	1248	825	774	510	502	742	1572	2173	2798	3125	3267	3254	3553	3568	3885	3519	3609	3546	3503	3345	2713	3091	2375	1751	 59248
10/03/10	Sun	1249	813	825	410	351	589	1065	1318	1832	2260	2822	2951	2951	3320	3356	3556	3324	3531	3261	2793	2574	2423	2037	1459	 51070
10/04/10	Mon	803	453	401	336	575	1585	3468	4034	4350	3428	3166	3184	3191	3279	3601	3614	3688	3548	3332	2907	2186	1972	1867	1451	 60419
10/05/10	Tue	753	540	409	383	607	1634	3795	4363	4210	3542	2957	3104	3135	3244	3466	3646	3449	3465	3419	2959	2317	2204	1971	1368	 60940
10/06/10	Wed	782	442	459	418	605	1601	3788	4424	4228	3686	3474	3707	3416	3174	3508	3622	3508	3598	3865	3332	2826	2365	2071	1472	 64371
10/07/10	Thu	909	475	431	461	661	1581	3598	4384	4266	3685	3003	3100	3405	3327	3684	3744	3453	3487	3582	3108	2564	2357	1918	1581	 62764
10/08/10	Fri	962	618	534	526	646	1592	3579	4461	4219	3761	3590	3594	3472	3623	3788	3860	3652	4056	4042	3810	2990	2930	2525	1811	 68641
10/09/10	Sat	1238	827	743	492	419	724	1405	2216	2740	3068	3589	3483	3645	3756	3921	3710	3827	4051	3702	3195	2630	2532	2274	1513	 59700
10/10/10	Sun	1092	815	851	447	388	516	902	1279	1713	2192	2869	3057	3157	3722	3631	3745	3575	3777	3305	2799	2478	2291	1873	1252	 51726
10/11/10	Mon	866	445	378	353	537	1454	3362	4130	3992	3590	3511	3264	3275	3456	3656	3804	3709	3572	3534	3158	2554	2298	1784	1379	 62061
10/12/10	Tue	837	453	412	354	570	1521	3382	4243	3992	3370	3434	3373	3481	3520	3975	4050	3726	3910	3468	2943	2443	2264	1862	1235	 62818
10/13/10	Wed	763	430	380	382	627	1449	3479	3882	3614	3760	3303	3584	3277	3325	3541	3657	3628	3582	3811	3444	2676	2508	2011	1424	 62537
10/15/10	Fri	945	551	450	446	645	1557	3568	4144	4066	3825	3406	3435	3562	3545	3762	3684	3489	3591	3703	3624	3020	2846	2704	1947	 66515
10/16/10	Sat	1295	819	684	491	449	776	1570	2262	2827	3012	3541	3630	3682	3547	3696	3649	3444	3657	3720	3186	2797	2552	2351	1720	 59357
10/17/10	Sun	1308	847	842	459	401	488	991	1297	1839	2264	2901	2957	3128	3560	3530	3376	3131	3615	3614	2920	2734	2464	2114	1322	 52102
10/18/10	Mon	966	491	379	353	612	1675	3530	4249	4065	3592	3662	3627	3386	3395	3626	4163	3966	4183	3669	2875	2375	2214	1992	1354	 64399
10/19/10	Tue	738	434	378	378	674	1563	3755	4266	3858	3608	3352	3052	3117	3307	3513	3612	3573	3501	3657	3209	2573	2328	1887	1272	 61605
10/20/10	Wed	699	430	413	393	606	1597	3774	4107	3870	3633	3420	3175	3199	3486	3656	3718	3533	3475	3787	3364	2823	2532	2010	1408	 63108
10/21/10	Thu	831	481	480	375	638	1628	3657	4322	4102	3621	3297	3186	3230	3408	3743	3623	3595	3839	3923	3367	2816	2675	2191	1749	 64777
10/22/10	Fri	969	526	518	464	636	1540	3495	4383	3952	3776	3730	3843	4057	4158	4034	4047	3995	4237	3991	3563	2872	2774	2471	1859	 69890
10/24/10	Sun	1276	860	810	403	348	513	964	1223	2002	2345	2950	3010	3136	3520	3369	3352	3480	3949	3753	2904	2586	2431	2034	1443	 52661
10/25/10	Mon	917	476	406	377	600	1667	3565	4243	3978	3200	3303	3460	3616	3523	3963	4039	3899	3644	3311	2673	2398	2227	1773	1266	 62524
10/26/10	Tue	795	437	400	381	549	1504	3082	3960	3808	3617	3397	3424	3756	3730	3896	4075	3946	3578	3376	2894	2532	2139	1861	1393	 62530
10/27/10	Wed	801	488	409	400	599	1552	3536	3984	3629	3407	3273	3539	3636	3783	3904	3941	4165	4186	3928	2949	2534	2324	1965	1456	 64388
10/28/10	Thu	881	482	445	430	623	1575	3390	4141	3892	3576	3369	3633	3336	3497	3614	3653	3448	3632	4105	3159	2652	3173	2148	1544	 64398
10/29/10	Fri	902	545	486	442	598	1439	3325	3864	3966	3591	3585	3384	3431	3554	3566	3525	3464	3605	3798	3803	2961	2956	2487	1785	 65062
10/30/10	Sat	1350	849	693	534	479	640	1430	1913	2594	2904	3059	3198	3352	3309	3432	3536	3408	3417	3565	3153	2665	2546	2291	1774	 56091
10/31/10	Sun	1314	969	1061	740	532	489	837	1067	1590	2207	2804	2733	2752	3168	3182	3481	3386	3517	3158	2615	2925	2856	1976	1274	 50633
11/01/10	Mon	818	518	454	377	597	1520	3398	4315	3844	3681	3575	3577	3606	3629	3506	3702	3577	4019	3619	2742	2344	1960	1694	1156	 62228
11/02/10	Tue	694	415	395	435	580	1606	3561	4086	3817	3500	3411	3164	3094	3197	3511	3595	3492	3472	3639	3000	2299	2039	1731	1337	 60070
11/03/10	Wed	696	414	387	371	610	1536	3564	4265	4242	3600	3245	3216	3426	3318	3549	3607	3512	3940	3853	2880	2484	2312	1877	1211	 62115
11/04/10	Thu	671	496	454	396	628	1641	3726	4303	3754	3521	3404	3472	3560	3497	3679	3699	3605	4251	4021	2987	2531	2463	1920	1482	 64161
11/05/10	Fri	745	479	460	442	581	1555	3528	4021	3896	3490	3552	3309	3407	3508	3689	3464	3402	3375	4019	3475	2884	2793	2311	1823	 64208
11/06/10	Sat	1139	720	720	448	426	709	1559	2113	2554	2872	2998	3244	3405	3472	3374	3453	3482	3383	3464	2961	2465	2442	2081	1620	 55104
11/07/10	Sun	1187	726	650	525	316	315	466	1107	1385	1828	2486	2867	2940	3187	3386	3459	3389	3839	3914	3251	2656	2368	2184	1573	 50004
11/08/10	Mon	686	366	350	339	578	1647	3533	4202	4233	3693	3316	3162	3193	3233	3545	3549	3442	4225	3689	2577	2284	2050	1621	1266	 60779
11/09/10	Tue	715	451	382	371	616	1660	3783	4372	3953	3554	3431	3557	3547	3598	3371	3191	2835	2565	2856	2302	1951	1703	1579	1122	 57465
11/10/10	Wed	666	377	334	408	595	1620	3519	4145	3765	3196	3255	3457	3527	3591	3749	3904	3737	3729	3591	2718	2234	2704	1819	1191	 61831
11/11/10	Thu	784	423	367	465	572	1555	3172	3620	3264	3058	2920	3217	3159	3285	3681	3678	3607	3521	2975	2483	2065	2201	1796	1285	 57153
11/12/10	Fri	848	446	460	420	605	1568	2929	4017	3639	3408	3518	3686	3754	3917	4046	4190	3852	3940	3717	2955	2515	2549	2157	1630	 64766
11/13/10	Sat	1041	655	622	431	441	711	1474	2008	2335	2840	3163	3548	3836	3657	3912	3955	4087	3558	3185	2576	2272	2179	2415	1787	 56688
11/14/10	Sun	1188	748	753	420	340	501	1034	1260	1601	1947	2768	3218	3502	3758	3702	3616	3216	3531	3238	2658	2085	2124	1553	1147	 49908
11/15/10	Mon	819	423	339	338	530	1632	3532	3843	3468	3332	2996	3342	3437	3531	3698	3658	3651	3439	3085	2509	2081	2066	1571	1268	 58588
11/16/10	Tue	715	420	353	395	594	1558	3567	4433	4388	3605	3419	3399	3137	3820	4028	3654	3387	3602	3123	2571	2224	2001	1684	1005	 61082
11/17/10	Wed	628	405	350	431	543	1525	3417	3908	3647	3198	3242	3426	3509	3617	3839	3676	3576	3259	3398	2721	2382	2218	1817	1304	 60036
11/18/10	Thu	764	458	366	409	582	1628	3594	4207	4077	3661	3413	3508	3479	3878	3996	4165	3893	4148	3935	3039	2725	2538	2035	1520	 66018
11/19/10	Fri	935	485	533	441	651	1597	3499	4212	3848	3584	3712	3933	3788	4078	4205	4201	4402	4302	4222	3291	2605	2656	2360	1821	 69361
11/20/10	Sat	1264	765	724	463	446	793	1514	2060	2198	2454	3022	3855	3943	3961	3938	4014	4011	3886	3917	2857	1857	2041	1862	1553	 57398
11/21/10	Sun	1041	823	775	425	346	513	861	1299	1766	2272	2749	2808	2891	3155	3208	3411	3154	3206	2818	2333	1908	1993	1681	1168	 46604
11/22/10	Mon	723	432	357	368	567	1587	3416	4081	3684	3497	3497	3406	3568	3813	3869	3944	3615	3318	3314	2387	2092	2025	1822	1374	 60756
11/23/10	Tue	846	551	420	442	688	1677	3567	4144	3707	3580	3568	3793	3768	3995	4025	4101	3680	3422	3476	3129	2436	2332	1968	1457	 64772
11/24/10	Wed	1015	593	424	406	659	1613	3241	3663	3482	3276	3224	3555	3772	3814	3990	4087	3660	3413	3043	2511	2113	2108	1929	1402	 60993
11/25/10	Thu	924	641	445	329	310	492	798	886	1286	1579	2167	3075	3444	3272	3057	2964	2537	2840	2824	2675	2438	2413	2018	1301	 44715
11/26/10	Fri	907	597	490	619	748	1188	1946	2351	2417	2734	3239	3572	3551	3636	3782	3689	3490	3163	2862	2354	2039	1961	1623	1270	 54228
11/27/10	Sat	963	657	587	389	392	679	1275	1680	1923	2630	3103	3406	3445	3822	3745	3704	3813	3697	3068	2444	2212	2184	1930	1625	 53373
11/28/10	Sun	1101	686	768	413	430	657	1125	1484	2025	2515	3088	3401	3503	3809	3627	3554	3240	3201	3130	2522	2106	2017	1636	1217	 51255
11/29/10	Mon	836	458	318	392	590	1659	3378	3859	3931	3146	3228	3323	3352	3230	3562	3781	3806	4324	3395	2581	2070	1970	1529	1098	 59816
11/30/10	Tue	736	437	315	342	521	1437	3313	4004	3790	3382	3164	3521	3710	3634	3622	4128	3439	3963	3272	2640	2230	2135	1914	1295	 60944
12/01/10	Wed	721	465	405	338	552	1542	3333	4201	3693	3210	3367	3529	3317	3544	4012	4168	3814	3987	3946	2570	2325	2146	1794	1143	 62122
12/02/10	Thu	756	418	413	387	606	1542	3469	4008	3813	3583	3275	3130	3175	3248	3861	3586	3705	3905	3557	2764	2318	2406	1835	1282	 61042
12/03/10	Fri	763	517	447	416	587	1448	3302	4125	4055	3803	3491	3288	3437	3798	3484	3638	3731	3563	3662	3137	2461	2743	2456	1548	 63900
12/04/10	Sat	1173	738	691	476	432	687	1577	1948	2271	2475	2967	3390	3733	3761	3872	3897	3636	3481	3284	2515	2114	2027	1874	1446	 54465
12/05/10	Sun	1014	714	775	399	347	444	963	1293	1489	1890	2390	2589	2729	3161	3170	3287	3230	3039	2876	2252	2132	2175	1619	1170	 45147
12/06/10	Mon	713	420	319	370	538	1505	3360	4037	3603	3341	3472	3572	3523	3653	3980	3985	3859	4100	3118	2486	1939	1852	1598	1168	 60511
12/07/10	Tue	637	414	360	413	569	1431	3304	4159	3684	3476	3261	2970	3403	3560	3905	3889	3678	3748	3223	2719	2235	1955	1713	1275	 59981
12/08/10	Wed	663	480	379	405	552	1491	3352	4153	3666	3393	3334	3707	3244	3613	4035	4118	4098	3527	3498	2677	2377	2212	1789	1365	 62128
12/09/10	Thu	777	488	444	381	583	1464	3501	4473	4141	3685	3463	3483	3588	3417	3963	4265	3675	3903	3593	2676	2311	2515	1941	1448	 64178
12/10/10	Fri	817	579	528	421	561	1397	3156	4043	3722	3464	3427	3656	3567	3998	3875	4087	3713	4006	3783	3013	2481	2506	2250	1679	 64729
12/11/10	Sat	1113	766	684	433	492	661	1316	1884	2191	2597	3089	3225	3471	3481	3529	3632	3566	3540	3327	2656	2027	2319	2130	1647	 53776
12/12/10	Sun	1132	671	825	444	338	394	797	1156	1495	1913	2675	3130	3349	3557	3754	3690	3538	3383	3266	2719	2250	2115	1812	1135	 49538
12/13/10	Mon	709	436	419	365	568	1522	3412	4080	3966	3577	3455	3679	3644	3655	3975	4299	3903	3820	3527	2717	2267	2171	1793	1204	 63163
12/14/10	Tue	714	442	382	377	535	1430	3348	4197	4338	3764	3478	3621	3149	3387	3715	3702	3559	3308	3962	2928	2340	2292	1907	1318	 62193
12/15/10	Wed	740	479	416	387	555	1477	3293	4182	3666	3348	3366	3707	3769	3900	4090	3822	3201	3378	3252	2584	2215	2272	1962	1323	 61384
12/16/10	Thu	859	549	426	461	619	1525	3281	4130	3682	3255	3171	3632	3746	3771	3730	4130	3742	4040	3271	2702	2385	2239	2121	1570	 63037
12/17/10	Fri	938	660	554	471	625	1451	3120	3931	3736	3303	3306	3529	3535	3629	3896	4084	3546	3504	3689	3077	2674	2725	2393	1605	 63981
12/18/10	Sat	1219	835	663	432	397	651	1236	1625	2214	2660	3071	3805	3968	4072	4097	4025	3884	3506	3519	2817	2456	2527	2277	1672	 57628
12/19/10	Sun	1259	852	837	433	414	502	947	1241	1595	2195	2728	3229	3319	3578	3513	3548	3780	3492	3229	2571	2177	2212	1745	1353	 50749
12/20/10	Mon	844	475	396	391	572	1600	3228	3981	3836	3613	3609	3748	3936	3891	4178	4370	3825	3715	3289	2665	2181	2018	1785	1480	 63626
12/21/10	Tue	978	610	442	400	620	1604	3191	3840	3609	3417	3195	3311	4029	3808	4154	4217	4271	3402	3379	3011	2222	2214	2043	1616	 63583
12/22/10	Wed	1033	680	532	390	640	1531	2963	3686	3431	3194	3126	3431	3970	3815	4274	4306	3754	3448	3530	2868	2549	2505	1986	1671	 63313
12/23/10	Thu	1148	777	556	433	598	1346	2616	3226	3291	3106	3468	3958	4054	4253	4578	4644	3801	3628	3365	2944	2360	2453	2154	1654	 64411
12/24/10	Fri	1089	735	555	424	481	733	1281	1693	2032	2631	3339	3956	3921	3826	3972	3841	3403	3157	2774	2330	2287	2399	2214	1623	 54696
12/25/10	Sat	1189	872	552	310	238	353	571	682	844	1267	1809	2403	2738	2846	3014	2909	2839	2697	2625	2512	2215	2055	1719	1163	 40422
12/26/10	Sun	749	473	481	257	361	507	834	1085	1474	1982	2780	3006	3356	3632	3710	3602	3384	3278	3059	2412	2150	2232	1749	1111	 47664
12/27/10	Mon	844	524	426	349	585	1291	2514	2999	3026	3111	3328	3494	3532	3781	3793	4000	3935	3514	3082	2584	1848	1935	1686	1239	 57420
12/28/10	Tue	830	499	424	363	533	1438	2814	3378	3328	3117	3318	3637	3617	3752	3894	4159	3897	3643	3088	2602	2059	2089	1886	1334	 59699
12/29/10	Wed	902	529	437	395	523	1346	2801	3284	3447	3406	3430	3674	3823	3924	3999	4119	3828	3736	3404	2522	2260	2169	1883	1366	 61207
12/30/10	Thu	897	602	454	399	545	1281	2564	3242	3046	2359	2189	2643	2875	2410	2299	2094	1909	1809	1742	1560	1336	1288	1336	1014	 41893
12/31/10	Fri	778	651	490	415	415	710	1123	1403	1407	1631	1727	2009	2233	2453	2763	2873	2330	2246	2099	1915	1799	1538	1430	965	 37403