01/01/10	Fri	665	812	611	505	392	545	598	603	787	969	1304	1528	1796	1911	1956	1962	1984	1841	1664	1305	1122	1003	855	587	 27305
01/02/10	Sat	356	267	254	245	367	576	844	982	1261	1620	1899	2172	2282	2418	2268	2317	2362	2328	2176	1564	1307	1191	1022	731	 32809
01/03/10	Sun	527	346	330	281	313	485	735	725	977	1236	1587	1774	2024	2193	2168	2022	1971	2128	1904	1441	1134	948	746	444	 28439
01/04/10	Mon	272	230	281	334	682	1913	3417	3310	3096	2521	2351	2495	2570	2681	2747	2974	3307	3141	2564	1664	1231	1233	925	519	 46458
01/05/10	Tue	349	253	265	397	681	1993	3420	3640	3233	2663	2425	2459	2625	2700	2797	3146	3377	3430	2629	1686	1364	1159	1001	607	 48299
01/06/10	Wed	329	260	265	398	615	1954	3549	3591	3157	2542	2259	2316	2472	2517	2641	2779	2599	2344	1741	1318	1001	922	720	524	 42813
01/07/10	Thu	330	248	271	410	654	1705	2281	2319	2456	2243	2179	2076	2287	2529	2528	2848	3077	2925	2319	1631	1238	1137	978	550	 41219
01/08/10	Fri	323	269	301	387	586	1755	3187	3249	3127	2674	2496	2632	2766	2810	2999	3303	3342	3067	2846	1993	1380	1355	1139	774	 48760
01/09/10	Sat	511	388	318	312	341	719	1307	1341	1672	1898	2092	2340	2568	2661	2577	2440	2678	2613	2250	1675	1373	1347	1121	784	 37326
01/10/10	Sun	514	376	361	282	254	485	928	715	1068	1373	1831	1807	2119	2367	2283	2210	2448	2329	2045	1512	1302	1031	762	511	 30913
01/11/10	Mon	300	247	283	334	638	1931	3347	2874	3207	2868	2428	2400	2631	2603	2733	3057	3290	3060	2570	1818	1130	1020	921	539	 46229
01/12/10	Tue	289	262	247	386	631	1933	3435	3369	3238	2810	2624	2388	2602	2653	2832	3067	3361	3484	2665	1745	1334	1279	991	571	 48196
01/13/10	Wed	301	255	271	393	649	1972	3502	3523	3415	2632	2518	2591	2597	2765	2882	3230	3394	3458	2719	1712	1378	1279	1042	534	 49012
01/14/10	Thu	349	296	279	432	636	1940	3340	3448	3270	2708	2463	2613	2667	2730	2919	3180	3546	3169	2677	1666	1350	1180	1036	611	 48505
01/15/10	Fri	337	275	325	375	657	1720	3286	3401	3333	2724	2621	2697	2801	2952	3197	3386	3521	3351	2976	2188	1545	1447	1216	796	 51127
01/16/10	Sat	487	395	351	320	344	561	889	1053	1429	1583	1709	1779	1888	1810	1859	1812	1926	1928	1774	1313	1009	935	884	556	 28594
01/17/10	Sun	446	347	298	257	214	341	471	552	734	1074	1379	1440	1662	1684	1721	1632	1709	1481	1345	1004	840	701	630	452	 22414
01/18/10	Mon	281	197	239	317	539	1525	2906	2908	2641	2440	2543	2594	2635	2838	2890	3051	3288	3083	2504	1637	1252	1097	869	508	 44782
01/19/10	Tue	302	264	236	367	617	1901	3499	3605	3193	2762	2395	2472	2574	2651	2633	3113	3314	3270	2583	1738	1354	1254	921	538	 47556
01/20/10	Wed	313	252	245	386	597	1859	3365	3755	3274	2627	2441	2443	2496	2787	2832	3078	3347	3280	2630	1789	1416	1270	974	565	 48021
01/21/10	Thu	349	286	287	414	630	1828	3483	3471	3369	2670	2412	2549	2562	2759	2786	3220	3494	3267	2663	1787	1382	1256	1009	581	 48514
01/22/10	Fri	329	300	325	429	618	1689	3396	3587	3242	2699	2547	2615	2871	2979	3143	3451	3518	3256	2760	2020	1531	1432	1234	758	 50729
01/23/10	Sat	539	427	357	341	333	646	1099	1373	1629	1903	2283	2340	2455	2590	2519	2607	2555	2537	2259	1928	1387	1306	1100	809	 37322
01/24/10	Sun	555	441	347	278	243	443	659	668	961	1340	1610	1805	2101	2249	2104	2149	2182	2022	1821	1387	1277	1191	770	478	 29081
01/25/10	Mon	266	234	251	353	619	1708	3482	3526	3361	2633	2426	2387	2413	2609	2771	3046	3366	3194	2456	1626	1267	1115	917	501	 46527
01/26/10	Tue	301	233	253	393	562	1784	3522	3681	3473	2582	2431	2369	2608	2607	2767	3074	3401	3485	2574	1695	1297	1215	931	515	 47753
01/27/10	Wed	297	244	257	380	551	1783	3390	3547	3468	2702	2427	2500	2492	2726	2843	3134	3456	3461	2621	1706	1366	1284	973	567	 48175
01/28/10	Thu	367	295	292	404	614	1711	3230	3542	3201	2579	2335	2463	2589	2673	2813	3012	3357	3273	2586	1813	1370	1328	1016	592	 47455
01/29/10	Fri	353	321	321	400	559	1629	3206	3628	3345	2737	2611	2633	2774	2993	3155	3371	3476	3285	2953	2164	1649	1457	1183	844	 51047
01/30/10	Sat	524	444	358	325	362	595	1020	1407	1781	1941	2379	2452	2563	2686	2671	2629	2695	2707	2532	1803	1557	1446	1170	828	 38875
01/31/10	Sun	626	453	365	299	269	430	724	747	1084	1435	1882	2104	2230	2485	2396	2338	2279	2293	2008	1560	1319	1120	843	501	 31790
02/01/10	Mon	276	208	265	377	655	1653	3318	3595	3405	2707	2417	2496	2588	2678	2839	3108	3453	3427	2606	1827	1247	1165	929	551	 47790
02/02/10	Tue	313	274	278	381	602	1809	3436	3453	3356	2838	2498	2437	2456	2654	2836	3121	3421	3379	2875	1735	1405	1262	1028	607	 48454
02/03/10	Wed	327	240	287	401	594	1730	3459	3654	3545	2718	2391	2502	2691	2760	2862	3154	3502	3418	2760	1789	1457	1336	1240	641	 49458
02/04/10	Thu	340	249	297	396	658	1675	3381	3393	3329	2818	2483	2445	2709	2790	2874	3151	3578	3371	2752	1966	1504	1337	1068	638	 49202
02/05/10	Fri	481	356	309	419	657	1655	3218	3660	3535	2798	2659	2755	2970	2928	3191	3494	3492	3406	2793	2270	1628	1503	1263	796	 52236
02/06/10	Sat	522	413	349	317	328	589	1068	1340	1704	1927	2268	2449	2496	2694	2535	2640	2784	2659	2476	1824	1477	1364	1166	833	 38222
02/07/10	Sun	565	398	369	294	255	420	630	696	972	1257	1484	1665	1797	1937	2210	2198	1893	1347	1138	929	1706	1336	789	481	 26766
02/08/10	Mon	290	231	275	359	628	1587	2489	2496	2349	1897	2140	1921	2124	2190	2261	2597	2800	2620	2014	1389	1081	1016	841	443	 38038
02/09/10	Tue	289	240	245	356	648	1741	3293	3339	3363	2597	2336	2375	2471	2637	2733	3015	3222	3325	2662	1777	1267	1319	1004	532	 46786
02/10/10	Wed	308	305	230	352	593	1719	3232	3433	3561	2775	2535	2527	2647	2774	2833	3142	3385	3489	2752	1957	1438	1395	990	619	 48991
02/11/10	Thu	343	278	262	368	611	1757	3529	3570	3432	2935	2623	2619	2804	2815	2836	3277	3404	3442	2916	1984	1460	1351	1089	706	 50411
02/12/10	Fri	383	311	336	382	632	1677	3243	3624	3439	2856	2709	2789	3093	2921	3191	3529	3593	3360	3009	2330	1687	1470	1305	874	 52743
02/13/10	Sat	486	412	317	322	312	512	898	1186	1530	1751	1869	1990	2021	2021	2055	1978	2065	1860	1879	1472	1185	1202	1123	763	 31209
02/14/10	Sun	528	438	384	275	211	365	522	561	735	946	1288	1510	1713	1977	1915	1950	2064	1919	1833	1470	1208	1050	902	564	 26328
02/15/10	Mon	343	300	266	339	545	1371	2799	2873	2582	2269	2394	2529	2632	2714	2806	3067	3286	3181	2505	1841	1330	1211	943	555	 44681
02/16/10	Tue	275	243	254	363	628	1704	3454	3593	3476	2854	2598	2446	2607	2726	2786	3239	3380	3455	2698	1851	1485	1370	1072	534	 49091
02/17/10	Wed	349	280	237	397	608	1698	3206	3608	3580	2911	2476	2418	2525	2751	2778	3023	3351	3566	2858	1793	1421	1267	951	692	 48744
02/18/10	Thu	357	283	282	380	614	1697	3209	3791	3394	2833	2593	2503	2686	2893	3046	2750	2929	2415	1880	1568	1292	1114	903	597	 46009
02/19/10	Fri	352	276	337	397	618	1531	2818	3024	2941	2410	2305	2402	2609	2715	2743	3129	2948	2198	2018	2217	1395	1195	1061	701	 44340
02/20/10	Sat	458	348	292	289	324	547	982	1171	1506	1605	1860	2035	2239	2389	2281	2332	2326	2157	1983	1672	1246	1176	1016	740	 32974
02/21/10	Sun	454	338	331	281	301	446	685	709	899	1052	1351	1504	1942	2025	1978	1811	1937	1746	1666	1373	1028	934	755	490	 26036
02/22/10	Mon	287	203	268	347	611	1521	2508	2735	2700	2678	2342	2297	2437	2547	2640	2874	3232	3191	2551	1737	1358	1103	920	526	 43613
02/23/10	Tue	319	244	214	361	590	1697	3323	3411	3362	2800	2378	2415	2688	3238	3433	3406	3061	3113	3098	1900	1486	1347	1052	611	 49547
02/24/10	Wed	337	267	275	368	582	1685	3254	3555	3455	2851	2616	2516	2606	2795	2961	3085	3261	3069	2902	1923	1520	1362	1063	627	 48935
02/25/10	Thu	323	301	287	416	631	1706	3489	3708	3567	2781	2548	2682	2664	2818	2914	3236	3426	3088	2654	1885	1467	1348	1078	652	 49669
02/26/10	Fri	363	278	298	431	668	1589	3288	3538	3280	2929	2708	2723	2797	3029	3249	3333	3446	3564	3073	2451	1735	1487	1328	854	 52439
02/27/10	Sat	526	418	349	344	348	607	1128	1441	1772	2034	2322	2495	2669	2734	2709	2776	2910	2674	2548	2061	1630	1472	1242	866	 40075
02/28/10	Sun	572	455	363	281	270	420	748	739	1021	1381	1766	1971	1574	819	801	1380	2193	2082	1877	1542	1195	981	787	514	 25732
03/01/10	Mon	286	227	246	352	647	1659	3467	3761	3294	2635	2421	2483	2521	2711	2715	2995	3369	3276	2690	1853	1366	1185	1004	529	 47692
03/02/10	Tue	301	268	239	349	600	1696	3291	3550	3578	2844	2502	2421	2613	2710	2831	3090	3415	3459	2904	1992	1440	1257	1042	633	 49025
03/03/10	Wed	370	246	271	368	593	1709	3255	3600	3579	2764	2499	2458	2611	2649	2965	3075	3559	3535	2796	2014	1607	1401	1042	615	 49581
03/04/10	Thu	351	279	277	393	636	1683	3466	3825	3483	2927	2610	2600	2726	2852	2889	3174	3590	3406	2918	2046	1540	1421	1110	705	 50907
03/05/10	Fri	411	286	321	412	613	1560	3413	3813	3332	2810	2766	2783	2832	2943	3017	3572	3528	3449	3005	2356	1715	1494	1409	848	 52688
03/06/10	Sat	618	539	381	335	329	591	1201	1469	1880	2058	2340	2506	2653	2853	2885	2845	2850	2895	2585	2039	1544	1495	1287	853	 41031
03/07/10	Sun	630	466	394	325	291	452	833	882	1052	1394	1809	1950	2151	2427	2383	2410	2517	2461	2182	1731	1347	1176	917	558	 32738
03/08/10	Mon	340	239	258	347	619	1658	3340	3632	3340	2654	2476	2408	2540	2631	2673	3008	3453	3409	2629	1672	1290	1130	881	509	 47136
03/09/10	Tue	350	246	250	356	578	1684	3425	3613	3497	2816	2583	2439	2587	2849	2766	3106	3527	3510	2785	1892	1317	1230	1048	563	 49017
03/10/10	Wed	365	249	271	359	578	1692	3412	3536	3535	2751	2521	2451	2446	1410	815	913	954	709	774	774	780	1019	1003	639	 33956
03/11/10	Thu	350	337	261	346	587	1642	3480	3819	3420	2833	2567	2572	2195	2780	2987	3269	3496	3348	2807	2016	1523	1413	1244	824	 50116
03/12/10	Fri	437	292	307	398	653	1580	3255	3773	3495	2912	2751	2772	2947	2990	3019	3516	3602	3524	3001	2899	1788	1594	1557	954	 54016
03/13/10	Sat	587	454	354	333	350	571	1133	1588	1922	2170	2521	2428	2764	2713	2921	2901	2931	2748	2553	2044	1686	1449	1419	1078	 41618
03/15/10	Mon	365	257	255	334	615	1551	3222	3661	3377	2639	2459	2499	2611	2752	2683	3117	3467	3428	2631	1988	1573	1401	1101	634	 48620
03/16/10	Tue	401	286	281	331	557	1638	3380	3536	3520	2848	2290	2767	2632	2760	2963	3146	3490	3569	2953	2006	1562	1393	1115	657	 50081
03/17/10	Wed	377	279	241	358	583	1673	3280	3499	3521	2863	2552	2643	1290	778	757	717	1031	1099	2848	2159	1741	1440	1169	709	 37607
03/18/10	Thu	361	374	315	395	631	1667	3346	3557	3604	2987	2693	2567	2864	2957	2999	3309	3554	3629	3068	2345	1803	1553	1310	933	 52821
03/19/10	Fri	456	372	296	396	606	1396	2849	2887	2555	2122	1992	2187	2120	2474	2411	1970	1276	1224	955	1307	1093	920	879	571	 35314
03/20/10	Sat	391	329	261	241	317	554	890	1074	1340	1033	1330	1948	2326	2485	2561	2503	2605	2506	2341	1969	1731	1664	1389	961	 34749
03/21/10	Sun	667	474	417	339	340	423	725	791	1098	1363	1910	2024	2268	2412	2469	2379	2469	2441	2107	1918	1588	1528	1069	611	 33830
03/22/10	Mon	361	235	270	373	666	1581	3211	3622	3432	2957	2786	2737	2755	2875	2868	3154	3405	3371	2801	1868	1538	1344	1060	572	 49842
03/23/10	Tue	395	265	249	350	643	1635	3149	3577	3433	2717	2488	2512	2871	2799	3069	2816	2966	2317	1605	1211	859	530	508	380	 43344
03/24/10	Wed	233	159	178	259	461	1048	1723	1671	1533	1605	1674	1649	1804	1936	2048	2230	2342	2387	2009	1488	1292	1162	1019	581	 32491
03/25/10	Thu	351	335	280	365	637	1553	3240	3338	3357	2847	2694	2694	2749	2598	3037	3069	3428	3489	3293	2423	1656	1378	1179	732	 50722
03/26/10	Fri	430	326	306	381	643	1514	3199	3536	3074	3067	3030	3072	3233	3295	2776	2693	2645	2609	2642	2258	1622	1439	1195	844	 49829
03/27/10	Sat	526	415	343	322	318	565	933	1161	1500	1751	2088	2243	2555	2773	2692	2717	2510	2452	2275	1964	1701	1477	1280	960	 37521
03/28/10	Sun	653	490	432	352	398	483	659	775	1041	1345	1849	2251	2843	2914	2593	2422	2408	2380	2278	1891	1720	1432	1051	604	 35264
03/29/10	Mon	340	246	250	325	597	1563	3224	3657	3226	3015	2832	2783	2630	2646	2791	2986	3473	3499	2796	2049	1512	1382	1158	650	 49630
03/30/10	Tue	393	262	249	351	599	1560	3379	3729	3386	2952	2820	2578	2748	2825	2758	3139	3473	3403	2909	2057	1687	1467	1284	729	 50737
03/31/10	Wed	452	281	258	356	583	1562	3358	3546	3552	2972	2724	2698	2734	2811	3093	3137	3526	3411	2906	2146	1758	1638	1230	752	 51484
04/01/10	Thu	387	299	279	379	601	1526	3399	3794	3390	2792	2696	2781	2710	2834	2978	3260	3621	3452	2961	2194	1713	1514	1181	765	 51506
04/02/10	Fri	439	306	326	377	555	1387	3075	3417	1395	2417	2675	2801	2966	3019	3070	3413	3586	3348	2884	2248	1863	1674	1490	923	 49654
04/03/10	Sat	617	410	364	291	328	530	985	1187	1639	2042	2322	2482	2792	3142	2845	2764	2711	2635	2389	2048	1726	1602	1260	958	 40069
04/04/10	Sun	549	412	362	311	276	386	583	646	927	1361	1890	2106	2454	2555	2453	2436	2590	2549	2591	2327	1944	1260	1070	587	 34625
04/05/10	Mon	309	236	259	325	612	1547	3368	3768	3478	2871	2520	2498	2562	2649	2822	3024	3326	3464	2837	2120	1658	1314	1140	657	 49364
04/06/10	Tue	383	255	275	384	621	1628	3357	3389	3386	2985	2551	2475	2608	2685	2812	3112	3426	3404	2862	1953	1518	1372	1101	690	 49232
04/07/10	Wed	365	262	230	263	425	1354	2393	1680	1440	2551	2316	2389	2470	2349	2796	3003	3319	3469	2705	2051	1590	1430	1208	707	 42765
04/08/10	Thu	447	331	278	374	610	1544	3313	3617	3602	3019	2601	2591	2896	3074	3274	3419	3561	3564	2960	2168	1830	1573	1292	810	 52748
04/09/10	Fri	468	345	316	399	594	1537	3277	3770	3564	3124	2774	2813	2993	3027	3016	3321	3592	3526	3057	2365	1857	1740	1423	951	 53849
04/10/10	Sat	597	410	379	306	402	676	1244	1599	1939	2163	2449	2410	2683	2678	2696	2902	2939	2770	2572	2127	1623	1529	1381	983	 41457
04/11/10	Sun	630	440	389	275	306	462	798	934	1130	1512	1925	2142	2733	2484	2430	2676	2674	2529	2461	2060	1736	1331	1005	637	 35699
04/12/10	Mon	353	236	215	335	582	1533	3356	3560	3447	2818	2268	2512	2879	3101	3110	3296	3445	3457	2831	2012	1536	1311	1073	630	 49896
04/13/10	Tue	369	267	239	351	589	1528	3393	3682	3624	3030	2562	2484	2523	2668	2834	3146	3404	3347	2983	2057	1609	1518	1138	696	 50041
04/14/10	Wed	403	275	257	377	556	1540	3356	3626	3651	2985	2563	2422	2684	2797	2864	3307	3533	3617	3025	2100	1835	1558	1309	739	 51379
04/15/10	Thu	414	294	277	367	623	1498	3546	3792	3616	2943	2786	3027	3108	3416	3335	3209	2830	2943	3227	2263	1915	1671	1324	803	 53227
04/16/10	Fri	448	330	316	381	586	1493	3210	3713	3584	3030	2736	2797	2849	2985	3326	3514	3584	3404	3164	2395	1810	1586	1343	960	 53544
04/17/10	Sat	625	455	361	328	354	594	1110	1572	1884	2162	2272	2446	2824	2715	2276	1446	1558	2117	2324	2016	1639	1463	1242	1064	 36847
04/18/10	Sun	690	495	404	315	291	421	682	935	1229	1560	2032	2229	2521	2662	2869	2497	2415	2490	2242	1894	1744	1406	1026	649	 35698
04/19/10	Mon	346	254	250	315	576	1511	3306	3907	3447	2984	2570	2534	2620	2675	2819	3074	3589	3517	3060	2184	1641	1367	1086	627	 50259
04/20/10	Tue	428	275	235	345	574	1553	3517	3706	3620	2921	2525	2490	2562	2701	2841	3102	3559	3558	2915	2385	1699	1403	1175	849	 50938
04/21/10	Wed	480	309	217	367	566	1573	3561	3878	3617	3067	2591	2572	2513	2728	2924	3126	3653	3486	3170	2132	1702	1407	1108	216	 50963
04/22/10	Thu	192	77	18	270	362	726	1440	1598	1568	1478	832	1753	2805	2940	2920	3189	3452	3416	1628	2	672	796	662	445	 33241
04/25/10	Sun	691	443	436	355	302	438	730	860	1125	1451	1888	2039	2236	2526	2544	2457	2411	2482	2047	331	253	1	215	367	 28628
04/26/10	Mon	231	148	175	242	381	1091	2998	3951	3443	2894	2155	2445	2377	2698	2742	3135	3468	3444	2923	2031	1580	1398	1105	656	 47711
04/27/10	Tue	354	267	234	318	580	1478	3512	3662	3700	3022	2771	2442	2656	2715	2732	3128	3545	2957	3241	2138	1800	1431	1170	683	 50536
04/28/10	Wed	416	272	237	328	578	1567	3444	3541	3725	2933	2684	2544	2617	2742	2832	3260	3511	3597	3142	2245	1756	1664	1240	737	 51612
04/29/10	Thu	489	269	255	360	589	1509	3300	3433	2902	1609	1273	2367	2633	2821	2808	3192	3631	3412	2897	2042	1704	1522	1209	750	 46976
04/30/10	Fri	445	291	275	371	587	1472	3235	3593	3566	3019	2858	2741	2749	3057	3183	3311	3130	3144	3277	2484	1880	1726	1478	991	 52863
05/01/10	Sat	648	399	376	323	330	611	1209	1773	2033	2285	2397	2554	2742	2761	2787	2821	2789	2717	2587	2154	1919	1636	1299	1258	 42408
05/02/10	Sun	757	456	415	301	288	431	809	966	1170	1460	1968	2020	2555	2631	2454	2499	2576	2357	2122	1847	1593	1342	999	618	 34634
05/03/10	Mon	332	230	264	317	539	1468	3493	3615	3596	2964	2596	2552	2527	2642	2796	3107	3548	3588	3004	1982	1592	1402	1132	624	 49910
05/04/10	Tue	406	284	240	346	588	1539	3516	3805	3710	3134	2652	2515	2551	2682	2804	3194	3470	3647	3066	2165	1746	1479	1199	728	 51466
05/05/10	Wed	407	293	250	349	528	1519	3536	3647	3465	3078	2493	2714	2654	2729	2925	3337	3371	3482	3540	2582	1865	1504	1360	773	 52401
05/06/10	Thu	429	311	275	395	571	1529	3538	3431	3609	2993	2776	2733	2957	2972	3126	3267	3143	1244	63	1951	1774	1661	1371	855	 46974
05/07/10	Fri	510	346	316	398	569	1461	3394	3836	3548	3054	2879	2868	3024	3172	3232	3532	3651	3473	3241	2672	2005	1750	1559	1010	 55500
05/08/10	Sat	633	437	351	373	374	608	1212	1611	2191	2305	2464	2263	2595	2843	2924	3111	3122	2834	2625	2214	1858	1665	1499	1185	 43297
05/09/10	Sun	752	409	406	317	312	431	705	893	1218	1714	2240	2502	2732	2780	2846	2800	2807	2699	2439	2186	1970	1699	1189	766	 38812
05/10/10	Mon	402	294	234	356	582	1534	3340	3612	3628	3026	2603	2531	2651	2736	2930	3172	3608	3379	3155	2114	1646	1422	1187	703	 50845
05/16/10	Sun	289	172	132	129	92	218	410	361	543	703	959	1005	1880	2508	2668	2548	2677	2710	2392	2111	1821	1526	1175	693	 29722
05/17/10	Mon	371	265	266	312	577	1460	3342	3541	3664	3093	2768	2512	2640	2815	2807	3144	3578	3581	3069	2155	1723	1377	1287	727	 51074
05/18/10	Tue	415	306	251	361	579	1516	3552	3617	3745	3161	2677	2592	2703	2347	1469	3259	3506	3564	3171	2337	978	609	545	284	 47544
05/19/10	Wed	131	217	248	343	405	745	1981	2011	1977	2720	2690	2586	2798	2931	3129	3160	3534	3600	3201	2249	1775	1648	1376	786	 46241
05/20/10	Thu	453	339	267	357	591	1541	3532	3584	3313	2538	3057	2789	2854	3032	2897	3271	3210	3388	3403	2468	1896	1717	1384	871	 52752
05/21/10	Fri	504	356	326	382	572	1437	3411	3983	3465	3205	2911	2945	2901	2940	3234	3295	3559	3382	3286	2620	2022	1818	1646	1114	 55314
05/22/10	Sat	685	430	383	377	348	574	1244	1674	2099	2356	2481	2524	2666	2796	2865	2849	3095	3033	2697	2342	2137	1740	1724	1192	 44311
05/23/10	Sun	768	521	388	304	303	449	821	903	1197	1522	2023	2167	2415	2598	2671	2615	2683	2621	2391	2113	1800	1666	1227	770	 36936
05/24/10	Mon	386	299	292	370	599	1475	3427	3549	3730	3230	2802	2647	2642	2915	2913	3051	3453	3514	3020	2014	1586	1445	1320	723	 51402
05/25/10	Tue	468	307	258	360	619	1524	3608	3962	3482	3050	2975	2641	2615	2726	3012	3230	3508	3460	3125	2384	1825	1546	1366	829	 52880
05/26/10	Wed	435	319	226	351	611	1514	3498	3835	3423	3184	2712	2539	2916	2802	3004	2010	1822	1788	1654	1259	919	752	835	428	 42836
05/27/10	Thu	214	111	89	115	212	748	2169	2002	1872	2801	2858	2827	2881	3028	3149	3269	3381	3474	3347	2463	1943	1809	1555	1131	 47448
05/28/10	Fri	565	414	369	409	633	1413	3209	3775	3511	3137	2994	2986	3061	3274	3399	3542	3221	3283	3228	2540	1962	1766	1673	1092	 55456
05/29/10	Sat	703	476	389	375	389	605	1099	1489	1987	2161	2428	2443	2661	2879	2778	2770	2784	2887	3097	2208	1696	1603	1471	1174	 42552
05/30/10	Sun	687	473	372	359	326	435	623	1125	1285	1512	1821	2234	2305	2428	2525	2484	2499	2334	2272	1957	1763	1650	1358	914	 35741
05/31/10	Mon	526	326	297	276	343	532	830	1106	1391	1633	2005	2114	2356	2566	2639	2395	2378	2354	2258	2067	1811	1615	1273	707	 35798
06/01/10	Tue	432	274	230	322	596	1511	3585	3919	3564	3113	2802	2576	2615	2849	2981	3252	3483	3498	3229	2423	1855	1452	1268	750	 52579
06/02/10	Wed	431	287	255	343	552	1366	3575	3863	3369	2911	2884	2683	2480	2886	2941	3218	3364	3239	3109	2408	1941	1674	1351	727	 51857
06/03/10	Thu	488	309	299	371	503	1447	3482	3731	3440	3009	2586	2692	2731	2647	3095	3287	3546	3513	3208	2514	1877	1647	1411	1009	 52842
06/04/10	Fri	540	367	337	351	595	1408	3479	3678	3574	3035	2874	2683	2884	3119	3274	3296	3168	3328	3317	2487	1834	1858	1492	1092	 54070
06/05/10	Sat	666	462	366	330	380	612	1313	1879	2286	2465	2490	2410	2631	2740	2571	2853	2983	3024	3084	1293	1115	1667	1687	1180	 42487
06/06/10	Sun	750	490	366	283	311	441	902	1217	1373	1750	2127	2276	2396	2532	2565	2594	2650	2558	2285	1926	1676	1498	1240	747	 36953
06/07/10	Mon	410	270	256	313	576	1431	3495	3685	3540	2894	2652	2563	2589	2937	2853	3113	3438	3279	3127	2223	1771	1534	1286	743	 50978
06/08/10	Tue	454	282	235	367	582	1441	3371	3432	3659	3036	2710	2627	2709	2871	2949	3288	3461	3581	3287	2371	1740	1535	1377	860	 52225
06/09/10	Wed	451	305	260	355	563	1519	3520	3639	3588	3098	2698	2636	2622	2725	2924	3077	3548	3395	3331	2487	1812	1686	1392	955	 52586
06/10/10	Thu	558	405	295	394	612	1495	3542	3823	3568	3030	2808	2716	2772	2798	3001	3314	3575	3410	3117	2491	1710	1564	1414	883	 53295
06/15/10	Tue	158	104	75	89	173	729	1953	1980	1052	456	1350	1158	1238	1341	1444	1641	1935	1703	1800	1172	853	766	678	325	 24173
06/16/10	Wed	167	79	59	75	160	633	1959	1901	1830	1564	1337	1236	1276	1372	1447	2522	2148	2969	3352	2287	1975	1758	1479	955	 34540
06/18/10	Fri	432	345	360	481	804	2339	3696	3756	3264	2977	2762	2931	2990	3174	3276	3388	3327	3390	3158	2467	1936	1780	1522	916	 55471
06/19/10	Sat	618	444	387	398	423	893	1340	1719	2025	2177	2430	2584	2644	2714	2852	2731	2848	2714	2758	2081	1858	1809	1642	1168	 43257
06/20/10	Sun	762	475	373	334	325	558	842	990	1319	1713	2070	2251	2524	2570	2603	2625	2759	2678	2388	1950	1902	1646	1254	736	 37647
06/21/10	Mon	395	282	322	387	817	2359	3596	3693	3275	2854	2618	2635	2783	2892	3090	3196	3548	3344	2735	1980	1605	1584	1147	710	 51847
06/22/10	Tue	408	284	299	431	810	2488	3881	3776	3276	2873	2600	2607	2759	2867	3077	3247	3560	3452	3027	2086	1702	1705	1292	800	 53307
06/23/10	Wed	421	310	308	426	773	2497	3620	3678	3360	2864	2596	2472	2769	2892	3207	3299	3239	3286	3164	2254	1772	1704	1311	768	 52990
06/24/10	Thu	434	310	318	489	820	2411	3787	3601	3360	2932	2687	2731	2926	2915	2923	3481	3344	3301	3168	2228	1787	1781	1342	794	 53870
06/25/10	Fri	496	359	355	486	866	2285	3608	3600	3264	3027	2702	2799	3112	3180	3296	3418	3339	3237	2977	2212	2018	1746	1427	985	 54794
06/26/10	Sat	597	415	353	350	451	909	1365	1665	1964	2123	2248	2448	2576	2650	2582	2751	2758	2843	2443	1980	1755	1737	1465	975	 41403
06/27/10	Sun	779	483	379	319	355	602	867	1039	1353	1608	2072	2186	2371	2417	2535	2616	2688	2634	2254	1922	1681	1651	1215	725	 36751
06/28/10	Mon	412	257	300	410	848	2322	3715	3459	3377	2905	2677	2699	2688	2909	3070	3280	3536	3449	2908	2145	1720	1648	1245	682	 52661
06/29/10	Tue	408	291	302	406	859	2492	3825	3636	3472	2956	2690	2700	2917	2959	3025	3405	3339	3409	3150	2203	1959	1841	1379	800	 54423
06/30/10	Wed	432	312	351	469	818	2481	3785	3831	3326	3047	2661	2768	2909	3025	3218	3391	3429	3560	3380	2762	2179	2303	1631	816	 56884
07/01/10	Thu	477	371	352	486	861	2400	3579	3597	3311	2944	2888	2845	3019	3282	3199	3293	3296	3411	3301	2371	1901	1937	1505	909	 55535
07/02/10	Fri	447	349	366	491	845	2071	3434	3716	3152	2867	2903	2959	2969	3380	3298	3572	3515	3129	3130	2399	1858	1869	1422	1034	 55175
07/03/10	Sat	605	432	371	391	441	769	1209	1538	1981	2400	2348	2464	2462	2454	2535	2477	2526	2479	2352	1837	1645	1542	1463	1302	 40023
07/04/10	Sun	778	448	366	282	288	486	749	854	1071	1396	1708	1858	2112	2144	2203	2227	2275	2332	2190	1512	1602	1561	1641	1261	 33344
07/05/10	Mon	744	356	285	314	455	766	1182	1302	1439	1714	1956	2282	2382	2512	2566	2429	2391	2362	2234	1866	1570	1596	1126	710	 36539
07/06/10	Tue	358	239	265	377	819	2304	3639	3631	3305	2955	2674	2711	2759	2941	2993	3292	3263	3239	3008	2075	1543	1510	1194	692	 51786
07/07/10	Wed	386	277	269	432	752	2293	3607	3420	3294	2935	2685	2765	2809	2920	2598	2984	3533	3507	2678	2055	1559	1506	1204	670	 51138
07/08/10	Thu	397	320	342	426	787	2279	3624	3544	3246	3001	2692	2757	2875	2940	2995	3187	3224	3341	3115	2082	1776	1634	1333	949	 52866
07/09/10	Fri	487	369	347	452	829	2315	3698	3758	3144	2991	2876	2964	2972	3039	3277	3550	3363	3441	3063	2467	1920	1833	1547	1050	 55752
07/10/10	Sat	650	431	382	412	426	934	1492	1671	1925	2175	2256	2496	2632	2811	2834	2815	2647	2634	2568	1911	1835	1814	1469	1035	 42255
07/11/10	Sun	707	492	394	349	365	585	929	1061	1262	1668	2014	2204	2417	2357	2279	2446	2724	2502	2336	1847	1689	1454	1048	774	 35903
07/12/10	Mon	390	297	292	383	805	2282	3595	3620	3493	2870	2417	2516	2721	3056	3081	3217	3595	3524	2864	2115	1619	1634	1210	683	 52279
07/13/10	Tue	409	321	290	426	830	2299	3751	3597	3510	2903	2695	2697	2754	2932	3030	3362	3252	2419	3088	2254	2059	1826	1324	798	 52826
07/14/10	Wed	447	307	295	436	856	2329	3707	3619	3615	3067	2663	2726	2768	2926	3146	3322	3525	3540	3169	2229	1892	1718	1280	743	 54325
07/15/10	Thu	420	341	322	447	829	2372	3586	3646	3435	3015	2701	2758	2965	2985	3141	3350	3433	3351	3200	2264	1842	1832	1361	903	 54499
07/16/10	Fri	484	387	342	488	823	2237	3591	3779	3524	3038	2942	2935	2982	3171	3247	3411	3185	3396	3075	2412	1972	1912	1545	977	 55855
07/17/10	Sat	608	431	427	385	488	881	1375	1820	2117	2358	2359	2506	2589	2732	2654	2759	2670	2808	2877	2030	1900	1800	1549	1066	 43189
07/18/10	Sun	711	465	387	328	393	543	820	971	1262	1686	2021	2157	2399	2511	2493	2433	2694	2495	2265	1843	1730	1587	1169	754	 36117
07/19/10	Mon	440	292	294	395	806	2225	3540	3487	3448	2783	2651	2598	2664	2891	3152	3301	3205	3467	2957	2003	1721	1508	1182	705	 51715
07/20/10	Tue	382	323	280	427	808	2326	3705	3675	3433	2930	2650	2666	2859	2946	3108	3349	3418	3154	3180	2149	1608	1573	1196	731	 52876
07/21/10	Wed	358	298	279	409	814	2285	3773	3980	3255	2913	2757	2708	2863	1766	1223	2188	3510	3457	3085	2096	1729	1682	1291	788	 49507
07/22/10	Thu	538	347	333	492	830	2335	3752	3908	3405	3025	2793	2840	2909	2914	3189	3226	3345	3489	3155	2265	1775	1678	1290	840	 54673
07/23/10	Fri	473	391	373	450	823	2162	3642	3852	3250	2990	2905	2924	2884	3210	3320	3222	3513	3419	2981	2394	1971	1904	1536	1091	 55680
07/24/10	Sat	607	515	416	358	438	814	1328	1674	2056	2111	2343	2476	2618	2658	2670	2731	2607	2697	2756	2102	1934	1869	1606	1040	 42424
07/25/10	Sun	703	495	417	325	372	546	828	1055	1282	1694	2015	2165	2394	2474	2605	2484	2607	2554	2453	1928	1754	1620	1294	681	 36745
07/26/10	Mon	424	288	307	413	794	2224	3691	3739	3403	2868	2631	2678	2843	2910	3057	3272	3445	3494	2951	2057	1670	1662	1160	724	 52705
07/27/10	Tue	416	346	284	423	843	2287	3661	3547	3447	2873	2672	2692	2685	2919	3171	3358	3333	3462	2936	2072	1723	1599	1240	716	 52705
07/28/10	Wed	429	302	294	402	805	2325	3673	3663	3542	2997	2662	2783	2723	2937	3088	3392	3343	3262	3298	2435	1792	2060	1561	941	 54709
07/29/10	Thu	534	372	390	489	846	2281	3517	3576	3396	3011	2718	2618	2772	2963	3224	3325	2999	3272	3176	2313	1871	1758	1324	841	 53586
07/30/10	Fri	482	394	329	487	836	2175	3589	3762	3317	2971	2915	2853	3014	3107	3104	995	3025	3150	3166	2486	2029	1861	1533	1013	 52593
07/31/10	Sat	638	447	465	372	494	896	1374	1633	1969	2197	2524	2612	2818	3022	2825	2784	2765	2637	2717	2250	1988	1928	1679	1284	 44318
08/01/10	Sun	841	567	447	313	415	579	878	1091	1297	1691	2086	2121	1971	2176	2233	2307	2942	2684	2377	1996	1657	1560	1181	632	 36042
08/02/10	Mon	371	306	308	394	826	2117	3656	3583	3394	2873	2601	2643	2776	2969	3039	3305	3695	3526	2838	2214	1630	1528	1094	666	 52352
08/03/10	Tue	374	309	288	410	854	2298	3639	3494	3597	2976	2740	2692	2820	2962	3031	3169	3210	3215	3441	2173	1808	1619	1285	731	 53135
08/04/10	Wed	402	335	287	457	797	2271	3712	3838	3455	3013	2648	2763	2177	1952	2899	3332	3010	3119	3157	2138	1758	1615	1273	767	 51175
08/05/10	Thu	463	365	316	454	831	2270	3648	3680	3314	3126	2731	2717	2920	3061	3291	3398	3476	3491	3233	2384	1733	2009	1647	952	 55510
08/06/10	Fri	543	386	373	473	849	2107	3555	3936	3515	3058	2923	2889	3188	2989	3365	3428	2816	3206	3303	2338	1986	1923	1522	1011	 55682
08/07/10	Sat	622	416	386	414	494	793	1411	1878	2153	2311	2554	2633	2688	2791	2861	2755	3001	2946	2949	2105	1871	1941	1614	1203	 44790
08/08/10	Sun	722	490	416	376	348	542	1041	1167	1482	1779	2129	2190	2425	2519	2591	2556	2727	2611	2246	2068	1761	1578	1170	806	 37740
08/09/10	Mon	352	265	291	396	797	2103	3455	3727	3477	2864	2807	2680	2697	3022	3062	3220	3440	3018	2933	2028	1525	1454	1149	645	 51407
08/10/10	Tue	384	306	323	418	824	2146	3440	3664	3401	2978	2753	2749	2743	2915	3023	3341	3349	3396	3101	2302	1835	1657	1266	732	 53046
08/11/10	Wed	418	290	287	431	825	2143	3630	3707	3570	2842	2821	2730	2831	2928	3074	3228	3470	3427	3523	2285	1823	1765	1323	745	 54116
08/12/10	Thu	470	334	317	466	831	2176	3472	3796	3417	3016	2750	2646	2970	3032	3216	3372	3465	3420	3262	2221	1896	1707	1311	829	 54392
08/13/10	Fri	477	354	376	476	789	2054	3554	3663	3406	2924	2829	2913	2934	3286	3265	3551	3279	3301	2451	2673	2004	1880	1590	981	 55010
08/14/10	Sat	662	462	422	381	467	829	1303	1606	1950	2184	2476	2506	3084	3173	2917	3142	2958	2734	2821	2218	1980	1899	1692	1129	 44995
08/15/10	Sun	758	495	416	360	402	549	835	968	1310	1724	2149	2318	2571	2713	3089	2987	2794	2250	2636	1959	1866	1637	1186	760	 38732
08/16/10	Mon	401	275	294	369	754	2118	3657	3558	3423	2921	2811	2692	2773	2849	3098	3243	3648	3541	2891	2162	1592	1521	1165	656	 52412
08/17/10	Tue	399	288	292	395	811	2156	3544	3710	3508	2922	2675	2566	2755	2789	2997	3392	3474	3474	3246	2233	1882	1682	1325	814	 53329
08/18/10	Wed	515	289	304	425	800	2193	3531	3744	3492	2998	2667	2697	2653	3025	2972	1219	2632	3346	3266	2210	1912	1715	1137	561	 50303
08/19/10	Thu	407	335	308	477	792	2161	3657	3667	3465	2991	2808	2822	2894	3008	3201	3344	3419	3143	3238	2439	1804	1637	1279	750	 54046
08/20/10	Fri	448	320	335	433	818	2129	3517	3781	3235	2797	2987	2896	3012	3135	3291	3440	3333	3402	3017	2333	2012	1811	1516	953	 54951
08/21/10	Sat	621	461	408	429	455	799	1323	1798	2044	2217	2432	2694	2763	2874	2752	2874	2881	2813	2746	2146	1929	1928	1755	1145	 44287
08/22/10	Sun	811	548	422	351	338	476	864	1002	1247	1634	2109	2173	2512	2547	2601	2565	2716	2661	2415	2097	1937	1542	1157	702	 37427
08/23/10	Mon	368	269	310	387	784	2094	3492	3712	3480	2884	2500	2629	2666	2768	2988	3184	3319	3406	2831	2005	1664	1393	1089	633	 50855
08/24/10	Tue	342	293	270	413	741	2077	3426	3322	3528	3022	2639	2599	2714	2817	2868	3347	3490	3531	2991	2222	1789	1572	1221	665	 51899
08/25/10	Wed	397	328	308	385	755	2149	3597	3662	3561	2928	2710	2601	2645	2757	3032	3316	3274	3176	3127	2200	1881	1623	1261	698	 52371
08/26/10	Thu	433	348	323	473	810	2153	3497	3568	3566	3018	2600	2593	2724	2839	3004	3298	3350	3464	3067	2225	1932	1630	1351	770	 53036
08/27/10	Fri	461	328	321	439	781	1965	3507	3479	3490	2890	2723	2753	2884	3067	3146	3522	3537	3415	3088	2312	1924	1778	1451	1002	 54263
08/28/10	Sat	635	473	380	423	435	798	1262	1692	2022	2179	2383	2562	2668	2887	2862	2852	2971	2928	2988	2340	2024	1776	1535	1115	 44190
08/29/10	Sun	676	442	419	373	348	467	736	941	1288	1639	2086	2243	2424	2643	2610	2680	2814	2789	2385	1919	1774	1525	1172	677	 37070
08/30/10	Mon	340	245	285	398	730	2091	3433	3581	3527	2789	2592	2477	2696	2872	2927	3198	3442	3477	2776	2043	1594	1503	1033	604	 50653
08/31/10	Tue	394	304	285	390	763	2128	3511	3480	3509	2905	2460	2495	2591	2902	2931	3331	3619	3415	2913	2183	1774	1552	1200	652	 51687
09/01/10	Wed	375	321	293	425	769	2133	3514	3632	3567	2885	2667	2516	2708	2861	3040	3394	3402	3325	3142	2161	1875	1574	1182	763	 52524
09/02/10	Thu	440	321	334	458	792	2148	3477	3491	3548	2870	2615	2638	2765	2861	3106	3407	3482	3503	3111	2335	1886	1696	1275	747	 53306
09/03/10	Fri	466	314	349	447	777	1924	3368	3803	3377	3094	2917	2820	2963	3174	3356	3356	3484	3274	2948	2486	2071	1800	1434	916	 54918
09/04/10	Sat	608	426	341	338	422	647	1066	1413	1876	2253	2503	2644	2539	2486	2419	2447	2515	2666	2687	1872	1685	1605	1265	932	 39655
09/05/10	Sun	654	415	382	321	315	440	679	847	1116	1573	1838	1967	2143	2363	2276	2302	2422	2350	2192	1861	1756	1435	1160	707	 33514
09/06/10	Mon	512	315	285	322	372	583	876	984	1186	1595	1907	2113	2293	2445	2464	2316	2327	2255	2053	1914	1673	1507	923	546	 33766
09/07/10	Tue	336	221	256	377	774	2091	3596	3683	3586	2822	2664	2576	2646	2772	2881	3240	3661	3457	2943	2231	1676	1473	1030	609	 51601
09/08/10	Wed	390	270	238	401	724	2099	3457	3698	3539	3166	2571	2583	2568	2832	2948	3302	2926	3323	3124	2202	1630	1538	1163	619	 51311
09/09/10	Thu	398	332	287	442	705	2116	3349	3574	3604	3143	2691	2630	2802	2918	3027	3406	3388	3366	3136	2295	1829	1584	1257	686	 52965
09/10/10	Fri	429	344	335	454	801	2064	3466	3644	3492	3159	2797	2817	2852	3076	3172	3592	3358	3259	3168	2614	1917	1629	1469	978	 54886
09/11/10	Sat	609	415	387	374	440	818	1478	1762	2241	2260	2331	2548	2623	2796	2819	2763	2797	2788	2559	2086	1809	1759	1473	984	 42919
09/12/10	Sun	658	438	399	360	313	539	916	1152	1273	1499	2077	2138	2112	2302	2267	2454	2566	2373	2191	1938	1806	1390	931	593	 34685
09/13/10	Mon	317	254	255	393	714	2030	3614	3644	3507	2906	2510	2483	2742	2920	2872	3221	3527	3494	2833	2103	1624	1327	1066	632	 50988
09/14/10	Tue	390	271	318	427	731	2088	3297	2768	3569	2910	2468	2550	2728	2717	2960	3290	3431	3508	3068	2158	1746	1604	1262	688	 50947
09/15/10	Wed	400	309	273	407	674	2071	3509	3499	3469	3139	2592	2553	2667	2639	2996	3431	3226	3284	3164	2300	1829	1563	1284	719	 51997
09/16/10	Thu	425	321	316	466	762	2115	3430	3443	3569	3164	2649	2773	2782	2935	3064	3479	3402	3349	3242	2470	1924	1668	1288	751	 53787
09/17/10	Fri	487	332	362	477	799	2003	3507	3657	3556	3135	2843	2815	3072	3182	3309	3428	3342	3428	3240	2547	2011	1720	1515	1031	 55798
09/18/10	Sat	669	454	395	414	419	749	1324	1785	2167	2211	2336	2546	2774	2840	2527	2786	2897	3001	3220	2467	1913	1646	1513	1044	 44097
09/19/10	Sun	660	451	405	344	356	519	782	961	1268	1728	2073	2218	2409	2664	2476	2342	2401	2540	2270	2058	1834	1406	1039	612	 35816
09/20/10	Mon	348	273	256	391	762	2051	3410	3291	3533	3163	2718	2614	2661	2862	3079	3278	3322	3610	2832	2175	1575	1571	1229	612	 51616
09/21/10	Tue	416	276	298	400	766	2078	3354	3327	2951	2868	2690	2603	2768	2820	3023	3266	3401	3263	3086	2218	1656	1532	1155	642	 50857
09/22/10	Wed	419	281	286	404	741	2067	3444	3553	3509	3109	2555	2571	2672	2848	3077	3165	2957	2785	3052	2180	1600	1458	1165	642	 50540
09/23/10	Thu	432	269	336	423	786	2031	3590	3593	3539	3091	2704	2786	2804	2983	3072	3463	3466	3622	3185	2482	1876	1665	1351	691	 54240
09/24/10	Fri	454	318	387	428	779	1943	3532	3543	3483	2982	2819	2853	3107	3133	3221	3302	3138	3372	3129	2791	2162	1696	1513	1000	 55085
09/25/10	Sat	618	466	416	339	434	739	1265	1691	2157	2300	2337	2670	2653	2788	2783	2847	2614	2865	2911	2398	2060	1704	1461	1060	 43576
09/26/10	Sun	701	414	438	351	349	450	735	1034	1392	1646	2057	2150	2432	2692	2402	2360	2512	2555	2590	2100	1833	1370	986	633	 36182
09/27/10	Mon	359	275	290	383	735	1941	3483	3479	3385	2938	2675	2484	2653	2728	2931	3146	3392	3415	2825	2120	1592	1376	1128	581	 50314
09/28/10	Tue	358	304	299	406	700	1911	3546	3560	3623	3031	2675	2548	2715	2817	2980	3245	3467	3413	2982	2172	1714	1487	1155	615	 51723
09/29/10	Wed	401	277	269	427	674	1968	3483	3418	3326	2887	2545	2535	2629	2884	3091	3229	3300	3371	3325	2505	1826	1602	1205	663	 51840
09/30/10	Thu	443	343	303	494	773	2008	3511	3471	3674	3027	2757	2671	2875	2930	3145	3274	3286	3232	3237	2388	1861	1660	1460	792	 53615
10/01/10	Fri	457	331	335	454	765	1879	3557	3705	3521	3011	2801	2925	2999	3197	3047	3383	3199	3249	3387	2860	2045	1771	1522	988	 55388
10/02/10	Sat	588	439	406	388	415	741	1374	1837	2160	2370	2462	2571	2663	2777	2843	2798	2903	2966	3029	2307	1788	1799	1724	1131	 44479
10/03/10	Sun	736	487	366	328	364	559	913	1256	1488	1768	2280	2317	2307	2519	2463	2643	2606	2527	2324	2088	1755	1350	969	585	 36998
10/04/10	Mon	358	250	254	362	735	1916	3602	3468	3159	2980	2657	2444	2710	2786	2970	3208	3292	3481	2940	2124	1491	1286	1108	616	 50197
10/05/10	Tue	361	281	289	413	706	1929	3559	3396	3557	2990	2442	2546	2621	2897	2958	3315	3506	3535	3050	2219	1680	1419	1225	712	 51606
10/06/10	Wed	364	269	297	405	632	1782	3546	3542	3584	2980	2592	2662	2610	2933	3020	3342	3293	3411	3082	2260	1643	1492	1060	574	 51375
10/07/10	Thu	411	292	290	433	615	716	661	1007	3215	2896	2676	2670	2812	2900	3012	3304	3479	3464	3127	2474	1663	1517	1266	706	 45606
10/08/10	Fri	461	375	342	436	694	1714	3374	3565	3413	2889	2724	2884	2944	3087	3328	3296	3262	3449	3131	2631	1854	1720	1497	883	 53953
10/09/10	Sat	601	454	389	339	430	685	1231	1614	1980	2135	2489	2585	2692	2846	2612	2919	2935	2738	2563	2145	1703	1625	1366	959	 42035
10/10/10	Sun	687	520	425	328	349	457	719	923	1227	1587	1895	1965	2088	2347	2273	2353	2352	2323	2171	1790	1578	1216	900	612	 33085
10/11/10	Mon	454	246	289	362	678	1678	3416	3349	3330	2781	2565	2524	2739	2848	2861	3240	3541	3432	2878	2115	1423	1388	1081	666	 49884
10/12/10	Tue	521	306	296	376	691	1897	3287	3254	3220	2830	2555	2484	2573	2667	2587	3242	3402	3312	2753	1992	1597	1380	1115	637	 48974
10/13/10	Wed	481	287	300	378	650	1881	3450	3559	3368	2951	2627	2576	2713	2931	3142	3276	3674	3573	3277	2326	1677	1587	1245	709	 52638
10/15/10	Fri	369	325	350	484	868	2155	3533	3343	3321	3020	2813	2960	3060	3297	3307	3290	3263	3523	3064	2696	1798	1756	1525	890	 55010
10/16/10	Sat	646	447	383	355	428	825	1441	1698	1881	2256	2398	2577	2719	2711	2890	2850	2927	3012	2658	2318	1916	1999	1638	1005	 43978
10/17/10	Sun	710	472	425	287	350	553	892	1036	1374	1617	2045	2296	2505	2769	2555	2508	2645	2937	2501	1956	1592	1166	915	544	 36650
10/18/10	Mon	361	268	279	383	831	2166	3618	3434	3378	2788	2609	2511	2612	2834	3084	3326	3329	3449	2695	1925	1377	1267	959	522	 50005
10/19/10	Tue	351	241	274	418	781	2263	3409	3545	3371	2734	2457	2510	2692	2613	2988	3320	3633	3559	2894	2014	1506	1345	1015	606	 50539
10/20/10	Wed	360	269	327	427	785	2291	3519	3549	3483	2780	2478	2561	2709	2902	3089	3486	3602	3473	3013	2071	1642	1453	1138	606	 52013
10/21/10	Thu	427	328	346	463	836	2309	3582	3587	3482	2999	2698	2714	2924	3072	3118	3485	3414	3479	3029	2259	1615	1510	1175	665	 53516
10/22/10	Fri	406	316	363	479	866	2162	3532	3728	3285	3118	2749	2995	3051	3234	3188	3580	3365	3455	2954	2355	1702	1564	1367	944	 54758
10/23/10	Sat	641	463	349	346	458	781	1337	1542	1945	2250	2400	2483	2673	2799	2622	2797	2869	3086	3180	2461	1721	1700	1442	1060	 43405
10/24/10	Sun	762	554	430	362	321	505	873	926	1265	1554	1830	2122	2281	2614	2405	2291	2416	2507	2339	1852	1530	1212	922	496	 34369
10/25/10	Mon	299	243	288	406	818	2148	3694	3527	3346	2776	2560	2490	2570	2889	2851	3318	3531	3318	2632	1800	1331	1294	973	516	 49618
10/26/10	Tue	341	275	259	403	755	2173	3509	3457	3387	2819	2561	2553	2714	2846	3021	3343	3503	3414	2957	1922	1488	1349	1053	558	 50660
10/27/10	Wed	348	310	276	421	766	2237	3594	3483	3372	2745	2416	2547	2701	2942	2966	3296	3635	3500	2970	1994	1564	1527	1120	764	 51494
10/28/10	Thu	485	331	287	449	812	2177	3553	3464	3436	2889	2631	2707	2813	3088	3145	3352	3394	3578	3496	2186	1636	1570	1227	645	 53351
10/29/10	Fri	412	341	326	434	799	2055	3575	3479	3413	2887	2791	2788	2954	3172	3325	3310	3460	3438	3338	2581	1885	1751	1486	949	 54949
10/30/10	Sat	675	499	410	397	438	760	1255	1561	2133	2309	2380	2593	2610	2770	2782	2708	2554	2833	2517	2114	1851	1684	1410	931	 42174
10/31/10	Sun	686	584	583	486	484	492	662	858	1174	1518	1903	1919	2023	2199	2289	2328	2406	2288	1741	1552	1719	1649	1039	600	 33182
11/01/10	Mon	387	278	301	390	790	2160	3370	3647	3440	2788	2581	2522	2741	2823	2951	3317	3561	3441	2790	1829	1455	1271	908	541	 50282
11/02/10	Tue	331	263	284	427	782	2167	3681	3356	3408	2757	2449	2535	2706	2765	2956	3317	3528	3197	2938	1958	1359	1299	880	530	 49873
11/03/10	Wed	370	283	268	423	742	2033	3551	3327	3294	2969	2422	2462	2701	2902	3136	3292	3278	3242	3049	1984	1479	1423	1057	581	 50268
11/04/10	Thu	366	278	319	467	793	2232	3679	3286	3331	2997	2699	2588	2768	2994	3101	3428	3536	3291	3047	2031	1609	1420	1062	624	 51946
11/05/10	Fri	380	328	340	474	775	2099	3719	3357	3394	3051	2664	2797	3007	3180	3320	3303	3383	3228	3237	2456	1698	1549	1303	832	 53874
11/06/10	Sat	525	452	367	378	428	829	1505	1626	1931	2113	2302	2666	2722	2745	2876	2700	2787	2834	2739	1998	1489	1473	1280	874	 41639
11/07/10	Sun	476	367	316	256	257	273	480	966	1009	1390	1914	2268	2309	2561	2708	2527	2423	2614	2514	2063	1636	1384	1049	771	 34531
11/08/10	Mon	292	212	265	392	760	2233	3607	3360	3436	2807	2644	2509	2651	2778	2872	3292	3315	3305	2810	1576	1260	1196	902	508	 48982
11/09/10	Tue	353	263	280	419	759	2247	3567	3646	3454	2783	2591	2516	2860	2863	2927	2799	3006	2890	2338	1428	1198	1112	855	465	 47619
11/10/10	Wed	267	264	263	416	734	2122	3313	3231	3412	2686	2464	2493	2672	2818	3193	3478	3528	3208	2938	1942	1487	1380	1092	593	 49994
11/11/10	Thu	328	283	286	452	753	1978	3154	3368	2817	2531	2331	2492	2630	2792	2878	3171	3378	3091	2331	1642	1369	1297	979	601	 46932
11/12/10	Fri	375	278	309	450	751	1982	3354	3415	3404	2941	2695	2828	2960	3158	3193	3561	3254	3280	3066	2102	1549	1463	1185	793	 52346
11/13/10	Sat	538	391	336	391	392	782	1319	1575	1828	2145	2302	2532	2608	2765	2802	2900	3026	2987	2998	2205	1426	1286	1021	1146	 41701
11/14/10	Sun	629	457	450	301	329	511	816	853	1238	1531	1900	2078	2299	2515	2323	2200	2270	2395	2167	1633	1319	1038	787	477	 32516
11/15/10	Mon	291	200	256	388	751	2177	3827	3346	3117	2815	2483	2393	2563	2657	2753	3265	3456	3301	2492	1579	1238	1114	887	517	 47866
11/16/10	Tue	290	263	272	412	786	2198	3517	3542	3451	2919	2563	2498	2755	2915	3059	3089	2872	3124	2707	1664	1290	1175	913	482	 48756
11/17/10	Wed	288	227	273	412	713	2102	3460	3440	3482	2835	2486	2495	2740	2879	3061	3359	3352	2476	2594	1765	1486	1352	1014	625	 48916
11/18/10	Thu	365	303	346	459	783	2221	3669	3536	3549	2904	2755	2746	2407	3073	3134	3444	3196	3329	2931	1897	1527	1472	1127	856	 52029
11/19/10	Fri	374	319	329	542	848	2136	3395	3627	3582	2970	2850	2779	2927	3179	3355	3503	3382	3318	3164	2475	1660	1458	1284	869	 54325
11/20/10	Sat	534	416	359	391	513	861	1399	1671	2094	2197	2438	2548	2793	2839	2801	2868	3069	3009	2558	1851	1510	1442	1179	951	 42291
11/21/10	Sun	534	383	363	308	334	524	792	956	1274	1638	1947	2025	2221	2300	2232	1339	1583	1792	1848	1488	1221	1007	839	482	 29430
11/22/10	Mon	287	223	229	356	774	2099	3017	2915	3209	2879	2721	2570	2801	2830	3072	3386	3353	3331	2725	1625	1368	1257	1045	539	 48611
11/23/10	Tue	325	278	285	469	782	2194	3330	3304	3361	3058	2740	2781	2810	3034	3237	3364	3419	3152	3062	1998	1599	1282	1153	617	 51634
11/24/10	Wed	389	326	302	485	786	2000	3400	3480	3178	2729	2766	2693	3087	3093	3441	3330	3360	2999	2425	1875	1507	1267	1075	649	 50642
11/25/10	Thu	386	304	291	249	326	432	606	665	833	1147	1635	2076	2510	2359	2158	2033	2118	2248	2266	2137	1922	1652	1219	741	 32313
11/26/10	Fri	405	325	304	393	592	1173	1599	1732	1784	1930	2174	2355	2388	2458	2515	2469	2579	2447	2077	1581	1277	1199	945	720	 37421
11/27/10	Sat	457	312	316	331	384	618	942	1158	1412	1769	2048	2268	2381	2495	2387	2523	2697	2696	2126	1733	1409	1241	1040	851	 35594
11/28/10	Sun	499	387	401	312	383	523	729	829	1189	1489	1849	1941	2223	2372	2200	2129	2195	2100	2092	1571	1230	1023	779	497	 30942
11/29/10	Mon	314	231	299	375	745	2024	3467	3473	3133	2600	2423	2439	2510	2566	2760	3127	3343	3210	2358	1568	1239	1179	934	499	 46816
11/30/10	Tue	331	266	277	393	736	2104	3517	3265	2967	2904	2534	2601	2675	2793	2980	3338	2997	3297	2778	1850	1390	1300	1000	574	 48867
12/01/10	Wed	339	321	284	390	676	2070	3407	3491	3527	2794	2605	2609	2605	2734	3004	3333	3470	3425	2742	1720	1560	1370	1052	630	 50158
12/02/10	Thu	360	316	323	456	693	2089	3552	3362	3310	3015	2610	2581	2753	2861	3042	3377	3440	3183	3001	1893	1563	1429	1054	625	 50888
12/03/10	Fri	400	336	313	424	741	2051	3309	3670	3451	2888	2697	2403	2931	3056	3121	3407	3278	3188	2977	2357	1563	1495	1299	826	 52181
12/04/10	Sat	517	423	361	363	420	807	1525	1531	1818	2080	2239	2369	2485	2630	2669	2736	2796	2799	2620	1752	1375	1383	1234	823	 39755
12/05/10	Sun	516	398	382	301	311	482	818	921	1210	1491	1838	1770	2065	2198	2377	2344	2520	2258	1957	1504	1349	1097	807	460	 31374
12/06/10	Mon	305	245	279	369	728	1981	3579	3421	3378	2852	2447	2497	2569	2749	2817	3287	3441	3293	2621	1696	1316	1178	887	494	 48429
12/07/10	Tue	381	284	282	397	708	2048	3516	3465	3452	2766	2460	2521	2573	2782	2873	3153	3288	3320	2913	1794	1429	1372	945	616	 49338
12/08/10	Wed	347	260	270	401	661	2047	3420	3341	3456	2961	2580	2564	2598	2826	2997	3349	3677	3341	2739	1841	1560	1470	1114	767	 50587
12/09/10	Thu	406	321	293	448	748	2028	3466	3592	3254	3144	2595	2655	2749	2826	3124	3402	3327	3177	2926	1781	1535	1459	1104	884	 51244
12/10/10	Fri	427	387	374	457	733	1929	3507	3301	3499	2857	2626	2779	2987	3198	3237	3504	3506	3403	2989	2116	1557	1465	1282	755	 52875
12/11/10	Sat	547	400	376	348	397	723	1136	1459	1660	2024	2291	2434	2581	2617	2720	2686	2771	2848	2836	1963	1482	1570	1346	941	 40156
12/12/10	Sun	621	424	402	335	317	460	696	787	1118	1366	1761	1942	2244	2297	2378	2307	2427	2379	1955	1626	1337	1163	824	486	 31652
12/13/10	Mon	299	217	270	355	701	1976	3476	3144	3355	3053	2621	2509	2492	2777	2938	3341	3483	3397	2665	1771	1289	1292	922	509	 48852
12/14/10	Tue	342	299	312	404	702	2053	3486	3536	3412	2851	2515	2685	2617	2855	2985	3363	3361	3317	2764	1830	1579	1368	1061	589	 50286
12/15/10	Wed	366	288	283	412	726	2103	3437	3466	3449	2957	2617	2541	2603	2916	3176	3313	2972	3126	2925	1883	1559	1446	1145	655	 50364
12/16/10	Thu	391	300	302	469	745	2018	3140	3326	3357	2813	2724	2720	2859	3027	3197	3548	3369	3301	2846	2080	1590	1578	1213	746	 51659
12/17/10	Fri	419	344	378	451	750	1899	3375	3552	3252	2834	2743	2916	2847	3184	3283	3615	3423	3187	2953	2464	1736	1597	1388	970	 53560
12/18/10	Sat	635	383	369	387	394	790	1170	1307	1713	1932	2258	2475	2774	2736	2785	2865	3039	2974	2881	2193	1704	1669	1360	975	 41768
12/19/10	Sun	645	465	404	306	368	502	772	832	1132	1514	1908	2156	2232	2474	2431	2481	2661	2662	2268	1738	1561	1234	967	669	 34382
12/20/10	Mon	350	252	313	356	748	1920	3333	3618	3143	2762	2822	2825	2813	2965	3073	3423	3431	3380	2932	1877	1413	1322	1090	640	 50801
12/21/10	Tue	395	301	344	415	762	1991	3224	3461	3255	2824	2834	2726	2774	2936	3159	3431	3204	2806	1562	2040	1467	1398	1208	720	 49237
12/22/10	Wed	435	314	342	431	776	1877	3343	3461	3222	2892	2457	2899	2938	2970	3276	3428	3299	3212	3064	2147	1665	1581	1199	772	 52000
12/23/10	Thu	473	373	315	463	730	1671	2981	2961	2853	2753	2727	2925	3104	3281	3360	3394	3320	3176	2686	1974	1634	1460	1185	804	 50603
12/24/10	Fri	476	350	320	380	489	784	1125	1225	1490	1816	2081	2220	2467	2573	2583	2653	2580	2502	2205	1742	1589	1756	1430	998	 37834
12/25/10	Sat	672	484	290	217	210	292	457	464	650	1034	1336	1703	1928	2131	1951	1853	1980	2103	1976	1851	1607	1455	1099	660	 28403
12/26/10	Sun	373	256	215	213	317	446	670	715	934	1255	1652	1823	2074	2287	2148	2100	2304	2452	2086	1535	1325	1111	795	527	 29613
12/27/10	Mon	331	252	292	351	686	1593	2791	2784	2536	2310	2399	2350	2440	2662	2755	3008	3286	3141	2407	1656	1302	1191	900	587	 44010
12/28/10	Tue	327	272	266	391	702	1753	3108	3189	2889	2622	2553	2512	2597	2783	2921	3202	3418	3234	2596	1755	1414	1283	1059	642	 47488
12/29/10	Wed	376	287	301	420	670	1726	3111	3109	2954	2697	2512	2707	2724	2943	2991	3237	3430	3411	2815	1859	1527	1405	1156	704	 49072
12/30/10	Thu	407	339	304	437	706	1661	2907	2965	2744	2390	2055	1552	2057	2153	2051	1918	1816	1552	1230	1020	773	704	572	410	 34723
12/31/10	Fri	265	214	243	327	390	731	958	936	1009	1090	1243	1323	1604	1810	1822	1879	1746	1742	1750	1538	1173	990	663	463	 25909