01/01/10	Fri	694	842	659	431	318	324	451	555	709	989	1306	1534	1801	1909	2047	2020	1988	1790	1644	1373	1203	1071	909	613	 27180
01/02/10	Sat	448	279	229	211	236	442	642	945	1256	1515	1636	2054	2314	2386	2286	2483	2415	2328	1920	1578	1412	1367	1094	793	 32269
01/03/10	Sun	591	392	360	234	226	282	485	733	858	1128	1506	1822	1993	2148	2066	2057	1919	2002	1842	1566	1359	1158	955	547	 28229
01/04/10	Mon	445	273	206	263	417	1105	2406	3028	2918	2470	2287	2469	2618	2637	3076	3558	3625	3569	2955	1758	1485	1226	1105	805	 46704
01/05/10	Tue	441	341	261	306	496	1132	2527	3276	2963	2509	2243	2475	2643	2709	3028	3213	3497	3567	3194	2230	1636	1319	1150	750	 47906
01/06/10	Wed	461	324	266	322	520	1046	2439	3217	2877	2484	2116	2323	2473	2612	2803	3084	2648	2285	1966	1604	1117	939	890	677	 41493
01/07/10	Thu	444	341	259	328	490	921	1804	2235	2241	2226	2035	2096	2283	2405	2842	3221	3220	3230	2800	1773	1413	1211	1161	739	 41718
01/08/10	Fri	473	289	328	327	419	982	2142	3039	2877	2515	2409	2482	2853	2978	3150	3429	3487	3288	2986	2103	1629	1569	1359	990	 48103
01/09/10	Sat	667	414	313	290	325	431	858	1235	1589	1767	2022	2282	2605	2535	2620	2655	2752	2765	2233	1699	1397	1344	1201	863	 36862
01/10/10	Sun	568	393	359	231	223	290	477	771	943	1275	1549	1864	2168	2286	2378	2477	2497	2374	1962	1640	1414	1132	896	559	 30726
01/11/10	Mon	394	237	286	249	453	1089	2414	3203	3087	2640	2403	2465	2524	2691	3112	3608	3547	3508	2907	1807	1412	1190	1037	692	 46955
01/12/10	Tue	430	268	284	327	455	1050	2472	3160	3177	2661	2272	2484	2528	2710	3110	3509	3328	3410	3214	2001	1448	1129	1125	702	 47254
01/13/10	Wed	430	274	288	332	447	1099	2534	3295	3160	2608	2358	2456	2738	2737	3218	3561	3609	3541	3022	1918	1566	1261	1154	735	 48341
01/14/10	Thu	474	307	293	352	480	1083	2438	3290	3252	2597	2420	2492	2575	2759	3123	3555	3696	3559	2964	2001	1285	1222	1210	785	 48212
01/15/10	Fri	495	316	303	361	457	977	2395	3142	3166	2675	2507	2763	2874	3058	3454	3555	3559	3445	3271	2203	1698	1540	1507	1076	 50797
01/16/10	Sat	659	382	378	342	325	409	854	1139	1701	1780	2185	2310	2615	1893	2226	2555	2480	2408	2173	1632	1376	1321	1167	786	 35096
01/17/10	Sun	561	399	364	244	215	248	461	629	906	1200	1582	1849	2052	2158	2125	2242	2178	2003	1773	1436	1225	1077	843	573	 28343
01/18/10	Mon	407	252	255	284	408	991	2139	2643	2577	2346	2307	2558	2605	2813	3122	3549	3611	3513	2631	1854	1499	1280	1033	770	 45447
01/19/10	Tue	475	262	276	317	452	1068	2555	3305	3155	2542	2296	2418	2566	2760	3191	3498	3597	3629	2963	1820	1462	1258	1109	737	 47711
01/20/10	Wed	428	320	281	319	450	1036	2476	3384	3151	2513	2321	2485	2572	2677	3136	3664	3694	3615	3015	1968	1546	1300	1105	723	 48179
01/21/10	Thu	459	310	302	348	471	1038	2456	3333	3222	2565	2434	2464	2593	2740	3222	3665	3703	3608	2908	1972	1599	1355	1195	775	 48737
01/22/10	Fri	523	316	330	388	469	971	2355	3129	3138	2570	2435	2571	2876	3021	3460	3684	3660	3535	3285	2174	1678	1544	1500	1020	 50632
01/23/10	Sat	673	362	307	312	296	479	824	1183	1544	1784	2095	2396	2654	2629	2653	2742	2670	2673	2197	1720	1489	1357	1175	874	 37088
01/24/10	Sun	582	424	372	221	228	251	463	728	1007	1200	1556	1778	2195	2210	2092	2092	2214	2020	1807	1378	1345	1342	873	545	 28923
01/25/10	Mon	373	226	224	285	423	1006	2399	3266	3036	2594	2306	2441	2568	2649	3009	3455	3549	3633	2880	1845	1399	1178	1049	650	 46443
01/26/10	Tue	428	267	302	312	473	995	2438	3261	3157	2578	2256	2410	2557	2754	3060	3597	3719	3693	2984	1895	1485	1306	1107	743	 47777
01/27/10	Wed	464	285	266	315	448	1033	2461	3215	3200	2488	2333	2510	2632	2708	3055	3777	3668	3631	3191	1965	1507	1306	1142	743	 48343
01/28/10	Thu	490	322	299	352	450	1007	2251	3018	3040	2426	2189	2388	2376	2648	3165	3507	3585	3665	2784	2046	1559	1310	1243	798	 46918
01/29/10	Fri	478	309	297	340	423	980	2206	3073	3101	2504	2525	2629	2880	2989	3381	3574	3697	3526	3291	2373	1828	1539	1587	973	 50503
01/30/10	Sat	679	406	376	360	287	390	819	1234	1695	1828	2106	2488	2637	2703	2813	2729	2713	2601	2363	1862	1538	1386	1264	854	 38131
01/31/10	Sun	542	393	345	244	232	244	478	674	963	1289	1696	1969	2245	2474	2413	2464	2411	2250	2033	1616	1444	1269	898	591	 31177
02/01/10	Mon	369	255	254	297	435	1047	2435	3343	3165	2486	2357	2469	2707	2668	3114	3515	3601	3609	2853	1941	1501	1246	1106	742	 47515
02/02/10	Tue	433	302	243	302	462	1041	2510	3322	3120	2510	2398	2382	2659	2826	3239	3632	3702	3639	2989	2008	1477	1341	1180	749	 48466
02/03/10	Wed	453	277	250	337	445	1045	2467	3347	3084	2592	2346	2491	2745	2761	3118	3588	3665	3625	3190	1953	1562	1326	1127	753	 48547
02/04/10	Thu	442	335	291	351	480	1041	2375	3198	3106	2522	2256	2475	2636	2729	3198	3604	3644	3515	3096	2063	1662	1415	1242	819	 48495
02/05/10	Fri	496	324	296	375	447	999	2300	3124	3250	2637	2560	2660	3039	3057	3467	3660	3691	3556	3258	2249	1787	1544	1388	1083	 51247
02/06/10	Sat	697	436	364	300	332	423	828	1245	1744	1888	2160	2378	2736	2799	2723	2645	2760	2648	2231	1881	1479	1409	1102	851	 38059
02/07/10	Sun	588	424	343	223	206	288	446	738	964	1113	1399	1515	899	2019	2004	2320	2026	1326	1072	1046	1791	1440	896	531	 25617
02/08/10	Mon	419	236	223	270	422	956	1820	2332	2078	2014	1655	2005	2225	2212	2731	3085	3106	3118	2281	1599	1167	1044	937	627	 38562
02/09/10	Tue	433	285	251	310	462	971	2258	3080	2996	2518	2201	2393	2600	2725	3016	3481	3628	3482	3036	1966	1473	1282	1054	718	 46619
02/10/10	Wed	481	264	261	339	437	971	2344	3243	3220	2665	2339	2472	2734	2841	3027	3356	3706	3718	3020	2065	1673	1384	1176	842	 48578
02/11/10	Thu	546	304	281	382	440	1054	2482	3384	3217	2574	2412	2472	2854	3075	3186	3600	3675	3627	3134	2147	1702	1446	1251	807	 50052
02/12/10	Fri	605	348	291	388	447	932	2327	3108	3194	2720	2591	2846	2918	3114	3457	3675	3679	3592	3245	2325	1758	1647	1564	1091	 51862
02/13/10	Sat	748	438	405	362	324	462	755	1173	1691	1860	2169	2397	2629	2736	2843	2830	2767	2623	2264	1885	1512	1424	1271	885	 38453
02/14/10	Sun	690	435	415	219	208	258	421	585	714	1034	1244	1721	1904	2059	2045	2124	2199	1932	1871	1538	1259	1205	972	680	 27732
02/15/10	Mon	473	266	271	252	380	832	2014	2675	2576	2398	2407	2520	2710	2641	3042	3495	3550	3471	2587	1863	1544	1198	1072	726	 44963
02/16/10	Tue	456	285	239	278	446	1000	2431	3373	3228	2479	2327	2583	2732	2887	3155	3663	3770	3617	3200	2077	1561	1365	1116	751	 49019
02/17/10	Wed	499	328	276	333	422	993	2423	3361	3121	2645	2355	2428	2660	2779	3008	3587	3638	3662	3094	2056	1647	1412	1234	793	 48754
02/18/10	Thu	470	328	272	385	454	1051	2346	3411	3099	2745	2308	2527	2670	2773	3223	2580	2985	3086	2698	1792	1487	1261	974	736	 45661
02/19/10	Fri	500	341	287	372	473	886	1463	2568	2925	2279	2174	2472	2753	2739	2964	3645	3239	2680	2153	2146	1455	1316	1232	900	 43962
02/20/10	Sat	628	352	303	300	307	405	725	1153	1407	1532	1920	2028	2274	2313	2327	2370	2350	2229	2012	1579	1196	1185	1052	803	 32750
02/21/10	Sun	518	349	288	228	214	300	437	594	782	1027	1331	1522	1793	1942	1909	2012	2059	1807	1591	1393	1157	973	847	563	 25636
02/22/10	Mon	415	261	249	299	395	864	1994	2664	2855	2362	2194	2390	2433	2564	2938	3430	3415	3530	2847	1935	1476	1165	992	717	 44384
02/23/10	Tue	468	310	245	316	437	999	2384	3137	3298	2633	2301	2417	2730	2743	3142	3633	3643	3561	3309	2148	1590	1419	1154	787	 48804
02/24/10	Wed	470	293	302	315	431	981	2445	3348	3121	2800	2417	2626	2671	2825	3048	3549	2772	3341	3292	2104	1654	1373	1276	820	 48274
02/25/10	Thu	531	323	324	348	466	972	2355	3371	3163	2774	2418	2499	2664	2808	3159	3680	3635	3343	3087	2050	1653	1375	1174	825	 48997
02/26/10	Fri	549	354	299	390	457	932	2246	3176	3000	2684	2483	2732	2976	3106	3422	3638	3611	3608	3301	2392	1895	1617	1577	1107	 51552
02/27/10	Sat	718	482	384	321	335	422	827	1346	1829	2041	2217	2476	2661	2782	2713	2841	2847	2543	2363	1942	1589	1488	1341	944	 39452
02/28/10	Sun	661	407	367	277	198	272	448	686	955	1273	1606	1921	2262	2277	2243	2220	2456	2330	1870	1647	1388	1119	868	601	 30352
03/01/10	Mon	462	243	212	276	389	965	2323	3288	3001	2557	2355	2459	2570	2575	3124	3641	3768	3764	2857	1989	1506	1223	1103	698	 47348
03/02/10	Tue	469	312	271	298	454	963	2472	3400	3326	2689	2287	2482	2710	2703	3052	3586	3765	3718	3044	2159	1434	1207	1214	789	 48804
03/03/10	Wed	457	331	275	320	448	959	2575	3461	3235	2604	2431	2532	2751	2817	3032	3613	3825	3756	3212	2188	1656	1409	1122	847	 49856
03/04/10	Thu	514	344	296	356	459	965	2500	3432	3278	2690	2510	2562	2526	2859	3205	3769	3822	3685	3264	2221	1686	1393	1303	902	 50541
03/05/10	Fri	531	334	308	336	469	947	2395	3237	3314	2719	2484	2646	3023	2956	3537	3761	3760	3673	3383	2357	1859	1656	1539	1039	 52263
03/06/10	Sat	750	453	405	356	275	436	882	1373	1780	1953	2295	2677	2874	2783	2707	2892	2950	2782	2358	1919	1638	1443	1343	930	 40254
03/07/10	Sun	643	415	367	277	234	270	437	756	1035	1354	1702	2042	2272	2382	2376	2439	2446	2454	2193	1778	1500	1259	990	645	 32266
03/08/10	Mon	465	305	243	270	386	957	2478	3422	3012	2725	2367	2571	2469	2631	2980	3587	3696	3659	2952	1889	1465	1153	1031	746	 47459
03/09/10	Tue	482	330	300	308	404	960	2515	3392	3207	2691	2386	2496	2608	2781	3000	3624	3741	3809	3013	2063	1554	1276	1167	787	 48894
03/10/10	Wed	440	275	271	328	429	976	2538	3470	3247	2789	2393	2498	2674	2761	2940	3210	3407	3372	3241	2009	1613	1366	1164	775	 48186
03/11/10	Thu	506	314	296	336	434	971	2491	3425	3180	2764	2461	2556	2612	2817	3187	3758	3763	3582	3427	2354	1778	1456	1357	974	 50799
03/12/10	Fri	570	365	319	355	443	947	2423	3335	3177	2727	2588	2723	3036	3194	3394	3793	3698	3651	3425	2563	1882	1650	1558	1200	 53016
03/13/10	Sat	730	421	390	351	343	458	848	1380	1899	2008	2372	2651	2851	2908	2732	2943	3038	2848	2450	2142	1686	1503	1317	1084	 41353
03/15/10	Mon	472	274	256	271	380	969	2181	3186	3159	2667	2289	2469	2557	2738	2993	3679	3839	3812	2960	2193	1718	1388	1262	795	 48507
03/16/10	Tue	575	346	279	321	388	939	2391	3304	3303	2699	2394	2489	2693	2854	3055	3705	3732	3785	3153	2177	1852	1502	1267	862	 50065
03/17/10	Wed	530	298	284	321	427	952	2389	3374	3335	2698	2577	2678	2741	2823	2941	3319	3450	3264	3220	2226	1879	1547	1295	970	 49538
03/18/10	Thu	572	381	350	349	469	968	2369	3363	3362	2797	2486	2640	2753	3004	3358	3595	3740	3780	3357	2455	1927	1651	1445	981	 52152
03/19/10	Fri	622	355	316	357	449	832	1791	2536	2455	2093	1938	2184	2343	2380	2368	2020	1755	2049	1782	1322	1158	1004	1031	779	 35919
03/20/10	Sat	582	370	289	301	308	370	641	981	1230	1343	1595	2215	2423	2483	2611	2706	2732	2576	2293	1966	1753	1625	1358	1003	 35754
03/21/10	Sun	684	442	386	294	212	332	487	759	989	1294	1766	2009	2357	2517	2522	2576	2480	2320	2145	1841	1613	1422	1079	739	 33265
03/22/10	Mon	485	316	258	293	393	982	2334	3255	3131	2757	2494	2559	2677	2787	3099	3632	3778	3855	2943	2283	1672	1395	1166	874	 49418
03/23/10	Tue	519	340	285	319	410	962	2352	3157	3252	2656	2455	2544	2646	2771	3001	2760	3058	2880	1863	1289	878	754	543	484	 42178
03/24/10	Wed	363	232	203	230	297	541	966	1262	1407	1494	1526	1706	1727	1907	2121	2615	2860	2792	2154	1802	1395	1286	1130	826	 32842
03/25/10	Thu	557	363	313	353	468	867	2183	3118	3220	2717	2307	2623	2685	2829	3175	3332	3540	3660	3292	2337	1786	1507	1386	967	 49585
03/26/10	Fri	654	406	294	359	447	892	2176	3009	3104	2630	2438	2654	2916	3141	2666	2497	2447	2312	2341	2434	1752	1531	1447	1035	 45582
03/27/10	Sat	728	449	379	335	305	407	763	1169	1565	1592	1969	2227	2582	2564	2428	2762	2589	2521	2247	2007	1793	1561	1389	1057	 37388
03/28/10	Sun	722	390	363	281	245	304	441	752	1060	1292	1790	1965	2400	2478	2496	2551	2439	2273	2135	1840	1724	1519	1208	757	 33425
03/29/10	Mon	519	365	256	281	358	930	2348	3390	3160	2745	2471	2468	2732	2791	3017	3565	3669	3721	3058	2098	1646	1379	1279	846	 49092
03/30/10	Tue	602	365	276	304	392	931	2483	3425	3165	2576	2440	2632	2852	2804	2485	3577	3673	3705	3020	1615	1702	1474	1300	991	 48789
03/31/10	Wed	590	342	302	329	414	946	2468	3443	3174	2693	2465	2682	2889	2861	3138	3621	3710	3642	3182	2228	1795	1599	1356	936	 50805
04/01/10	Thu	632	369	287	314	440	958	2472	3299	3273	2710	2517	2581	2804	2888	3185	3432	3709	3705	3063	2271	1767	1504	1395	904	 50479
04/02/10	Fri	621	407	387	329	477	869	2198	3062	2987	2393	2476	2806	3021	3073	3421	3798	3637	3606	2969	2311	1909	1662	1617	1132	 51168
04/03/10	Sat	734	462	383	324	325	403	788	1278	1702	1873	2302	2518	2639	2663	2688	2665	3096	2712	2264	1927	1776	1532	1379	950	 39383
04/04/10	Sun	627	407	337	245	235	267	407	652	986	1340	1824	2293	2595	2713	2579	2504	2391	2330	2290	2197	2023	1726	1158	652	 34778
04/05/10	Mon	499	306	190	268	353	906	2386	3546	3321	3008	2472	2528	2699	2700	3090	3649	3797	3776	3116	2079	1669	1333	1215	795	 49701
04/06/10	Tue	540	358	294	302	395	955	2476	3206	3280	2716	2351	2479	2675	2670	3060	3659	3763	3874	3211	2270	1720	1450	1184	905	 49793
04/07/10	Wed	531	338	262	296	364	775	1965	2983	3005	2501	2294	2480	2573	2712	2993	3628	3795	3831	3111	2120	1739	1497	1271	945	 48009
04/08/10	Thu	602	372	334	341	467	915	2453	3458	3453	3062	2499	2673	2839	2850	3108	3841	3717	3757	3334	2347	1988	1669	1406	889	 52374
04/09/10	Fri	625	362	324	426	527	938	2367	3412	3222	2715	2477	2739	2976	3200	3325	3573	3688	3655	3314	2498	2092	1809	1642	1110	 53016
04/10/10	Sat	739	455	356	323	303	488	887	1623	1963	2100	2337	2622	2871	2914	2856	2883	2815	2900	2414	1972	1690	1482	1358	1037	 41388
04/11/10	Sun	706	385	350	272	237	280	455	825	1171	1430	1838	2175	2386	2539	2453	2516	2471	2699	2219	1958	1744	1519	1152	735	 34515
04/12/10	Mon	537	310	255	289	397	953	2435	3494	3461	2650	2401	2507	2797	2665	3114	3522	3717	3726	3232	2030	1673	1333	1175	759	 49432
04/13/10	Tue	532	339	297	306	431	888	2570	3561	3276	2727	2408	2555	2754	2676	3049	3525	3682	3772	3200	2300	1849	1470	1273	870	 50310
04/14/10	Wed	567	348	283	331	427	933	2506	3558	3393	2856	2526	2611	2746	2756	3044	3708	3722	3747	3263	2401	1933	1619	1371	941	 51590
04/15/10	Thu	600	330	281	353	460	946	2626	3553	3537	2878	2469	2569	2705	2806	3239	3669	3573	3772	3438	2497	2003	1786	1423	1006	 52519
04/16/10	Fri	631	372	330	369	426	924	2362	3446	3374	2734	2526	2820	2914	3116	3318	3748	3646	3662	3317	2503	1946	1683	1579	1080	 52826
04/17/10	Sat	802	431	357	348	333	446	948	1470	1819	2061	2250	2479	2712	2667	2924	2792	2836	2536	2381	2017	1759	1526	1360	936	 40190
04/18/10	Sun	738	430	384	263	241	280	501	818	1114	1427	1819	2292	2453	2675	2565	2521	2524	2835	2334	1945	1749	1515	1175	725	 35323
04/19/10	Mon	558	270	270	258	378	948	2477	3528	3433	2759	2446	2565	2655	2800	3042	3687	3750	3779	3135	2118	1716	1488	1180	835	 50075
04/20/10	Tue	618	331	269	316	412	963	2494	3610	3406	2675	2298	2612	2624	2825	3111	3718	3714	3867	3305	2341	1774	1613	1313	897	 51106
04/21/10	Wed	582	359	289	330	424	944	2484	3687	3183	2743	2374	2535	2723	2704	2945	3590	3603	3680	3294	2401	1839	1540	1238	866	 50357
04/22/10	Thu	556	333	316	363	482	963	2323	3363	3367	2667	2434	2862	2905	2764	3073	3386	3699	3736	3036	2146	1674	1473	1312	947	 50180
04/25/10	Sun	793	427	406	264	235	238	502	825	1080	1350	1806	2221	2282	2512	2402	2455	2463	2332	2090	1865	1485	1211	1056	663	 32963
04/26/10	Mon	443	302	249	262	361	877	2375	3496	3387	2679	2638	2528	2670	2760	3013	3699	3779	3693	3282	2231	1762	1413	1154	827	 49880
04/27/10	Tue	545	342	280	318	410	970	2515	3613	3373	2767	2428	2627	2773	2842	3046	3565	3774	3634	3392	2519	1959	1552	1310	912	 51466
04/28/10	Wed	556	327	269	356	441	961	2596	3550	3457	2821	2500	2581	2732	2829	2953	3743	3642	3729	3566	2380	1919	1628	1356	925	 51817
04/29/10	Thu	624	365	303	322	420	900	2396	3301	3249	2658	2386	2500	2655	2717	2974	3680	3708	3479	3319	2233	1760	1636	1366	912	 49863
04/30/10	Fri	635	388	285	383	478	912	2425	3462	3229	2774	2516	2703	2843	3003	3416	3560	3640	3703	3336	2584	2138	1917	1756	1183	 53269
05/01/10	Sat	819	480	327	363	341	429	907	1477	1844	2142	2279	2746	2821	2814	2756	3000	2786	2838	2580	2041	1974	1650	1367	1203	 41984
05/02/10	Sun	794	484	400	319	229	281	528	833	1079	1384	1800	2079	2361	2507	2493	2633	2484	2475	2060	1933	1664	1511	1076	708	 34115
05/03/10	Mon	456	343	245	255	368	970	2482	3577	3470	2662	2404	2429	2567	2645	2989	3584	3752	3707	3314	2234	1684	1464	1193	817	 49611
05/04/10	Tue	519	320	290	330	423	949	2573	3541	3308	2788	2437	2461	2702	2843	2964	3571	3683	3786	3286	2377	1912	1693	1417	914	 51087
05/05/10	Wed	575	318	273	311	451	967	2557	3586	3368	2673	2432	2555	2632	2769	3065	3487	3670	3833	3420	2487	1937	1860	2029	1038	 52293
05/06/10	Thu	638	391	346	343	448	1013	2522	3600	3418	2903	2609	2740	2778	3012	3294	3380	3253	3197	3215	2548	2043	1823	1492	949	 51955
05/07/10	Fri	673	366	323	358	466	922	2393	3503	3076	2877	2728	2809	2987	3014	3460	3690	3711	3802	3452	2813	2106	1924	1722	1193	 54368
05/08/10	Sat	767	475	363	334	333	456	950	1475	2003	2304	2501	2601	2791	2887	2837	2764	3036	2819	2533	2089	1799	1778	1406	1093	 42394
05/09/10	Sun	756	449	365	303	226	253	492	843	1210	1561	2153	2434	2670	2818	2720	2695	2581	2502	2314	2092	1970	1772	1237	811	 37227
05/10/10	Mon	534	302	251	269	372	960	2456	3529	3499	2755	2480	2552	2605	2817	3063	3638	3777	3822	3375	2226	1732	1583	1298	889	 50784
05/16/10	Sun	818	471	417	287	236	304	580	901	1137	1469	1965	2369	2495	2646	2639	2597	2542	2621	2282	1943	1740	1612	1353	864	 36288
05/17/10	Mon	555	329	267	251	373	946	2466	3616	3390	2738	2499	2620	2841	2812	3204	3567	3751	3871	3190	2247	1712	1538	1339	874	 50996
05/18/10	Tue	606	364	282	326	416	963	2521	3680	3528	2832	2458	2594	2761	2737	3141	3460	3652	3667	3441	2311	1826	1421	1238	1070	 51295
05/19/10	Wed	638	487	334	321	415	929	2403	3626	3302	2931	2559	2641	3049	2911	3174	3491	3697	3818	3451	2330	1916	1651	1464	1001	 52539
05/20/10	Thu	612	405	316	359	419	963	2536	3688	3476	2722	2782	2715	2862	2820	3226	3086	3437	3837	3415	2611	2085	1812	1505	1197	 52886
05/21/10	Fri	705	362	356	386	414	936	2467	3523	3343	2896	2721	2900	3094	3190	3437	3498	3587	3595	3480	2700	2059	1916	1813	1367	 54745
05/22/10	Sat	872	468	394	352	315	531	1143	1737	2246	2239	2480	2709	2876	2890	2830	2898	2852	2784	2503	2129	1932	1887	1504	1128	 43699
05/23/10	Sun	760	442	390	288	247	316	573	866	1183	1479	1898	2216	2506	2590	2596	2519	2466	2468	2260	1967	1825	1664	1308	838	 35665
05/24/10	Mon	605	327	250	274	392	950	2460	3472	3379	2839	2553	2598	2645	2872	3054	3475	3686	3838	3219	2247	1682	1559	1361	1117	 50854
05/25/10	Tue	700	415	308	321	413	961	2533	3490	3372	2823	2543	2658	2770	2921	3142	3472	3611	3633	3389	2592	1941	1715	1505	1103	 52331
05/26/10	Wed	631	369	331	340	403	999	2483	3560	3468	2793	2561	2645	2764	2978	3047	3357	3599	3715	3516	2479	2015	1905	1667	1106	 52731
05/27/10	Thu	796	566	414	396	440	945	2567	3518	3455	2953	2625	2699	2990	3038	3189	3569	3599	3636	3562	2920	2226	2051	1679	1250	 55083
05/28/10	Fri	735	468	400	407	455	963	2346	3339	3189	2761	2753	2912	3165	3283	3454	3449	3660	3535	3150	2696	2171	2120	1892	1316	 54619
05/29/10	Sat	872	552	411	327	354	466	835	1482	1778	2222	2460	2675	2841	2663	2654	2805	2737	2733	2496	2188	1887	2118	1667	1087	 42310
05/30/10	Sun	706	434	423	289	236	293	525	834	1096	1481	1967	2325	2481	2373	2531	2479	2471	2408	2202	1990	1864	1531	1335	894	 35168
05/31/10	Mon	589	364	299	241	265	511	1214	1357	1217	1461	1802	2134	2548	2518	2460	2397	2235	2148	1879	1749	1752	1585	1261	775	 34761
06/01/10	Tue	523	337	257	245	337	973	2572	3534	3398	2839	2599	2330	1766	2813	3064	3452	3527	3648	3450	2444	1877	1620	1404	1029	 50038
06/02/10	Wed	675	389	298	311	397	970	2574	3561	3376	2842	2569	2692	2774	2902	3006	3559	3497	3658	3377	2633	1913	1771	1449	1027	 52220
06/03/10	Thu	661	392	317	354	417	979	2461	3493	3409	2899	2653	2313	2940	2888	2612	3536	3564	3636	3532	2546	1988	1826	1507	1093	 52016
06/04/10	Fri	677	384	358	343	456	1003	2503	3464	3242	2876	2701	2813	3100	3108	3381	3515	3503	3570	3350	2749	2071	1982	1814	1291	 54254
06/05/10	Sat	889	512	356	346	362	572	1145	1612	1813	2110	2449	2687	2738	2883	2953	2880	2916	2882	2715	2027	2023	2334	1828	1097	 44129
06/06/10	Sun	764	481	375	294	245	338	581	858	1177	1549	2046	2253	2491	2678	2762	2652	2617	2385	2141	1967	1614	1729	1395	957	 36349
06/07/10	Mon	638	316	267	288	390	944	2508	3439	3343	2928	2561	2699	2816	2726	3113	3430	3087	3667	3343	2298	1896	1718	1427	1044	 50886
06/08/10	Tue	605	368	303	325	416	991	2564	3503	3299	2798	2566	2618	2804	2853	3053	3673	3731	3653	3445	2461	1869	1646	1518	1120	 52182
06/09/10	Wed	640	363	288	311	440	994	2552	3493	3416	2956	2602	2748	2781	2855	3087	3493	3609	3643	3364	2541	2029	1784	1635	1095	 52719
06/10/10	Thu	729	412	325	358	432	998	2595	3476	3539	2925	2649	2831	2810	2950	3078	3404	3460	3638	3167	2673	2013	1754	1681	1159	 53056
06/15/10	Tue	624	416	331	325	412	963	2500	3475	2683	1297	2271	2611	2718	2865	3115	3534	3678	3686	3467	2458	1952	1745	1539	1160	 49825
06/16/10	Wed	642	403	298	340	397	966	2484	3498	3419	2899	2661	2758	2882	2875	3089	3552	3577	3649	3393	2353	2014	1759	1671	1123	 52702
06/18/10	Fri	652	376	344	408	591	1484	2987	3404	3221	2767	2773	3062	3148	3237	3373	3456	3497	3466	3157	2393	2079	1944	1741	1241	 54801
06/19/10	Sat	710	570	384	341	439	612	1333	1854	2186	2334	2387	2657	2831	2792	2805	2870	2688	2612	2305	1975	1731	1796	1523	1062	 42797
06/20/10	Sun	740	419	330	259	253	483	765	1235	1276	1777	2101	2293	2398	2569	2440	2545	2430	2203	2009	2024	1936	1917	1281	796	 36479
06/21/10	Mon	482	297	276	330	528	1451	3005	3489	3156	2644	2581	2800	3116	2961	3205	3386	3568	3593	2965	2152	1763	1660	1303	802	 51513
06/22/10	Tue	548	332	281	332	586	1560	3068	3466	3025	2634	2742	2770	2874	2844	3236	3538	3565	3643	3179	2230	1858	1753	1502	959	 52525
06/23/10	Wed	554	323	309	341	623	1588	3183	3508	3264	2677	2625	2515	2748	2975	3292	3564	3667	3574	3181	2236	1863	1799	1582	1011	 53002
06/24/10	Thu	622	399	323	399	592	1551	3224	3495	3219	2791	2621	2808	2892	3003	3327	3573	3448	3473	3155	2347	1971	1830	1519	1062	 53644
06/25/10	Fri	653	390	368	460	543	1456	3068	3410	3193	2831	2784	2901	3274	3364	3451	3587	3476	3388	3130	2326	1953	1770	1656	1171	 54603
06/26/10	Sat	788	432	389	379	451	770	1299	1823	2058	2260	2529	2570	2733	2775	2526	2730	2518	2542	2248	1892	1663	1634	1385	1042	 41436
06/27/10	Sun	680	438	365	321	259	422	749	1075	1299	1673	1955	2366	2349	2381	2336	2561	2412	2319	2203	1826	1657	1509	1243	868	 35266
06/28/10	Mon	554	317	276	320	580	1538	3104	3568	3185	2777	2693	2782	2871	2879	3266	3525	3606	3606	3107	2242	1852	1716	1303	912	 52579
06/29/10	Tue	579	388	329	349	592	1523	3161	3453	3338	2863	2698	2959	2823	2965	3263	3528	3593	3627	3286	2312	1865	1725	1450	989	 53658
06/30/10	Wed	559	364	455	365	531	1602	3174	3398	3339	2989	2649	2908	3080	3161	2992	3490	3616	3643	3389	2404	2016	1923	1655	1030	 54732
07/01/10	Thu	615	386	312	399	582	1570	3209	3512	3257	2891	2877	2915	3024	3060	3455	3479	3660	3568	3397	2349	1983	1881	1555	1061	 54997
07/02/10	Fri	617	398	321	405	594	1413	3007	3363	2780	3032	2965	2815	3236	3241	3409	3619	3640	3394	2916	2409	2027	1880	1638	1121	 54240
07/03/10	Sat	743	510	341	352	348	594	1250	1468	1832	2084	2459	2598	2546	2538	2506	2572	2583	2416	2134	1854	1599	1509	1297	1042	 39175
07/04/10	Sun	642	394	320	254	227	328	585	846	1039	1358	1669	1961	2238	2344	2358	2280	2478	2009	1744	1446	1397	1361	1980	942	 32200
07/05/10	Mon	563	318	272	241	272	521	942	1295	1458	1633	1946	2132	2278	2388	2516	2503	2276	2259	1958	1398	1341	1583	1117	773	 33983
07/06/10	Tue	480	306	206	240	529	1530	3065	3433	3082	2762	2605	2821	2812	2924	3277	3461	3510	3362	3102	1987	1685	1562	1372	953	 51066
07/07/10	Wed	682	414	280	344	543	1551	2923	3224	3194	2687	2526	2756	2882	2811	3182	3234	3659	3479	3163	2091	1738	1601	1461	934	 51359
07/08/10	Thu	581	344	301	364	565	1542	3066	3418	3112	2750	2606	2893	2853	2973	3274	3204	3223	3569	3503	2367	1860	1724	1496	961	 52549
07/09/10	Fri	574	390	327	370	579	1512	2965	3332	2978	2842	2764	2978	3108	3271	3467	3484	3593	3662	3204	2395	1979	1952	1712	1253	 54691
07/10/10	Sat	786	513	408	361	407	669	1334	1793	1975	2220	2440	2710	2776	2715	2796	2831	2779	2538	2212	1890	1647	1641	1437	1071	 41949
07/11/10	Sun	692	382	391	261	303	432	791	1007	1245	1640	1963	2241	2437	2311	2214	2420	2477	2178	1958	1792	1657	1531	1207	793	 34323
07/12/10	Mon	469	376	299	294	518	1425	3119	3498	3112	2724	2559	2805	2812	2833	3203	3655	3680	3775	2946	2050	1761	1584	1301	902	 51700
07/13/10	Tue	581	373	291	334	593	1463	3154	3463	3253	2952	2608	2785	2957	2861	3209	3451	3647	3325	3334	2247	1897	1655	1361	948	 52742
07/14/10	Wed	592	391	297	356	606	1514	3072	3376	3351	2851	2636	2749	2928	3003	3060	3430	3558	3581	3253	2325	2009	1666	1419	978	 53001
07/15/10	Thu	577	353	329	376	604	1514	3063	3490	3241	2683	2782	2732	2850	2792	3369	3453	3685	3603	3196	2393	1936	1797	1539	1021	 53378
07/16/10	Fri	710	389	321	418	566	1409	2904	3423	3042	2864	2797	3001	3308	3250	3357	3488	3478	3576	3070	2398	2116	1928	1745	1239	 54797
07/17/10	Sat	746	464	392	378	394	647	1294	1644	2065	2266	2593	2735	2783	2818	2876	2745	2714	2667	2212	1861	1771	2257	1464	1046	 42832
07/18/10	Sun	717	420	374	286	262	416	724	903	1237	1623	2025	2286	2460	2585	2426	2395	2235	2201	2047	1783	1681	1636	1262	922	 34906
07/19/10	Mon	603	313	281	330	508	1462	3049	3466	3139	2865	2610	2644	2845	2799	3233	3476	3311	3683	3093	2140	1816	1666	1334	898	 51564
07/20/10	Tue	574	354	288	363	552	1431	2985	3499	3186	2884	2562	2709	2830	2950	3249	3522	3579	3221	3199	2249	1894	1598	1329	916	 51923
07/21/10	Wed	574	330	322	336	535	1431	2981	3559	3210	2792	2691	2768	2930	2938	2938	3293	3598	3661	3254	2248	2024	1774	1500	979	 52666
07/22/10	Thu	595	381	338	384	590	1487	3006	3615	3322	2862	2703	2793	2824	2972	3309	3497	3632	3628	3175	2396	1858	1809	1483	999	 53658
07/23/10	Fri	634	395	348	374	549	1358	2861	3395	3013	2868	2835	2929	3126	3289	3461	3525	3605	3624	3232	2471	2030	1947	1804	1247	 54920
07/24/10	Sat	796	531	401	340	354	620	1248	1629	1875	2217	2399	2622	2686	2680	2769	2656	2833	2550	2343	1876	1735	1702	1458	1111	 41431
07/25/10	Sun	687	412	373	250	253	396	643	954	1288	1635	2069	2247	2362	2525	2421	2458	2433	2352	2060	1810	1720	1782	1179	853	 35162
07/26/10	Mon	514	311	268	289	517	1398	2911	3467	3095	2770	2610	2736	2802	2904	3264	3630	3645	3647	3026	2162	1829	1554	1434	935	 51718
07/27/10	Tue	531	351	306	387	500	1432	2982	3458	3298	2799	2755	2710	2777	2900	3244	3405	3321	3493	3216	2286	1778	1664	1357	940	 51890
07/28/10	Wed	606	337	307	360	538	1419	3034	3593	3182	2832	2655	2711	2891	2851	3203	3555	3602	3694	3207	2319	1840	1744	1614	979	 53073
07/29/10	Thu	645	394	326	404	610	1403	3005	3500	3184	2829	2641	2901	2954	2995	3336	3462	3265	3600	3408	2361	1960	1768	1526	1073	 53550
07/30/10	Fri	611	425	345	374	625	1334	2743	3386	3096	2860	2921	2670	3295	3274	3345	2792	3524	3469	3130	2440	2188	1844	1772	1304	 53767
07/31/10	Sat	762	516	410	391	366	643	1152	1647	2017	2245	2681	2777	2973	2784	2927	2960	3248	2553	2285	2033	1726	1814	1419	1160	 43489
08/01/10	Sun	746	456	403	299	265	432	629	978	1241	1696	2023	2313	2540	2409	2353	2498	2345	2420	2151	1836	1685	1615	1175	855	 35363
08/02/10	Mon	528	312	229	316	536	1395	2899	3447	3323	2826	2629	2771	2811	2826	3189	3496	3484	3526	3184	2225	1852	1476	1274	851	 51405
08/03/10	Tue	522	327	315	336	542	1363	3082	3595	3157	2752	2729	2870	2888	2924	3326	3531	3011	3653	3328	2328	1837	1648	1433	957	 52454
08/04/10	Wed	565	352	314	368	517	1331	3012	3363	3393	2905	2534	2857	2601	2880	3254	3476	2864	3108	3214	2684	1881	1644	1485	985	 51587
08/05/10	Thu	654	421	350	412	591	1361	3072	3606	3231	2907	2670	2846	2839	2918	3227	3569	3512	3704	3409	2515	2169	1898	1564	1080	 54525
08/06/10	Fri	655	393	358	396	574	1274	2848	3410	3073	3104	2804	3206	3156	3338	3508	3424	2708	3036	3312	2553	2071	2009	1790	1575	 54575
08/07/10	Sat	801	459	370	345	359	647	1191	1580	1947	2290	2546	2815	2807	2798	3047	2947	3020	2892	2471	1969	1774	2349	1523	1112	 44059
08/08/10	Sun	718	448	385	253	276	437	632	929	1335	1668	2086	2285	2574	2710	2520	2496	2521	2462	2014	1828	1646	1645	1174	781	 35823
08/09/10	Mon	500	275	274	313	563	1256	2845	3323	3275	2772	2609	2704	2817	2764	3268	3497	3525	3051	2911	2216	1636	1556	1272	877	 50099
08/10/10	Tue	521	353	304	354	517	1348	2999	3482	3289	2908	2652	2710	2873	2926	3278	3756	3738	3720	3237	2294	2037	1685	1424	927	 53332
08/11/10	Wed	544	370	309	368	547	1312	2973	3536	3277	2928	2682	2754	2943	3070	3444	3563	3604	3707	3279	2333	1907	1768	1372	960	 53550
08/12/10	Thu	607	402	336	382	558	1347	2923	3646	3194	2848	2745	2889	2838	3040	3137	3434	3648	3563	3244	2227	1976	1717	1531	1020	 53252
08/13/10	Fri	653	391	331	388	528	1245	2824	3527	3100	2851	2830	2993	3153	3204	3352	3488	3579	3531	3003	2352	2181	1941	1747	1287	 54479
08/14/10	Sat	846	499	410	334	340	542	1151	1713	2011	2233	2509	2622	2794	2774	2864	2928	2918	2766	2335	2105	1958	2000	1920	1705	 44277
08/15/10	Sun	892	474	382	286	236	385	631	1017	1245	1654	2008	2349	2483	2528	2382	2500	2453	2306	2103	1891	1857	1854	1576	1437	 36929
08/16/10	Mon	1061	342	287	295	508	1258	2909	3531	3297	2857	2662	2776	2818	2880	3266	3583	3708	3599	3073	2170	1613	1533	1353	885	 52264
08/17/10	Tue	572	364	293	319	536	1287	2965	3655	3260	2854	2612	2707	2890	2972	3277	3587	3666	3792	3178	2335	1972	1652	1377	974	 53096
08/18/10	Wed	605	357	277	341	528	1368	3092	3411	3345	2847	2754	2843	2914	2928	3243	3353	3631	3693	3284	2366	1968	1735	1480	983	 53346
08/19/10	Thu	597	401	333	366	530	1314	2890	3519	3368	3097	2729	2813	2989	3055	3247	3594	3613	3326	3322	2358	1877	1748	1447	1001	 53534
08/20/10	Fri	589	379	351	386	494	1259	2839	3582	3155	2812	2755	2974	3156	3314	3537	3527	3621	3668	3249	2552	2039	1881	1723	1271	 55113
08/21/10	Sat	744	458	376	363	395	642	1168	1638	2061	2363	2661	2753	3013	3038	3090	3008	3161	2907	2578	2067	1905	1786	1481	1048	 44704
08/22/10	Sun	659	471	385	272	253	426	654	888	1310	1651	2082	2310	2516	2598	2552	2650	2449	2502	2245	1895	1848	1561	1161	758	 36096
08/23/10	Mon	515	328	254	295	531	1264	2942	3690	3261	2808	2497	2591	2698	2803	3232	3465	3397	3639	3012	2138	1664	1379	1223	824	 50450
08/24/10	Tue	493	340	276	316	557	1299	2884	3272	3387	2893	2537	2659	2688	2902	3232	3526	3738	3733	3145	2362	1966	1580	1393	871	 52049
08/25/10	Wed	494	392	290	365	543	1324	2925	3683	3320	2867	2555	2580	2780	2932	3243	3428	3603	3664	3342	2330	2057	1607	1349	948	 52621
08/26/10	Thu	523	356	344	389	560	1310	3032	3586	3334	2862	2595	2661	2750	2935	3237	3093	3696	3772	2804	2605	2006	1698	1464	971	 52583
08/27/10	Fri	577	378	334	392	547	1276	2821	3584	3252	2830	2701	2832	3134	3205	3272	3562	3635	3630	3070	2534	2080	1799	1616	1132	 54193
08/28/10	Sat	752	465	395	343	382	573	1216	1632	2044	2311	2609	2786	2905	2874	2832	2812	2868	2697	2160	2019	1819	2104	1593	1097	 43288
08/29/10	Sun	710	460	365	257	264	380	630	966	1277	1651	1986	2385	2527	2561	2479	2588	2441	2390	2099	1849	1663	1505	1173	783	 35389
08/30/10	Mon	421	246	228	296	488	1231	2823	3500	3345	2810	2536	2624	2777	2810	3082	3510	3542	3732	2903	2192	1715	1405	1203	795	 50214
08/31/10	Tue	494	310	281	334	557	1221	2979	3658	3224	2743	2477	2659	2722	2782	3155	3655	3604	3692	3221	2335	1939	1509	1334	815	 51700
09/01/10	Wed	464	336	259	342	520	1211	2803	3546	3359	2825	2682	2632	2849	2834	3283	3535	3575	3741	3225	2344	1942	1662	1416	909	 52294
09/02/10	Thu	546	391	274	357	546	1288	2936	3655	3338	2671	2493	2783	2597	3075	3315	3520	3339	3656	3345	2502	2014	1847	1463	936	 52887
09/03/10	Fri	579	382	323	378	526	1166	2635	3569	2996	2736	2650	2975	3109	3166	3376	3504	3596	3602	3126	2486	2124	1846	1620	1112	 53582
09/04/10	Sat	680	460	386	315	399	448	947	1404	1826	2094	2342	2713	2607	2653	2544	2700	2658	2400	2092	1973	1667	1894	1261	899	 39362
09/05/10	Sun	643	409	324	259	234	270	506	882	1128	1572	1993	2208	2260	2530	2366	2301	2244	2090	1825	1720	1606	1344	1013	756	 32483
09/06/10	Mon	481	312	334	268	261	410	684	934	1155	1415	1762	2039	2254	2366	2259	2494	2315	2231	1962	1871	1765	1408	1060	669	 32709
09/07/10	Tue	464	237	207	274	465	1169	2978	3150	3272	2829	2566	2580	2727	2731	3215	3604	3668	3783	3306	2380	1797	1461	1303	879	 51045
09/08/10	Wed	461	356	259	351	497	1201	2905	3660	3308	2743	2631	2611	2852	2853	3168	3617	3295	3595	3382	2305	1839	1593	1301	841	 51624
09/09/10	Thu	540	345	301	372	490	1195	2933	3606	3336	2810	2526	2332	2764	2821	3291	3631	3679	3669	3301	2378	1995	1614	1358	945	 52232
09/10/10	Fri	544	351	301	388	516	1223	2844	3603	3124	2857	2537	2792	3069	3182	3485	3609	3575	3615	3421	2637	2050	1872	1623	1177	 54395
09/11/10	Sat	767	456	373	326	366	561	1120	1708	2072	2152	2457	2558	2756	2734	2807	2819	2911	2756	2343	2043	1891	1646	1413	943	 41978
09/12/10	Sun	628	388	372	296	224	341	558	881	1161	1544	1977	2197	2175	2391	2192	2613	2314	2411	2138	1852	1724	1521	1107	748	 33753
09/13/10	Mon	384	274	267	328	475	1136	2813	3449	3333	2784	2469	2588	2628	2734	3180	3653	3688	3709	2946	2211	1770	1328	1207	839	 50193
09/14/10	Tue	485	329	295	355	479	1168	2750	3485	3372	2734	2364	2694	2709	2756	3143	3581	3617	3678	3338	2320	1884	1476	1352	930	 51294
09/15/10	Wed	491	326	305	379	512	1174	2905	3361	2852	3101	2534	2634	2712	2791	3179	3442	3669	3701	3331	2424	1997	1641	1440	907	 51808
09/16/10	Thu	525	344	295	366	526	1190	2891	3476	3111	3011	2865	2724	2818	2840	3333	3515	3576	3621	3462	2562	2110	1807	1604	983	 53555
09/17/10	Fri	568	401	336	388	559	1177	2748	2995	3322	2788	2784	3043	3227	3308	3461	3519	3591	3487	3207	2761	2109	1918	1824	1215	 54736
09/18/10	Sat	758	432	391	342	386	525	1034	1509	1895	2245	2593	2853	2929	2815	2810	2817	2866	2723	2496	2166	1887	2281	1511	1023	 43287
09/19/10	Sun	651	408	370	264	211	354	589	825	1172	1535	1973	2356	2393	2652	2360	2304	2261	2354	2273	1974	1743	1482	1043	762	 34309
09/20/10	Mon	474	272	266	301	471	1146	2799	3502	3305	2818	2497	2741	2818	2970	3124	3524	3489	3726	3288	2216	1692	1426	1266	893	 51024
09/21/10	Tue	520	319	257	337	488	1270	2825	3446	3423	2717	2459	2560	2777	2785	3296	3475	3587	3507	3152	2385	1852	1177	906	865	 50385
09/22/10	Wed	558	275	245	293	499	1156	2898	3623	3170	3125	2523	2599	2827	2880	3077	3108	3236	3245	3119	2460	1778	1572	1249	876	 50391
09/23/10	Thu	507	354	294	381	551	1184	2858	3690	3429	2841	2624	2663	2862	2716	3498	3550	3707	3661	3287	2503	2055	1799	1419	1017	 53450
09/24/10	Fri	595	355	339	413	495	1011	2641	3606	3229	2845	2714	2870	3241	3254	3325	3441	3084	3394	3259	2708	2089	1786	1669	1213	 53576
09/25/10	Sat	721	446	377	358	353	524	1051	1661	2097	2333	2713	2696	2944	2964	2816	2903	2998	2706	2291	1990	1768	1635	1336	1016	 42697
09/26/10	Sun	611	463	404	303	272	364	579	923	1193	1518	2122	2376	2554	2559	2358	2220	2234	2318	2299	2080	1813	1452	1115	782	 34912
09/27/10	Mon	483	322	242	288	470	1154	2813	3540	3305	2809	2620	2687	2825	2786	3249	3553	3626	3725	3146	2286	1752	1369	1242	782	 51074
09/28/10	Tue	503	342	292	344	496	1164	2820	3456	3318	2884	2529	2608	2848	2911	3270	3423	3578	3656	3416	2542	1832	1520	1308	896	 51956
09/29/10	Wed	531	339	301	360	479	1168	2860	3421	3291	2818	2607	2797	2860	2885	3275	3444	3604	3727	3392	2542	1921	1880	1544	1037	 53083
09/30/10	Thu	561	361	354	361	488	1177	2829	3538	3316	3059	2828	3019	3044	3155	3438	3503	3595	3662	3408	2758	1933	1585	1510	1035	 54517
10/01/10	Fri	610	390	321	410	511	1143	2733	3565	3160	2933	2813	2993	3113	3261	3381	3509	3592	3620	3331	2893	2186	1881	1932	1273	 55554
10/02/10	Sat	803	481	391	378	371	554	1009	1594	2045	2246	2650	2795	2995	3056	3044	3145	3064	2930	2348	2194	1822	2104	1396	992	 44407
10/03/10	Sun	607	408	375	242	248	337	548	843	1223	1677	2190	2368	2452	2570	2473	2737	2603	2636	2344	1968	1708	1485	1103	735	 35880
10/04/10	Mon	490	283	256	302	483	1175	2780	3442	3273	2907	2597	2373	2770	2894	3259	3646	3437	3699	3215	2236	1612	1431	1140	874	 50574
10/05/10	Tue	487	346	306	351	484	1141	2854	3607	3322	2795	2497	2697	2963	2818	3152	3562	3582	3682	3348	2354	1778	1558	1286	923	 51893
10/06/10	Wed	479	333	293	332	476	1170	2774	3516	3413	2925	2475	2674	2845	2898	3182	3497	3614	3668	3286	2327	1796	1475	1299	912	 51659
10/07/10	Thu	559	362	326	349	497	1131	2497	3149	3271	2845	2492	2657	2739	2936	3290	3549	3704	3704	3340	2446	1861	1688	1359	954	 51705
10/08/10	Fri	611	368	331	401	515	1090	2721	3441	3294	2744	2651	2751	2936	3114	3397	3174	3367	3620	3209	2641	1988	1775	1723	1117	 52979
10/09/10	Sat	743	453	409	370	354	488	978	1571	2110	2256	2442	2711	2819	2842	2831	2938	2830	2708	2410	2057	1678	1565	1284	867	 41714
10/10/10	Sun	627	409	405	271	231	309	451	778	1055	1361	1882	2128	2250	2280	2216	2364	2345	2334	2106	1824	1671	1363	1133	704	 32497
10/11/10	Mon	494	309	236	304	429	1044	2661	3411	3337	2713	2562	2598	2791	2909	3163	3563	3666	3763	3060	2159	1636	1358	1087	832	 50085
10/12/10	Tue	519	336	296	337	464	1088	2628	3146	2930	2649	2184	2630	2698	2765	3103	3705	3751	3804	3159	2231	1695	1471	1246	866	 49701
10/13/10	Wed	515	349	315	333	462	1025	2722	3061	3215	3081	2639	2700	2878	2818	3271	3623	3705	3740	3370	2443	1798	1644	1345	935	 51987
10/15/10	Fri	519	382	342	353	645	1358	3010	3392	3127	2815	2808	3011	3227	3393	3457	3485	3558	3591	3273	2692	2033	1730	1623	1106	 54930
10/16/10	Sat	711	438	372	326	397	631	1136	1668	2031	2370	2643	2649	3034	3060	2963	3042	3013	2888	2409	2072	1774	1573	1326	1013	 43539
10/17/10	Sun	669	448	396	245	242	349	575	938	1241	1701	2024	2410	2606	2816	2402	2282	2305	2490	2316	2016	1702	1425	1099	694	 35391
10/18/10	Mon	472	257	285	314	569	1322	2905	3584	3115	2800	2522	2642	2864	2820	3334	3651	3622	3644	3010	2034	1539	1325	1180	839	 50649
10/19/10	Tue	463	314	273	352	567	1343	3115	3588	3114	2601	2387	2532	2757	2815	3374	3622	3649	3629	3180	2153	1719	1506	1282	842	 51177
10/20/10	Wed	490	322	328	356	587	1347	3080	3566	3027	2864	2431	2644	2857	2905	3317	3527	3637	3643	3094	2242	1722	1527	1254	870	 51637
10/21/10	Thu	527	374	374	401	646	1372	3045	3507	3321	2749	2584	2746	2750	3042	3377	3622	3745	3742	3252	2244	1910	1634	1382	889	 53235
10/22/10	Fri	580	360	350	380	573	1311	2920	3505	3103	2649	2695	2838	3132	3274	3522	3577	3701	3554	3268	2499	1867	1723	1568	1034	 53983
10/23/10	Sat	713	420	385	338	327	516	1003	1476	1887	2159	2530	2811	2913	2763	2739	2778	2899	2722	2614	2172	1788	2404	1551	1053	 42961
10/24/10	Sun	679	440	355	243	248	302	539	817	1194	1610	2002	2282	2434	2643	2325	2331	2299	2253	2237	1881	1535	1284	999	692	 33624
10/25/10	Mon	466	260	267	296	542	1257	3016	3476	3133	2766	2517	2664	2749	2815	3229	3635	3659	3687	2831	1930	1535	1292	1127	782	 49931
10/26/10	Tue	490	292	276	329	546	1238	2985	3503	3302	2739	2440	2582	2649	2977	3349	3436	3704	3700	3214	2157	1686	1415	1155	811	 50975
10/27/10	Wed	449	324	302	337	507	1287	3006	3551	3140	2739	2565	2641	2753	2806	3413	3689	3638	3609	3368	2213	1710	1515	1240	871	 51673
10/28/10	Thu	520	349	300	352	550	1325	2996	3620	3239	2751	2550	2714	2838	3045	3546	3673	3695	3582	3184	2338	1872	2213	1457	943	 53652
10/29/10	Fri	528	349	320	380	572	1251	2856	3368	3181	2773	2743	2915	3176	3240	3473	3625	3720	3527	3174	2495	2069	1810	1588	1127	 54260
10/30/10	Sat	771	472	427	353	356	526	1020	1530	1934	2070	2325	2550	2759	2764	2814	2888	2669	2617	2373	2194	1837	1757	1370	985	 41361
10/31/10	Sun	764	470	463	339	267	334	477	747	1024	1431	1822	1989	2111	2291	2260	2448	2417	2327	1825	1613	1680	1626	1077	638	 32440
11/01/10	Mon	438	287	250	292	492	1233	2675	3390	3293	2765	2450	2518	2856	2823	3328	3585	3701	3641	3095	1976	1558	1300	1093	759	 49798
11/02/10	Tue	441	291	299	344	501	1274	2964	3367	3279	2684	2437	2521	2709	2937	3363	3779	3681	3604	3218	1983	1612	1431	1233	798	 50750
11/03/10	Wed	505	313	320	341	539	1254	3018	3484	3209	2734	2463	2507	2794	2845	3329	3527	3623	3068	3310	2150	1682	1417	1332	853	 50617
11/04/10	Thu	474	343	297	344	556	1340	2978	3582	3233	2801	2632	2702	2813	2848	3278	3548	3701	3665	3375	2290	1787	1641	1335	877	 52440
11/05/10	Fri	518	326	343	386	526	1196	2873	3455	3064	2733	2601	2838	2979	3315	3528	3605	3526	3577	3415	2482	1885	1659	1517	1027	 53374
11/06/10	Sat	681	425	374	346	304	577	995	1544	1996	2227	2320	2525	2912	2746	2585	2693	2745	2646	2449	1970	1623	1511	1369	964	 40527
11/07/10	Sun	599	360	303	279	202	221	342	612	950	1264	1614	2076	2296	2362	2526	2610	2517	2634	2562	2026	1572	1434	1247	875	 33483
11/08/10	Mon	387	241	218	277	488	1296	3105	3525	3281	2667	2514	2611	2723	2753	3194	3607	3642	3643	2922	1937	1486	1245	1104	717	 49583
11/09/10	Tue	434	306	291	324	526	1281	3157	3691	3267	2650	2388	2641	2874	2753	2849	2923	3177	3127	2598	1764	1351	1205	1095	688	 47360
11/10/10	Wed	447	289	282	344	473	1184	2814	3493	3205	2631	2477	2614	2812	2697	3258	3678	3580	3583	3246	2146	1694	1471	1301	808	 50527
11/11/10	Thu	495	338	283	358	498	1259	2562	3004	2649	2498	2278	2424	2580	2654	3192	3621	3556	3503	2484	1848	1481	1340	1188	791	 46884
11/12/10	Fri	568	318	317	387	513	1200	2746	3283	3239	2656	2600	2912	3023	3245	3535	3580	3567	3550	3179	2205	1748	1682	1510	951	 52514
11/13/10	Sat	686	406	418	305	397	517	946	1541	1930	2350	2406	2524	2690	2701	2746	2716	2823	2763	2291	1854	1525	1511	1879	1201	 41126
11/14/10	Sun	624	424	359	250	215	323	526	854	1154	1448	1808	2031	2248	2506	2358	2352	2445	2304	2036	1619	1476	1224	936	577	 32097
11/15/10	Mon	399	270	231	288	495	1217	2968	3242	2964	2543	2379	2518	2696	2735	3214	3541	3235	3603	2915	1843	1408	1280	1011	799	 47794
11/16/10	Tue	403	302	305	327	482	1228	2991	3546	3180	2877	2472	2678	2770	2884	3374	3171	3135	3445	3159	1910	1551	1336	1080	719	 49325
11/17/10	Wed	483	301	249	304	471	1169	2828	2935	3046	3036	2448	2671	2916	2888	3321	3591	3591	3463	3167	2033	1636	1443	1185	757	 49932
11/18/10	Thu	503	348	269	340	537	1341	2989	3534	3382	2830	2580	2813	2744	2885	3375	3565	3548	3540	3383	2335	1685	1574	1327	804	 52231
11/19/10	Fri	581	356	361	399	542	1279	2872	3540	3243	2849	2706	2902	3043	3202	3607	3626	3581	3527	3374	2417	1731	1732	1527	1110	 54107
11/20/10	Sat	723	450	354	353	361	589	1110	1703	1909	2197	2627	2790	2636	2645	2817	1648	2944	2707	2240	1891	1508	1559	1301	952	 40014
11/21/10	Sun	542	386	363	230	288	330	586	843	1084	1532	1925	1942	2122	2258	2191	2412	2373	2134	1828	1585	1275	1140	913	570	 30852
11/22/10	Mon	380	240	217	268	488	1154	2404	2559	2676	2890	2466	2691	2806	2871	3239	3661	3635	3604	3137	1879	1354	1279	1123	809	 47830
11/23/10	Tue	471	344	288	343	533	1234	2877	3290	3046	2728	2565	2684	2968	2929	3371	3564	3570	3557	3239	2099	1632	1379	1223	883	 50817
11/24/10	Wed	554	382	333	359	541	1130	2585	2998	2799	2615	2682	2992	3142	3259	3520	3606	3605	3360	2505	1838	1574	1379	1244	864	 49866
11/25/10	Thu	617	388	341	277	243	289	470	629	855	1133	1788	2331	2700	2552	2205	1955	1887	2146	2111	1946	1860	1491	1162	749	 32125
11/26/10	Fri	462	293	266	349	451	668	1171	1696	1724	1798	2213	2441	2522	2568	2722	2701	2619	2435	2131	1728	1391	1275	1063	771	 37458
11/27/10	Sat	552	316	287	241	278	446	774	1166	1354	1678	1983	2230	2473	2552	2615	2462	2567	2513	2057	1898	1599	1460	1266	861	 35628
11/28/10	Sun	643	368	332	261	271	365	562	810	1074	1449	1780	2082	2178	2505	2398	2415	2352	2152	2246	1718	1442	1258	991	676	 32328
11/29/10	Mon	454	278	221	318	452	1174	2646	3207	3066	2536	2367	2577	2619	2614	3208	3296	3124	3099	2585	1860	1384	1211	1066	729	 46091
11/30/10	Tue	519	376	276	329	484	1196	2812	3323	3192	2744	2496	2572	2794	2846	3278	3551	3477	3573	3115	2032	1629	1309	1225	844	 49992
12/01/10	Wed	508	309	313	303	509	1196	2823	3461	3271	2519	2539	2659	2747	2703	3259	3661	3607	3556	3217	2040	1660	1393	1202	808	 50263
12/02/10	Thu	510	349	313	372	562	1231	2910	3605	3346	2683	2504	2602	2759	2785	3302	3535	3527	3524	3164	2086	1757	1722	1516	881	 51545
12/03/10	Fri	567	360	329	439	511	1195	2777	3575	3131	2749	2613	2684	2875	2968	3441	3629	3581	3586	3192	2537	1705	1655	1601	1037	 52737
12/04/10	Sat	676	463	420	329	362	496	999	1471	1754	1894	2208	2434	2638	2667	2707	2921	2977	2762	2102	1756	1445	1501	1289	903	 39174
12/05/10	Sun	618	378	350	263	253	294	526	779	1028	1312	1653	1876	2137	2298	2395	2542	2467	2315	1891	1578	1355	1232	929	660	 31129
12/06/10	Mon	371	238	212	268	459	1146	2818	3421	3211	2735	2413	2494	2636	2665	3281	3531	3609	3611	3056	1905	1505	1229	1057	729	 48600
12/07/10	Tue	459	333	294	354	487	1174	2890	3385	3249	2606	2398	2531	2612	2764	3310	3644	3511	3487	3163	2047	1548	1325	1202	816	 49589
12/08/10	Wed	442	339	309	324	481	1142	2834	3473	3327	2772	2485	2598	2837	2829	3104	3534	3609	3590	3185	2083	1738	1453	1237	861	 50586
12/09/10	Thu	512	326	334	381	484	1132	2778	3517	3230	2833	2581	2560	2895	2833	3304	3634	3539	3572	3250	2164	1743	1602	1422	922	 51548
12/10/10	Fri	538	370	352	373	456	1165	2702	3453	3081	2773	2586	2786	3029	3132	3549	3527	3528	3507	3181	2200	1821	1790	1500	1032	 52431
12/11/10	Sat	622	426	405	342	345	464	874	1313	1685	1863	2252	2456	2672	2651	2775	2680	2685	2750	2348	1925	1591	1613	1426	1126	 39289
12/12/10	Sun	684	376	387	247	253	318	472	712	942	1341	1647	1944	2230	2416	2319	2280	2354	2153	1863	1696	1425	1265	947	633	 30904
12/13/10	Mon	379	282	213	296	402	1178	2545	3436	3309	2770	2522	2564	2713	2810	3173	3650	3600	3528	3081	2020	1539	1319	1098	740	 49167
12/14/10	Tue	474	328	290	351	473	1196	2765	3480	3186	2626	2430	2689	2205	3015	3258	3551	3625	3522	3165	2188	1715	1398	1206	830	 49966
12/15/10	Wed	480	348	346	333	484	1189	2810	3503	3383	2821	2583	2851	2918	2914	3416	3455	3196	3333	3119	2014	1634	1442	1297	917	 50786
12/16/10	Thu	555	362	377	361	472	1156	2635	3350	3089	2807	2540	2751	2844	3015	3365	3631	3501	3554	3173	2220	1783	1496	1400	952	 51389
12/17/10	Fri	593	402	405	410	503	1140	2498	3225	2978	2696	2612	2957	3172	3055	3492	3671	3542	3419	3043	2387	1832	1749	1659	1083	 52523
12/18/10	Sat	805	512	484	356	357	501	880	1315	1693	1895	2292	2598	2737	2793	2679	2913	2916	2859	2326	2041	1766	1823	1551	1060	 41152
12/19/10	Sun	730	443	378	254	264	332	562	825	1101	1352	1783	2059	2348	2525	2417	2423	2415	2301	2007	1774	1514	1556	1165	771	 33299
12/20/10	Mon	474	324	229	293	442	1125	2555	3117	3029	2793	2577	2771	2921	2943	3373	3565	3599	3613	2951	2097	1648	1454	1316	947	 50156
12/21/10	Tue	593	430	331	409	475	1122	2518	3119	2972	2715	2611	2762	2805	2868	3489	3638	3652	3512	2627	2302	1727	1496	1340	943	 50456
12/22/10	Wed	621	453	367	356	451	1097	2449	3043	2884	2774	2621	2717	3035	2987	3436	3513	3588	3533	3024	2238	1882	1657	1396	957	 51079
12/23/10	Thu	679	447	379	389	473	997	2114	2584	2561	2621	2534	2941	3203	3286	3526	3754	3356	3103	2548	2056	1781	1706	1435	1036	 49509
12/24/10	Fri	623	401	337	312	357	540	836	1257	1475	1798	2021	2377	2597	2523	2744	2641	2515	2296	2200	1734	1712	1697	1472	977	 37442
12/25/10	Sat	719	529	352	214	154	215	313	432	655	1020	1325	1703	2091	2155	2012	1995	1931	1857	1714	1663	1662	1419	1051	661	 27842
12/26/10	Sun	377	245	230	173	175	325	444	686	827	1189	1615	1805	2231	2283	2142	2199	2083	2093	1882	1668	1554	1337	971	668	 29202
12/27/10	Mon	448	322	239	243	406	905	2204	2493	2452	2388	2333	2532	2584	2568	3054	3474	3476	3407	2420	1896	1419	1291	1129	837	 44520
12/28/10	Tue	502	338	349	330	417	972	2227	2710	2589	2406	2437	2583	2786	2873	3186	3517	3485	3568	2749	2018	1594	1518	1250	882	 47286
12/29/10	Wed	544	353	336	341	426	973	2275	2771	2726	2541	2384	2679	2829	2972	3210	3586	3611	3606	2779	2029	1733	1610	1200	936	 48450
12/30/10	Thu	583	412	339	372	462	903	2101	2533	2502	2187	2064	752	972	1474	1890	1653	1684	1607	1423	1036	942	841	770	608	 30110
12/31/10	Fri	455	394	289	288	289	467	658	990	968	1089	1171	1238	1549	1624	1934	2019	1801	1803	1667	1460	1291	1064	844	639	 25991