1/1/2010	Fri	61	69	40	29	31	64	105	109	201	274	396	552	602	642	617	661	664	554	379	250	171	126	97	45	6739
1/2/2010	Sat	25	9	15	27	33	90	183	292	377	574	741	874	865	796	827	614	554	482	362	192	236	171	126	90	8555
1/3/2010	Sun	41	19	10	22	29	74	131	159	275	492	668	791	873	805	605	726	656	528	454	300	193	136	72	30	8089
1/4/2010	Mon	15	20	15	37	139	465	1162	1431	962	760	689	662	598	624	601	544	555	440	265	180	123	106	50	33	10476
1/5/2010	Tue	20	17	20	48	141	485	1211	1386	1034	862	701	678	667	554	579	594	523	560	322	146	166	140	78	32	10964
1/6/2010	Wed	36	15	17	30	131	467	1181	1411	884	650	572	461	437	468	422	469	371	309	210	126	89	80	57	30	8923
1/7/2010	Thu	21	14	19	39	125	461	988	1266	932	663	526	510	451	445	441	510	418	384	256	166	104	95	53	33	8920
1/8/2010	Fri	14	17	21	28	93	323	651	853	688	810	619	613	622	593	593	588	574	521	415	239	160	117	103	49	9304
1/9/2010	Sat	29	13	17	23	40	127	230	322	473	678	717	830	766	700	672	610	675	589	465	247	185	134	98	65	8705
1/10/2010	Sun	45	17	11	21	25	88	131	188	308	430	566	698	744	658	671	705	715	593	449	276	180	137	72	26	7754
1/11/2010	Mon	11	4	16	44	127	404	1038	1403	1005	762	632	613	547	538	538	575	545	452	330	147	123	92	60	20	10026
1/12/2010	Tue	25	18	10	37	118	421	1222	1515	1083	794	637	594	545	541	524	621	585	482	327	188	132	111	73	27	10630
1/13/2010	Wed	18	17	20	42	116	519	1031	996	972	825	698	636	556	546	531	585	550	496	326	191	125	123	69	33	10021
1/14/2010	Thu	21	12	15	45	116	505	1079	1244	998	815	642	575	524	507	462	560	497	485	338	214	168	114	67	30	10033
1/15/2010	Fri	22	16	12	42	103	437	1030	1425	953	815	726	606	668	588	631	666	675	614	495	255	164	150	119	52	11264
1/16/2010	Sat	29	26	19	22	39	96	218	325	567	733	777	870	751	696	629	693	737	680	441	262	216	165	109	52	9152
1/17/2010	Sun	34	23	18	9	23	75	129	187	343	465	601	679	717	726	672	689	715	605	474	303	185	157	93	47	7969
1/18/2010	Mon	21	21	10	35	136	384	842	1037	798	734	787	791	776	692	700	708	622	585	389	241	123	99	57	31	10619
1/19/2010	Tue	15	11	16	39	124	525	944	1036	790	814	670	601	548	505	466	494	434	420	306	164	125	93	65	33	9238
1/20/2010	Wed	10	12	14	42	119	472	1236	1226	866	793	615	539	519	446	456	493	540	448	310	146	121	154	75	30	9682
1/21/2010	Thu	17	12	18	41	125	460	1182	1359	1063	789	630	514	532	449	538	501	505	482	305	165	120	99	74	37	10017
1/22/2010	Fri	17	11	12	30	101	403	947	1127	903	690	650	582	533	531	568	558	515	554	440	222	162	144	95	53	9848
1/23/2010	Sat	30	16	8	27	42	99	227	339	531	643	698	744	698	616	657	575	589	496	425	292	201	160	122	64	8299
1/24/2010	Sun	39	17	19	17	26	70	139	163	304	445	562	601	696	612	601	536	425	365	258	183	162	113	54	19	6426
1/25/2010	Mon	14	11	12	38	128	469	838	1040	830	711	632	520	515	516	488	522	503	405	311	130	112	96	67	27	8935
1/26/2010	Tue	20	8	13	39	137	503	904	1052	921	832	614	581	546	481	482	526	496	471	325	184	119	118	66	31	9469
1/27/2010	Wed	18	13	14	30	131	487	1188	1473	1041	780	533	545	533	474	521	546	446	362	266	169	125	105	71	40	9911
1/28/2010	Thu	18	14	22	38	126	448	1109	1384	972	692	522	459	451	351	426	435	455	414	270	137	123	75	56	31	9028
1/29/2010	Fri	16	10	15	35	104	439	1047	1442	1013	771	643	626	579	538	565	639	585	547	487	263	161	146	108	61	10840
1/30/2010	Sat	34	26	18	22	33	102	205	394	555	677	791	736	726	704	681	634	710	690	544	319	224	161	144	79	9209
1/31/2010	Sun	37	27	16	13	25	47	118	166	362	497	650	752	774	811	744	776	831	778	523	367	206	162	77	23	8782
2/1/2010	Mon	17	8	20	34	146	503	1228	1515	1020	761	631	589	587	513	575	526	466	461	317	183	112	89	55	23	10379
2/5/2010	Fri	17	7	12	28	129	459	1178	1426	983	774	703	570	594	613	592	673	657	599	401	238	176	113	95	42	11079
2/6/2010	Sat	20	14	15	24	39	113	239	437	585	663	829	833	811	691	634	660	669	677	449	252	172	127	93	72	9118
2/7/2010	Sun	24	14	12	15	22	61	131	196	311	370	466	491	498	578	553	513	393	177	238	127	349	144	64	32	5779
2/8/2010	Mon	21	18	16	43	168	526	1185	1333	861	570	400	408	372	413	379	364	330	318	195	142	91	102	45	27	8327
2/9/2010	Tue	17	12	23	87	165	556	1281	1480	1050	736	641	539	521	483	454	479	501	414	306	170	120	96	56	26	10213
2/10/2010	Wed	14	8	17	32	153	536	1305	1542	1077	817	636	568	510	454	471	551	573	450	289	172	129	146	74	34	10558
2/11/2010	Thu	9	7	20	38	150	507	1296	1630	1044	841	660	575	565	512	527	557	529	522	340	207	177	105	63	40	10921
2/12/2010	Fri	27	26	11	40	125	496	1124	1360	944	849	688	695	704	631	611	604	662	591	475	262	187	180	98	69	11459
2/13/2010	Sat	34	25	17	20	30	102	210	369	562	653	776	877	782	638	636	642	652	538	433	241	191	147	108	58	8741
2/14/2010	Sun	71	14	15	18	30	84	104	164	266	415	499	540	611	619	531	575	568	449	364	217	226	132	94	38	6644
2/15/2010	Mon	31	21	19	34	116	399	899	1016	892	750	779	800	821	727	753	707	684	570	429	279	141	136	76	25	11104
2/17/2010	Wed	14	9	16	39	142	536	1330	1517	1059	789	736	586	540	520	545	563	515	469	313	175	144	111	74	48	10790
2/18/2010	Thu	27	13	11	32	162	533	1316	1472	1040	779	639	579	497	508	488	485	407	365	257	155	119	96	57	35	10072
2/19/2010	Fri	22	10	26	44	117	437	1039	1252	873	666	544	506	536	500	449	524	477	483	329	175	148	146	69	51	9423
2/20/2010	Sat	33	17	14	26	32	96	197	350	488	569	627	619	552	488	539	499	490	504	350	204	147	111	96	45	7093
2/21/2010	Sun	34	18	16	17	45	68	126	166	298	355	469	537	574	529	519	529	528	465	309	244	154	106	68	29	6203
2/22/2010	Mon	14	25	23	50	174	542	1171	1408	901	679	568	477	448	408	451	451	453	436	279	162	111	87	61	28	9407
2/23/2010	Tue	18	14	13	36	151	569	1319	1499	979	778	648	524	462	487	480	533	504	462	333	148	117	138	51	28	10291
2/24/2010	Wed	14	6	17	35	151	571	1322	1341	1028	828	699	533	519	527	553	532	608	455	321	169	127	90	68	39	10553
2/25/2010	Thu	14	12	16	31	155	555	1260	1369	1006	773	641	508	502	454	501	503	404	517	312	196	112	106	65	31	10043
2/26/2010	Fri	21	23	19	39	145	475	1069	1239	872	735	638	629	564	550	561	688	615	626	462	258	202	168	88	50	10736
2/27/2010	Sat	30	13	19	28	39	117	231	399	618	720	784	808	788	724	619	703	690	672	519	291	188	148	118	65	9331
2/28/2010	Sun	32	14	17	18	21	75	113	180	343	498	611	736	770	686	685	642	602	536	373	253	223	131	70	27	7656
3/1/2010	Mon	23	11	24	38	158	549	1258	1426	993	666	604	510	503	473	499	533	506	473	281	164	92	92	57	26	9959
3/2/2010	Tue	16	8	15	45	152	540	1217	1473	1084	805	696	593	565	505	555	599	577	525	320	184	124	107	83	25	10813
3/5/2010	Fri	19	12	12	41	125	465	1130	1312	1000	831	662	636	588	641	630	729	694	609	494	269	190	147	120	67	11423
3/6/2010	Sat	42	10	24	20	38	112	270	431	628	750	828	843	739	738	685	730	698	675	536	305	219	157	121	49	9648
3/7/2010	Sun	43	26	19	17	27	64	136	193	367	534	675	780	786	725	744	759	791	675	463	298	220	123	89	24	8578
3/8/2010	Mon	20	9	11	39	146	503	1255	1557	988	722	604	539	490	483	482	532	493	359	254	164	142	109	61	36	9998
3/9/2010	Tue	16	16	20	38	164	534	1266	1625	1051	790	692	555	586	520	542	597	531	429	307	175	118	130	82	35	10819
3/10/2010	Wed	12	10	14	33	130	529	1262	1501	1035	763	656	519	531	470	549	587	521	411	264	174	154	131	68	39	10363
3/11/2010	Thu	15	8	24	49	131	479	1111	1527	1022	819	637	577	500	546	536	580	583	530	379	240	152	127	83	45	10700
3/12/2010	Fri	15	17	17	28	128	474	1163	1427	1031	825	743	671	652	610	729	771	699	688	490	308	207	148	103	76	12020
3/13/2010	Sat	38	25	25	22	38	111	260	444	638	854	919	906	862	804	691	735	766	675	515	338	231	154	120	63	10234
3/15/2010	Mon	22	25	27	55	174	470	981	1401	989	769	625	611	582	545	563	596	539	475	345	237	157	105	96	40	10429
3/16/2010	Tue	19	18	24	39	146	510	1202	1505	1120	826	626	591	529	560	613	606	556	531	423	238	161	152	74	41	11110
3/17/2010	Wed	22	16	17	34	137	551	1189	1564	1107	856	727	653	648	532	623	636	636	555	379	262	184	150	96	50	11624
3/18/2010	Thu	17	12	17	39	153	503	1213	1500	1144	901	739	636	648	706	645	698	701	608	471	309	242	183	132	75	12292
3/19/2010	Fri	31	21	20	37	128	364	776	797	479	325	252	227	241	234	232	185	164	179	130	103	84	64	51	27	5151
3/20/2010	Sat	4	17	23	30	41	97	126	164	289	344	474	717	664	656	573	578	522	499	431	263	198	148	130	54	7042
3/21/2010	Sun	45	19	25	10	48	70	124	162	333	450	625	727	763	718	717	753	742	648	461	299	265	175	82	43	8304
3/22/2010	Mon	21	18	15	42	151	507	1261	1478	1047	840	758	652	581	574	583	583	582	541	378	243	152	120	80	48	11255
3/23/2010	Tue	19	13	27	35	155	544	1247	1558	1064	852	677	601	562	528	466	508	443	368	214	121	87	55	54	30	10228
3/24/2010	Wed	16	15	24	32	105	287	400	376	313	345	299	272	320	345	320	331	317	320	234	129	106	99	66	31	5102
3/25/2010	Thu	20	16	22	37	151	490	1200	1451	1076	789	726	630	549	506	558	634	590	565	360	230	185	135	83	35	11038
3/26/2010	Fri	23	19	23	34	130	475	1173	1360	1008	921	774	701	630	604	656	609	496	456	341	195	156	97	91	51	11023
3/27/2010	Sat	36	16	20	22	48	104	185	280	415	472	574	689	684	600	535	541	552	451	366	263	168	132	121	59	7333
3/28/2010	Sun	52	17	21	20	25	70	117	155	329	474	648	744	769	822	773	748	700	680	501	397	258	159	85	30	8594
3/29/2010	Mon	31	10	22	38	143	482	1096	1328	1018	772	730	582	618	557	565	532	490	470	351	222	152	99	87	41	10436
3/30/2010	Tue	16	20	19	42	135	502	1149	1323	1069	807	759	660	570	560	557	596	584	499	366	248	172	134	90	34	10911
3/31/2010	Wed	20	12	21	35	150	491	1092	1307	1017	864	710	691	666	588	598	591	566	513	354	218	137	143	83	43	10910
4/1/2010	Thu	29	18	19	34	135	476	1075	1254	990	793	729	686	625	565	537	541	516	502	369	209	168	134	93	53	10550
4/2/2010	Fri	32	13	19	25	110	401	867	1017	917	767	751	719	735	684	649	643	618	568	510	269	200	118	119	62	10813
4/3/2010	Sat	36	23	23	22	40	86	213	343	541	727	797	827	807	720	667	620	658	578	527	325	204	160	126	66	9136
4/4/2010	Sun	41	26	15	13	35	92	122	189	358	525	689	717	838	733	723	801	793	865	747	570	401	229	109	40	9671
4/5/2010	Mon	23	14	18	45	162	551	1279	1531	1088	862	679	610	642	562	542	562	575	481	350	217	131	113	69	31	11137
4/6/2010	Tue	19	19	21	34	147	560	1320	1583	1099	803	705	572	506	489	523	497	540	450	296	172	139	96	72	33	10695
4/7/2010	Wed	30	12	17	31	131	479	1097	1418	943	672	543	481	526	480	483	486	476	473	333	188	157	138	86	42	9722
4/8/2010	Thu	18	8	15	45	143	547	1266	1588	1145	906	712	600	567	558	571	683	613	514	406	264	191	152	103	42	11657
4/9/2010	Fri	20	16	21	38	143	467	1168	1471	1053	793	769	711	663	644	705	707	678	686	550	338	249	151	146	59	12246
4/10/2010	Sat	41	8	24	26	57	121	288	500	635	793	826	780	783	688	665	683	671	630	536	333	241	179	103	74	9685
4/11/2010	Sun	57	24	19	23	31	74	197	228	412	557	680	849	849	799	745	758	813	659	515	394	265	157	73	33	9211
4/12/2010	Mon	13	19	14	38	162	553	1274	1612	1095	844	658	625	580	493	598	609	537	511	337	182	177	115	77	39	11162
4/13/2010	Tue	13	20	14	40	160	536	1343	1622	1118	842	634	630	553	499	552	566	520	499	344	198	135	121	61	41	11061
4/14/2010	Wed	14	12	18	40	132	533	1316	1526	1075	849	684	591	635	527	587	585	619	550	392	261	194	129	89	35	11393
4/15/2010	Thu	15	17	20	27	148	522	1326	1540	1133	878	711	639	595	532	622	638	588	574	435	258	201	145	88	42	11694
4/16/2010	Fri	33	20	12	36	120	440	1176	1458	1061	786	711	666	658	617	623	674	704	718	461	294	236	157	127	58	11846
4/17/2010	Sat	27	19	17	29	41	117	245	473	607	795	756	838	825	671	624	648	617	549	480	333	254	171	103	59	9298
4/18/2010	Sun	45	22	16	14	31	82	152	223	393	579	701	769	853	768	765	880	815	779	554	352	251	163	98	53	9358
4/19/2010	Mon	30	15	25	35	158	527	1313	1617	1068	840	669	575	550	523	603	593	577	521	397	233	173	113	70	41	11266
4/20/2010	Tue	23	9	27	43	152	573	1359	1564	1102	821	675	577	558	541	544	643	538	530	323	228	155	111	79	43	11218
4/21/2010	Wed	28	13	20	41	142	567	1348	1556	1125	840	654	555	551	492	560	664	570	512	363	215	165	139	70	38	11228
4/22/2010	Thu	17	6	12	37	135	526	1338	1594	1053	860	668	589	545	554	541	584	571	487	334	237	172	130	81	38	11109
4/23/2010	Fri	17	20	19	47	118	390	1091	1428	933	717	581	470	431	432	455	488	441	515	386	208	159	110	80	49	9585
4/24/2010	Sat	39	22	23	47	32	104	192	340	496	565	637	729	729	709	637	534	539	531	408	261	233	171	126	76	8180
4/25/2010	Sun	35	22	23	19	35	80	185	232	428	517	671	781	778	737	769	669	686	574	464	368	259	139	81	29	8581
4/26/2010	Mon	31	10	16	50	158	484	1270	1523	1118	819	657	549	528	507	498	587	535	503	360	196	193	121	67	28	10808
4/27/2010	Tue	14	19	14	40	151	563	1340	1574	1126	816	699	590	568	557	549	601	594	529	376	242	170	131	82	41	11386
4/28/2010	Wed	20	16	15	32	156	531	1310	1542	1079	904	684	655	649	577	547	635	609	579	403	236	193	115	92	43	11622
4/29/2010	Thu	15	7	17	35	145	527	1261	1567	1011	789	622	505	496	479	512	548	554	503	373	220	166	126	77	39	10594
4/30/2010	Fri	23	15	21	37	107	454	1166	1480	997	855	686	632	665	643	741	734	693	679	514	310	199	156	113	88	12008
5/1/2010	Sat	26	15	15	22	53	140	283	517	673	796	792	859	824	722	724	757	673	631	496	329	277	202	122	69	10017
5/2/2010	Sun	42	32	17	18	33	79	149	191	421	572	737	770	798	783	760	661	617	431	672	307	238	127	89	32	8576
5/3/2010	Mon	23	14	28	40	144	549	1340	1560	1137	803	734	598	589	567	577	647	602	517	381	231	164	128	79	32	11484
5/4/2010	Tue	24	9	15	34	153	563	1347	1618	1067	857	683	594	552	556	557	667	585	573	445	272	190	149	91	51	11652
5/5/2010	Wed	14	10	16	36	161	552	1371	1615	1027	834	709	653	547	529	585	664	609	602	432	278	215	161	109	40	11769
5/6/2010	Thu	25	13	19	32	144	555	1337	1596	1106	815	711	564	610	585	579	711	659	580	433	270	182	176	102	49	11853
5/7/2010	Fri	23	12	23	32	132	500	1203	1497	1017	874	730	653	656	607	700	780	745	718	546	382	229	194	152	70	12475
5/8/2010	Sat	38	15	26	22	52	122	285	506	724	814	871	936	873	892	887	908	874	736	584	390	295	195	150	67	11262
5/9/2010	Sun	46	24	18	19	33	65	153	228	458	727	888	907	987	930	956	1022	998	820	628	540	427	252	131	47	11304
5/10/2010	Mon	23	19	16	46	158	559	1322	1579	1092	802	710	659	591	572	616	597	688	635	413	240	221	128	94	40	11820
5/11/2010	Tue	19	13	17	46	155	573	1348	1546	1093	856	686	593	540	528	570	561	525	461	325	203	141	112	78	43	11032
5/12/2010	Wed	18	8	21	38	143	498	1160	1320	893	665	527	483	461	434	491	490	481	417	292	185	111	109	79	52	9376
5/13/2010	Thu	21	14	18	39	141	539	1206	1461	997	789	658	544	595	529	589	664	556	603	364	250	170	125	77	48	10997
5/14/2010	Fri	51	23	23	44	123	452	1104	1367	1036	871	735	711	656	655	703	754	672	574	453	295	229	157	116	54	11858
5/15/2010	Sat	41	20	21	20	37	107	249	465	684	864	863	866	818	750	750	730	716	658	537	368	240	217	156	70	10247
5/16/2010	Sun	32	20	16	17	32	98	147	279	454	660	838	909	933	922	967	916	1002	862	720	558	375	212	121	41	11131
5/17/2010	Mon	25	19	24	52	164	549	1327	1585	1076	784	708	576	673	589	639	628	674	593	399	285	173	159	84	37	11822
5/18/2010	Tue	34	18	20	48	165	585	1293	1542	1101	860	648	601	625	612	579	637	611	584	426	234	237	165	101	57	11783
5/19/2010	Wed	24	14	20	50	138	572	1373	1564	1038	839	709	631	591	561	600	691	610	618	448	281	221	149	110	37	11889
5/20/2010	Thu	24	15	19	39	145	571	1355	1502	1070	860	708	658	617	659	689	726	746	690	494	311	256	237	98	46	12535
5/21/2010	Fri	24	14	23	45	137	498	1217	1443	1001	961	805	754	768	723	677	888	763	758	544	398	258	207	166	90	13162
5/22/2010	Sat	38	27	22	23	52	142	315	537	706	786	883	881	880	835	855	1021	884	905	636	474	315	263	196	91	11767
5/23/2010	Sun	42	29	20	17	41	85	193	239	533	645	803	921	1036	1044	1102	1045	1177	888	668	532	387	232	115	67	11861
5/24/2010	Mon	33	21	20	49	159	544	1322	1553	1045	812	731	667	698	619	655	598	651	545	417	273	155	156	91	45	11859
5/25/2010	Tue	14	6	16	45	150	581	1372	1523	1075	849	708	644	600	547	612	667	751	666	430	312	243	190	102	57	12160
5/26/2010	Wed	32	17	19	40	146	573	1326	1530	1102	827	728	653	634	653	667	755	765	649	463	289	257	196	123	61	12505
5/27/2010	Thu	30	26	28	44	149	543	1275	1466	1118	850	824	673	636	626	700	788	674	651	519	313	303	208	130	64	12638
5/28/2010	Fri	28	35	30	38	111	434	1052	1293	1027	857	795	755	696	792	807	850	765	776	546	375	306	211	159	99	12837
5/29/2010	Sat	59	32	28	22	37	125	252	393	618	721	780	772	792	971	912	914	921	854	788	529	351	295	197	99	11462
5/30/2010	Sun	46	26	18	24	29	81	154	249	469	639	878	1049	1077	1136	1103	1166	1195	1047	865	753	605	417	262	107	13395
5/31/2010	Mon	74	46	44	39	49	109	207	284	444	768	1042	1368	1484	1586	1471	1564	1382	1246	1029	754	614	374	228	83	16289
6/1/2010	Tue	41	16	17	46	165	589	1351	1551	1154	1044	803	734	722	752	729	777	833	711	505	337	251	162	109	55	13454
6/2/2010	Wed	27	15	16	59	146	575	1335	1508	1125	845	717	688	681	596	605	693	727	618	479	350	225	164	117	57	12368
6/3/2010	Thu	31	17	22	45	148	544	1265	1413	1084	879	761	681	712	667	670	719	772	713	480	303	284	212	130	54	12606
6/4/2010	Fri	43	14	17	45	135	522	1143	1339	1023	900	810	789	743	739	752	837	807	848	628	414	360	234	163	92	13397
6/5/2010	Sat	31	25	18	32	54	187	339	591	672	787	842	886	832	966	914	862	942	877	695	494	397	350	247	100	12140
6/6/2010	Sun	59	25	19	26	46	107	218	283	561	782	974	1161	1188	1213	1227	1187	1259	1048	819	555	476	332	133	58	13756
6/7/2010	Mon	51	26	20	55	192	554	1305	1440	1089	805	742	703	732	620	641	723	710	598	464	321	239	219	86	46	12381
6/8/2010	Tue	25	22	19	55	143	546	1265	1514	1089	833	763	687	676	617	609	708	688	655	355	231	264	256	106	71	12197
6/9/2010	Wed	33	15	21	48	148	561	1303	1456	1059	847	736	714	643	664	648	733	725	682	473	312	286	214	141	75	12537
6/10/2010	Thu	24	19	24	47	158	557	1252	1443	985	898	762	678	692	665	697	828	787	652	524	378	242	198	132	76	12718
6/11/2010	Fri	35	18	28	53	125	483	1105	1282	1031	870	756	750	779	811	889	826	775	720	580	390	272	202	155	78	13013
6/12/2010	Sat	37	26	26	28	39	148	267	395	550	727	773	930	821	855	804	818	814	687	512	389	317	228	168	97	10456
6/13/2010	Sun	55	25	27	18	53	79	158	210	398	571	796	893	952	1012	890	1045	990	802	575	432	310	222	122	57	10692
6/14/2010	Mon	28	23	25	49	169	585	1292	1412	1090	741	784	759	686	663	629	585	634	598	424	293	249	191	131	50	12090
6/15/2010	Tue	23	14	25	39	155	576	1341	1428	1098	876	722	684	641	605	667	721	730	644	518	346	289	182	114	60	12498
6/16/2010	Wed	35	20	22	41	149	584	1261	1426	1158	851	760	713	729	719	715	700	748	644	513	367	255	228	115	73	12826
6/17/2010	Thu	25	17	21	40	148	552	1253	1371	1060	967	770	714	677	654	724	696	796	697	508	348	301	218	145	69	12771
6/18/2010	Fri	50	23	27	45	144	491	1124	1287	1054	869	788	828	805	849	727	821	805	782	646	495	300	276	143	105	13484
6/19/2010	Sat	61	30	22	25	72	155	274	509	670	877	944	943	995	940	1128	1077	1193	1155	916	661	521	406	239	143	13956
6/20/2010	Sun	63	36	19	26	44	81	165	289	501	772	1048	1298	1447	1401	1475	1629	1657	1459	1144	859	668	422	223	107	16833
6/21/2010	Mon	63	29	27	59	161	547	1232	1413	1133	839	762	795	820	722	771	835	777	762	579	377	316	218	125	58	13420
6/22/2010	Tue	32	17	21	44	165	601	1329	1424	1061	835	718	714	699	677	692	698	791	692	490	343	282	199	125	71	12720
6/23/2010	Wed	33	21	15	45	167	592	1221	1386	1112	841	807	701	684	667	704	745	750	722	507	364	256	200	122	57	12719
6/24/2010	Thu	39	23	24	47	154	554	1258	1347	1101	845	757	730	671	667	738	764	804	674	564	319	310	237	134	82	12843
6/25/2010	Fri	41	20	19	39	129	465	1084	1263	1048	893	802	782	774	807	764	846	903	897	672	420	284	235	154	88	13429
6/26/2010	Sat	49	23	31	30	65	152	278	457	668	897	925	960	916	841	870	966	981	959	901	558	449	394	289	126	12785
6/27/2010	Sun	75	33	18	24	56	83	202	296	494	721	995	1147	1362	1506	1521	1722	1625	1332	863	670	491	316	172	85	15809
6/28/2010	Mon	34	19	21	52	180	581	1257	1377	1088	858	790	768	739	728	782	779	739	800	535	412	281	199	136	60	13215
6/29/2010	Tue	33	14	20	40	166	575	1304	1420	1002	943	698	697	714	671	640	730	713	674	513	357	282	220	129	69	12624
6/30/2010	Wed	31	12	26	43	148	522	1058	1400	1048	840	791	751	761	671	690	783	784	723	575	365	268	241	136	65	12732
7/1/2010	Thu	34	20	24	48	158	556	1219	1355	1041	924	776	790	720	738	720	772	782	747	508	367	355	236	131	61	13082
7/2/2010	Fri	42	22	26	43	126	441	972	1162	934	781	756	757	820	770	753	774	780	768	645	408	292	245	168	95	12580
7/3/2010	Sat	48	26	20	33	45	134	250	337	557	753	768	793	863	820	892	987	1022	891	726	573	389	298	200	101	11526
7/4/2010	Sun	63	30	27	22	29	66	164	187	370	503	720	853	821	969	1088	1085	1002	987	888	694	585	342	237	184	11916
7/5/2010	Mon	79	39	26	31	49	137	251	366	530	751	957	1368	1533	1463	1652	1617	1650	1611	1203	736	616	407	253	122	17447
7/6/2010	Tue	48	30	27	40	162	534	1242	1472	1078	911	897	879	820	751	773	832	923	762	536	419	317	210	110	69	13842
7/7/2010	Wed	44	21	28	46	137	528	1053	1286	1079	856	729	734	714	756	716	718	731	723	506	283	238	196	96	84	12302
7/8/2010	Thu	26	23	27	38	152	571	1186	1362	1068	949	753	714	688	669	665	741	741	649	474	393	245	215	115	73	12537
7/9/2010	Fri	32	19	26	30	122	490	1109	1277	1014	879	743	768	762	746	799	808	935	863	731	430	376	306	180	96	13541
7/10/2010	Sat	47	28	33	29	54	145	304	456	564	868	905	992	933	965	1184	1079	1084	1021	721	644	496	418	297	113	13380
7/11/2010	Sun	60	29	22	22	39	75	183	257	495	698	986	1229	1340	1350	1427	1511	1515	1293	939	758	510	363	188	77	15366
7/12/2010	Mon	36	25	30	51	163	613	1249	1435	1028	818	773	753	736	709	741	758	722	690	523	355	289	219	102	52	12870
7/13/2010	Tue	41	29	24	53	172	610	1265	1409	1101	838	816	749	714	728	689	710	733	684	496	357	273	214	123	68	12896
7/14/2010	Wed	42	14	19	47	160	567	1277	1364	1047	907	833	744	768	717	731	779	811	694	560	395	304	232	143	55	13210
7/15/2010	Thu	33	24	17	46	150	582	1241	1388	1102	869	732	760	688	611	779	808	808	686	585	394	263	263	152	81	13062
7/16/2010	Fri	35	27	28	47	149	525	1101	1263	986	831	875	793	776	709	811	857	868	811	681	444	405	310	203	110	13645
7/17/2010	Sat	56	29	38	30	62	140	337	451	642	877	838	833	927	913	1033	1014	1067	1059	828	677	603	484	319	147	13404
7/18/2010	Sun	79	32	39	20	36	105	198	281	492	693	1041	1242	1436	1433	1549	1490	1420	1471	1473	949	557	431	208	70	16745
7/19/2010	Mon	42	29	27	54	171	556	1279	1400	1013	843	743	777	686	782	777	801	712	735	544	385	286	221	117	71	13051
7/20/2010	Tue	27	24	20	51	170	590	1221	1415	1072	888	695	718	655	638	670	724	755	636	470	325	259	181	125	70	12399
7/21/2010	Wed	25	16	31	40	155	589	1207	1381	1007	836	760	786	712	690	722	713	691	680	508	343	268	246	109	51	12566
7/22/2010	Thu	30	19	26	48	173	559	1250	1439	1032	836	702	753	754	741	744	787	776	690	505	389	286	247	155	80	13021
7/23/2010	Fri	42	17	22	51	145	453	1079	1198	1027	844	828	822	813	811	812	890	828	874	713	491	357	335	173	90	13715
7/24/2010	Sat	68	34	34	28	48	137	259	407	631	821	932	967	1024	931	1065	1073	1127	1045	825	560	472	405	286	112	13291
7/25/2010	Sun	71	36	27	25	46	76	166	287	484	703	891	1163	1424	1483	1566	1518	1512	1563	1406	1012	644	378	179	84	16744
7/26/2010	Mon	59	41	35	72	165	534	1276	1367	1019	807	828	723	717	718	807	799	735	692	518	366	334	206	122	83	13023
7/27/2010	Tue	42	25	39	45	190	551	1290	1363	1044	839	754	665	711	663	749	715	804	701	503	322	247	197	115	69	12643
7/28/2010	Wed	31	20	24	49	164	557	1278	1381	1004	843	749	755	753	704	713	768	773	685	531	417	279	210	115	65	12868
7/29/2010	Thu	36	24	18	48	163	555	1231	1350	1011	780	847	766	725	766	771	778	776	657	520	404	290	211	127	77	12931
7/30/2010	Fri	47	20	18	52	144	516	1081	1233	936	871	815	756	801	837	820	890	847	818	711	446	317	242	150	102	13470
7/31/2010	Sat	48	29	27	32	52	148	280	440	666	859	826	847	813	972	989	1152	1062	978	774	615	479	407	230	128	12853
8/1/2010	Sun	65	40	30	26	41	103	183	244	546	797	997	1308	1367	1537	1485	1474	1259	1410	1217	695	559	324	156	69	15932
8/2/2010	Mon	37	24	23	51	178	533	1222	1274	1060	860	850	780	804	760	884	770	789	644	488	319	219	187	122	67	12945
8/3/2010	Tue	30	15	23	42	173	599	1260	1459	1040	885	746	730	718	686	798	739	743	742	470	329	223	211	99	57	12817
8/4/2010	Wed	39	23	24	54	169	550	982	1300	1033	833	782	795	729	674	797	777	742	698	522	318	282	197	100	75	12495
8/5/2010	Thu	26	20	26	42	175	571	1240	1418	1065	920	710	620	738	775	822	763	776	731	553	411	278	245	152	55	13132
8/6/2010	Fri	39	18	22	49	141	479	1118	1265	976	911	863	790	826	766	773	908	857	836	629	444	335	273	159	116	13593
8/7/2010	Sat	47	30	36	30	60	129	304	409	749	861	927	988	910	970	1063	1094	1204	1069	820	871	677	533	305	149	14235
8/8/2010	Sun	58	32	24	19	49	101	177	279	487	781	1053	1293	1366	1419	1612	1624	1558	1370	1110	841	355	160	76	180	16024
8/9/2010	Mon	79	28	26	66	192	527	1063	1355	1081	815	820	830	649	600	570	625	616	766	511	321	294	184	137	62	12217
8/10/2010	Tue	25	19	30	55	180	576	1290	1485	1027	873	824	727	645	568	658	726	755	645	465	380	281	216	96	66	12612
8/11/2010	Wed	31	12	28	49	146	544	1205	1352	1053	882	760	738	719	741	681	838	933	859	695	436	298	262	105	58	13425
8/12/2010	Thu	33	14	24	45	161	560	1237	1414	1048	808	851	762	740	766	776	870	814	743	592	394	306	255	118	77	13408
8/13/2010	Fri	55	40	30	45	145	496	1147	1329	909	846	779	787	830	776	700	775	879	848	644	473	381	310	180	99	13503
8/14/2010	Sat	58	46	26	38	58	156	264	464	627	795	870	904	741	1064	1061	1126	1175	1094	878	637	584	415	277	129	13487
8/15/2010	Sun	62	43	20	23	57	95	154	247	525	778	1018	1402	1503	1366	1350	1397	1345	1164	1008	903	507	391	182	85	15625
8/16/2010	Mon	50	28	26	59	160	527	1158	1357	1067	865	782	804	745	756	826	813	766	699	546	328	288	160	122	66	12998
8/17/2010	Tue	50	21	27	68	156	555	1130	1137	1017	882	809	753	697	627	723	778	794	677	500	324	300	184	130	80	12419
8/18/2010	Wed	42	26	36	52	178	570	994	1353	1081	892	771	699	686	686	697	788	823	734	530	413	324	216	118	68	12777
8/19/2010	Thu	36	19	19	50	142	577	1330	1484	1075	874	776	722	719	679	709	741	753	681	539	390	284	232	105	61	12997
8/20/2010	Fri	25	17	18	39	146	429	814	1013	941	898	753	816	813	825	858	647	630	593	528	380	278	241	137	108	11947
8/21/2010	Sat	73	37	23	41	38	136	296	486	644	833	872	826	631	623	677	732	749	715	675	563	416	315	215	103	10719
8/22/2010	Sun	67	36	27	24	27	86	158	282	483	743	1012	937	972	1051	1137	1195	1195	1167	958	665	417	278	116	58	13091
8/23/2010	Mon	34	25	21	50	166	505	1354	1604	1073	874	798	646	546	536	729	534	603	625	450	290	200	160	73	49	11945
8/24/2010	Tue	19	16	23	57	176	607	1376	1622	1042	766	668	628	660	600	487	640	678	614	432	323	224	135	67	49	11909
8/25/2010	Wed	24	16	19	38	151	447	798	905	723	604	523	532	505	448	525	507	526	471	409	265	205	134	78	57	8910
8/26/2010	Thu	29	26	29	44	153	432	808	919	732	621	514	491	457	479	522	524	530	519	358	287	248	154	106	65	9047
8/27/2010	Fri	27	19	28	38	147	410	753	841	687	599	520	505	515	543	586	609	579	509	443	364	263	197	114	74	9370
8/28/2010	Sat	39	33	24	29	45	136	249	388	456	556	635	632	628	788	774	998	931	805	657	443	407	308	172	94	10227
8/29/2010	Sun	63	26	19	21	43	79	113	233	391	546	684	744	846	803	862	866	826	796	562	431	334	253	118	41	9700
8/30/2010	Mon	26	20	16	48	165	449	797	883	688	546	410	564	533	518	511	524	493	472	402	223	187	119	84	38	8716
8/31/2010	Tue	23	24	21	46	144	424	829	927	763	590	536	482	485	445	530	497	512	459	359	249	183	123	61	43	8755
9/1/2010	Wed	26	14	21	41	156	430	828	894	691	572	522	502	463	469	514	530	490	491	396	266	181	136	94	58	8785
9/2/2010	Thu	38	24	18	38	142	455	797	886	717	590	522	472	508	462	529	559	533	466	381	294	229	187	118	64	9029
9/3/2010	Fri	31	18	30	34	129	385	693	794	678	626	538	561	532	545	581	574	610	554	456	327	259	214	134	70	9373
9/4/2010	Sat	51	27	28	29	29	97	204	276	417	569	618	603	594	566	572	609	617	600	501	398	384	266	182	71	8308
9/5/2010	Sun	42	28	17	19	22	56	109	180	345	450	597	644	726	779	788	831	856	786	697	595	514	329	194	84	9688
9/6/2010	Mon	43	21	24	23	49	97	137	206	363	602	782	933	920	864	881	850	779	781	753	694	631	333	158	70	10994
9/8/2010	Wed	40	18	24	46	145	543	1296	1598	1127	848	686	647	708	645	627	687	701	712	461	275	217	150	100	48	12349
9/9/2010	Thu	34	16	27	46	147	548	1285	1618	1097	865	769	718	676	608	583	756	661	747	489	355	253	183	114	55	12650
9/10/2010	Fri	26	22	23	50	147	477	1186	1449	1065	894	746	684	759	722	753	825	861	812	636	411	294	202	136	73	13253
9/11/2010	Sat	46	33	28	28	57	125	319	492	659	712	870	804	868	842	867	972	1044	971	680	490	458	292	257	147	12061
9/12/2010	Sun	56	31	33	21	40	73	167	262	412	640	887	947	1048	1145	1211	1293	1184	1071	888	656	436	278	125	56	12960
9/13/2010	Mon	38	25	24	58	159	519	1292	1622	1111	814	768	687	688	620	671	785	761	657	491	367	217	147	92	52	12665
9/14/2010	Tue	30	18	35	42	152	519	1347	1553	1087	856	768	641	629	601	680	819	687	638	486	320	229	152	83	50	12422
9/15/2010	Wed	27	22	19	38	138	525	1281	1602	1096	837	687	739	579	614	647	739	695	606	531	365	240	161	83	59	12330
9/16/2010	Thu	25	14	19	28	135	527	1326	1544	1123	821	760	636	642	629	716	741	768	668	507	381	264	183	103	59	12619
9/17/2010	Fri	34	27	31	43	114	469	1107	1441	1021	806	792	739	703	704	816	886	937	862	736	500	279	231	134	71	13483
9/18/2010	Sat	44	16	30	31	52	113	261	517	661	809	812	867	948	887	911	1060	1120	1048	957	698	484	313	200	102	12941
9/19/2010	Sun	63	32	20	16	36	86	124	259	460	687	955	1139	1310	1286	1225	1385	1480	1486	1171	795	597	337	144	79	15172
9/20/2010	Mon	32	26	18	52	156	527	1334	1619	1156	786	662	707	670	676	779	863	800	716	549	346	193	150	105	55	12977
9/21/2010	Tue	33	14	20	34	159	562	1350	1614	1129	815	707	657	654	642	739	728	757	669	544	314	233	143	87	53	12657
9/22/2010	Wed	32	14	21	36	140	577	1312	1566	1136	780	734	669	677	667	714	737	739	590	449	311	201	132	89	59	12382
9/23/2010	Thu	34	13	17	35	158	554	1320	1592	1137	798	705	552	531	728	738	792	718	712	568	341	260	168	112	68	12651
9/24/2010	Fri	30	24	19	52	137	503	1141	1408	999	865	691	652	645	740	893	1026	999	947	723	532	327	234	145	98	13830
9/25/2010	Sat	46	31	20	28	37	105	261	442	738	791	864	991	984	851	1527	1386	1420	1253	994	746	553	372	286	124	14850
9/26/2010	Sun	62	29	28	24	28	75	177	300	590	746	973	1085	1292	1393	1714	1585	1679	1547	1431	1107	578	311	149	53	16956
9/27/2010	Mon	39	18	24	45	138	534	1332	1569	1125	763	693	655	617	644	747	864	832	789	552	352	201	135	82	53	12803
9/28/2010	Tue	27	17	20	33	154	567	1318	1624	1088	777	688	579	662	597	670	742	712	702	505	334	227	151	77	46	12317
9/29/2010	Wed	23	23	17	43	147	575	1291	1552	1115	799	681	603	645	616	597	671	767	693	536	345	231	144	89	45	12248
9/30/2010	Thu	25	13	19	51	147	543	1343	1531	1124	850	634	597	634	628	683	791	765	739	564	325	254	195	125	63	12643
10/1/2010	Fri	30	18	16	49	118	460	1144	1401	1024	832	667	703	672	772	830	963	892	830	696	462	283	223	123	77	13285
10/2/2010	Sat	42	24	31	31	50	123	277	465	664	815	827	914	899	967	1001	1102	1071	1090	802	566	365	279	196	77	12678
10/3/2010	Sun	49	30	19	17	33	128	202	249	428	603	793	909	767	1053	1260	1370	1011	810	594	425	430	235	115	48	11578
10/4/2010	Mon	36	15	23	44	159	546	1300	1592	1070	818	696	655	660	648	735	762	682	611	514	306	167	121	82	51	12293
10/5/2010	Tue	24	19	23	41	160	567	1312	1576	1095	823	697	595	598	575	645	702	678	640	470	288	201	123	93	40	11985
10/6/2010	Wed	27	23	25	42	146	538	1337	1544	1084	849	649	609	590	586	690	702	671	653	478	262	191	123	94	49	11962
10/7/2010	Thu	26	18	22	42	164	529	1262	1583	1073	862	711	615	615	602	654	705	685	693	509	314	222	154	103	51	12214
10/8/2010	Fri	28	16	24	47	131	493	1155	1418	1012	876	738	693	674	651	757	811	881	870	655	379	241	208	145	78	12981
10/9/2010	Sat	49	26	23	22	39	128	237	431	693	760	880	892	906	898	821	922	942	868	647	456	259	220	150	105	11374
10/10/2010	Sun	58	23	28	17	35	64	137	228	409	560	708	851	845	890	989	1041	952	853	652	469	297	206	109	54	10475
10/11/2010	Mon	21	9	22	44	146	487	1185	1408	1046	762	695	633	643	629	640	718	727	622	558	291	173	114	83	55	11711
10/12/2010	Tue	30	23	22	38	160	540	1258	1568	1094	783	559	561	462	542	541	572	502	500	384	228	175	110	72	50	10774
10/13/2010	Wed	27	15	23	35	155	542	1257	1519	1165	873	672	656	569	544	600	607	666	595	479	288	183	132	86	57	11745
10/15/2010	Fri	30	13	25	52	109	428	1021	1319	1035	922	754	820	738	763	754	816	812	826	603	386	278	188	109	60	12861
10/16/2010	Sat	51	23	24	21	41	110	284	444	645	754	809	880	921	829	912	979	1009	872	713	462	294	206	166	99	11548
10/17/2010	Sun	55	27	24	30	34	100	159	223	419	606	782	900	942	931	915	1024	994	955	727	492	318	187	109	53	11006
10/18/2010	Mon	33	20	20	45	182	535	1260	1509	1031	779	644	564	603	542	607	634	601	503	375	221	172	109	85	45	11119
10/19/2010	Tue	31	18	21	34	145	524	1296	1521	1086	802	652	601	568	522	551	619	614	571	435	251	187	139	90	55	11333
10/20/2010	Wed	24	13	23	44	128	509	1317	1525	1087	870	706	629	584	557	641	668	723	592	541	336	186	124	90	47	11964
10/21/2010	Thu	31	17	22	38	138	524	1251	1562	1097	806	673	600	678	608	573	673	690	666	494	267	208	152	86	60	11914
10/22/2010	Fri	22	16	20	36	123	433	1126	1407	1030	838	737	756	613	761	671	724	684	605	559	335	205	164	114	70	12049
10/23/2010	Sat	48	25	21	19	33	118	227	363	542	658	827	864	792	695	744	790	773	732	589	346	227	192	172	99	9896
10/24/2010	Sun	55	33	31	20	27	74	151	209	390	631	764	946	938	908	816	811	882	797	573	389	287	177	91	51	10051
10/25/2010	Mon	23	15	26	33	143	529	1260	1501	1011	789	634	576	598	515	512	561	560	464	306	195	152	80	58	42	10583
10/26/2010	Tue	19	10	18	24	141	518	1280	1509	1035	844	635	574	618	529	565	568	613	578	359	186	152	115	65	39	10994
10/27/2010	Wed	20	15	24	42	135	502	1222	1531	1064	831	671	599	630	556	543	627	592	533	408	209	171	138	77	48	11188
10/28/2010	Thu	24	14	16	31	134	492	1262	1476	1074	868	708	583	629	545	625	684	667	635	461	291	196	137	93	55	11700
10/29/2010	Fri	33	12	23	33	105	437	1097	1410	1019	880	701	737	687	717	706	843	816	756	635	354	275	202	134	84	12696
10/30/2010	Sat	55	18	20	24	39	93	213	388	628	740	787	866	867	771	831	861	845	816	633	407	272	192	138	100	10604
10/31/2010	Sun	58	31	26	12	28	60	116	197	363	488	616	707	690	705	755	855	948	781	457	272	229	184	87	34	8699
11/1/2010	Mon	22	15	22	40	157	551	1252	1570	972	860	657	582	622	549	564	525	567	477	349	202	140	108	69	34	10906
11/2/2010	Tue	21	14	18	32	152	547	1236	1572	1108	831	613	583	549	520	576	606	533	586	393	228	180	98	77	34	11107
11/3/2010	Wed	30	10	26	35	148	527	1295	1584	1094	843	680	607	553	554	544	606	534	542	439	206	168	289	102	47	11463
11/4/2010	Thu	27	8	21	39	122	521	1301	1566	1092	785	700	592	581	591	551	617	623	611	473	220	201	143	83	43	11511
11/5/2010	Fri	19	14	19	43	132	478	1160	1476	989	817	627	678	589	590	692	747	735	667	550	327	201	174	115	71	11910
11/6/2010	Sat	48	28	16	26	45	135	223	458	627	728	863	777	851	753	809	868	997	850	692	374	253	196	137	87	10841
11/7/2010	Sun	47	13	22	17	38	77	162	239	440	640	759	896	1004	808	792	839	862	647	444	281	183	126	80	31	9447
11/8/2010	Mon	20	12	22	38	176	556	1425	1615	1027	821	712	568	558	557	629	667	615	522	330	208	140	116	58	44	11436
11/9/2010	Tue	21	12	20	43	161	553	1402	1589	1033	773	653	582	535	538	478	519	482	395	244	140	98	74	62	25	10432
11/10/2010	Wed	16	13	17	50	139	556	1316	1458	1052	743	665	573	573	572	572	625	550	556	350	170	153	106	65	52	10942
11/11/2010	Thu	25	15	16	35	144	425	1048	1262	913	717	584	441	429	303	460	557	472	400	263	155	140	92	55	25	8976
11/12/2010	Fri	22	6	16	35	122	444	1114	1379	1007	834	740	777	631	698	695	733	737	653	450	283	189	123	135	64	11887
11/13/2010	Sat	36	22	23	26	47	96	248	400	556	725	823	862	785	724	700	677	691	622	421	241	186	141	120	60	9232
11/14/2010	Sun	37	11	18	17	24	72	117	193	390	538	713	819	733	698	658	604	600	517	414	240	180	121	76	33	7823
11/15/2010	Mon	20	12	19	43	153	560	1338	1529	1029	739	591	516	549	494	499	533	438	338	330	169	106	104	54	25	10188
11/16/2010	Tue	13	13	19	42	158	573	1326	1629	1081	801	639	545	563	518	529	547	503	378	209	179	147	95	62	34	10603
11/17/2010	Wed	18	18	19	53	146	537	1318	1531	1077	766	663	576	560	467	508	538	532	496	339	172	155	114	79	43	10725
11/18/2010	Thu	20	11	17	33	155	567	1302	1525	1091	839	712	576	558	500	552	570	636	575	347	202	156	149	81	46	11220
11/19/2010	Fri	20	12	23	46	143	497	1230	1494	1029	875	683	697	638	602	643	723	754	740	460	265	197	154	114	78	12117
11/20/2010	Sat	36	18	20	23	51	139	254	409	596	824	857	822	740	734	696	741	736	592	440	241	183	173	129	75	9529
11/21/2010	Sun	43	15	17	16	37	79	141	190	376	546	673	709	732	704	628	597	629	535	313	192	146	88	63	26	7495
11/22/2010	Mon	21	17	23	40	160	542	1257	1471	1005	797	763	580	594	518	554	574	550	436	303	146	133	107	74	23	10688
11/23/2010	Tue	19	11	21	33	143	536	1236	1463	993	816	738	655	634	621	655	705	662	603	396	248	197	140	103	60	11688
11/24/2010	Wed	36	13	16	40	135	447	967	1080	877	743	715	630	627	647	567	550	523	443	345	228	131	135	75	40	10010
11/25/2010	Thu	22	10	14	16	29	63	103	117	201	338	548	730	735	618	475	448	512	578	631	594	466	338	195	78	7859
11/26/2010	Fri	36	30	40	89	117	240	357	471	545	714	778	768	808	877	866	774	767	550	392	240	199	127	99	60	9944
11/27/2010	Sat	36	16	16	23	42	95	184	309	425	635	775	933	952	943	1019	1049	945	768	521	287	244	172	125	56	10570
11/28/2010	Sun	45	23	19	29	37	60	137	162	357	564	748	948	1029	1057	1008	979	828	487	482	215	152	108	65	32	9571
11/29/2010	Mon	20	12	26	47	164	513	1137	1408	1015	632	550	480	495	423	434	471	398	378	246	137	100	83	43	22	9234
11/30/2010	Tue	14	11	20	38	149	546	1263	1537	1127	801	737	572	541	505	552	513	487	442	286	172	122	95	61	34	10625
12/1/2010	Wed	18	20	21	40	148	537	1304	1574	1028	858	699	623	597	531	533	559	544	500	325	165	99	81	66	42	10912
12/2/2010	Thu	16	12	21	38	148	529	1321	1553	1114	829	712	578	573	559	496	611	551	535	382	210	146	103	85	43	11165
12/3/2010	Fri	18	13	24	47	128	496	1174	1467	1000	896	731	584	642	658	673	712	693	652	463	225	168	127	88	48	11727
12/4/2010	Sat	42	11	22	32	45	141	239	388	585	738	844	848	838	878	963	926	881	721	364	231	180	176	126	79	10298
12/5/2010	Sun	41	27	26	17	41	68	142	197	404	510	685	736	759	813	884	781	719	600	361	221	182	109	70	40	8433
12/6/2010	Mon	17	7	22	46	147	553	1306	1514	1106	730	660	599	604	522	530	506	498	457	285	146	129	106	61	22	10573
12/7/2010	Tue	21	10	20	41	149	569	1320	1583	1101	760	651	571	534	470	491	545	528	494	316	157	160	117	52	54	10714
12/8/2010	Wed	13	14	19	35	137	526	1331	1548	1051	852	681	562	579	558	575	583	611	490	333	171	165	111	58	51	11054
12/9/2010	Thu	17	10	20	28	147	550	1308	1511	1077	847	710	627	581	519	574	587	585	537	328	190	162	134	81	39	11169
12/10/2010	Fri	25	14	22	41	121	447	1119	1381	1046	866	767	662	681	578	595	701	679	663	386	254	174	162	124	70	11578
12/11/2010	Sat	40	29	12	21	33	115	232	319	494	675	834	849	843	815	749	769	713	632	465	224	184	156	143	75	9421
12/12/2010	Sun	42	31	20	19	29	59	118	168	401	489	714	746	778	716	727	722	703	560	425	249	169	127	67	35	8114
12/13/2010	Mon	14	12	13	45	172	532	1297	1544	1061	794	701	664	551	526	564	561	539	447	310	172	156	93	65	36	10869
12/14/2010	Tue	22	17	20	43	161	552	1322	1523	1087	846	773	611	640	537	572	580	600	481	314	187	167	89	82	36	11262
12/15/2010	Wed	22	15	16	36	149	562	1289	1556	1049	920	790	687	615	537	544	575	516	565	370	223	148	98	77	30	11389
12/16/2010	Thu	23	10	27	37	162	516	1176	1394	971	748	594	616	538	521	544	553	559	499	332	207	177	121	94	46	10465
12/17/2010	Fri	26	11	25	36	140	474	1075	1326	965	832	777	716	705	628	627	627	692	630	415	252	175	145	102	80	11481
12/18/2010	Sat	40	27	20	17	47	132	222	313	562	746	833	880	883	760	709	636	692	627	443	249	160	171	110	67	9346
12/19/2010	Sun	35	22	18	24	34	75	128	179	384	565	659	732	761	699	654	662	712	432	305	260	435	195	83	35	8088
12/20/2010	Mon	21	17	27	41	171	514	1106	1252	1027	878	857	771	679	665	577	565	543	439	302	173	141	115	73	39	10993
12/21/2010	Tue	30	30	27	36	155	503	1101	1234	1026	900	870	716	684	639	612	596	539	564	442	353	220	126	77	38	11518
12/22/2010	Wed	26	23	21	37	139	499	1040	1175	920	826	918	833	720	712	692	708	666	563	408	225	164	150	94	59	11618
12/23/2010	Thu	32	13	25	25	114	384	804	977	817	800	837	813	832	773	693	711	638	530	379	214	166	148	109	69	10903
12/24/2010	Fri	40	33	25	22	39	135	211	300	409	560	770	796	754	785	680	722	672	571	390	245	278	295	193	101	9026
12/25/2010	Sat	30	21	9	12	16	34	78	92	178	305	479	562	604	609	482	531	632	525	475	460	395	358	169	85	7141
12/26/2010	Sun	30	19	14	19	33	81	130	154	337	512	752	910	876	864	751	763	775	614	471	287	241	172	76	50	8931
12/27/2010	Mon	33	27	22	49	125	351	757	862	798	753	789	794	801	774	746	738	660	570	394	211	155	119	78	47	10653
12/28/2010	Tue	25	18	26	42	139	417	825	974	871	807	813	753	763	652	704	709	654	581	379	218	156	152	105	52	10835
12/29/2010	Wed	22	19	18	39	116	417	837	957	888	776	715	1013	781	737	762	751	714	642	404	244	173	147	101	46	11319
12/30/2010	Thu	25	15	17	34	101	349	788	844	752	724	683	642	506	391	293	388	285	255	152	122	90	72	51	44	7623
12/31/2010	Fri	24	15	30	25	65	121	215	249	265	295	359	477	490	565	505	513	483	413	325	206	162	96	88	44	6030