1/1/2010	Fri	134	149	91	42	44	62	87	117	195	285	455	527	565	616	584	579	560	489	409	338	263	225	181	117	7114
1/2/2010	Sat	75	38	28	37	82	85	117	189	299	370	495	562	606	639	642	663	690	641	501	402	351	267	256	156	8191
1/3/2010	Sun	111	54	47	18	40	49	84	132	205	302	398	447	532	610	515	523	490	514	483	334	276	178	133	99	6574
1/4/2010	Mon	60	37	23	21	39	57	145	253	315	344	377	399	468	517	660	923	1377	1487	1245	609	382	334	175	115	10362
1/5/2010	Tue	69	50	35	20	27	71	152	296	370	375	337	439	468	609	692	1024	1338	1604	1191	610	501	313	257	118	10966
1/6/2010	Wed	65	33	34	29	27	60	182	291	322	293	298	348	354	449	582	810	1181	1081	889	650	338	217	183	86	8802
1/7/2010	Thu	56	42	35	26	42	54	145	216	229	294	242	288	342	429	567	831	1148	1377	1115	606	379	316	193	111	9083
1/8/2010	Fri	80	49	28	31	23	57	159	278	326	338	368	451	442	572	759	1024	1292	1359	1137	673	502	413	314	216	10891
1/9/2010	Sat	144	91	29	25	38	70	110	201	312	432	480	532	590	644	656	776	782	762	588	448	418	354	323	201	9006
1/10/2010	Sun	124	71	38	29	27	53	80	131	221	376	444	457	570	651	597	600	623	561	542	378	298	200	116	79	7266
1/11/2010	Mon	50	43	20	21	48	64	188	294	370	365	354	356	459	507	605	962	1264	1517	1135	629	390	342	187	99	10269
1/12/2010	Tue	63	43	24	11	34	80	210	289	377	387	406	422	478	576	635	932	1286	1543	1212	607	494	331	221	109	10770
1/13/2010	Wed	57	41	20	19	36	71	209	263	391	362	370	406	451	506	668	1003	1265	1484	1169	624	441	396	271	130	10653
1/14/2010	Thu	65	43	30	22	32	73	195	285	356	345	357	383	406	505	628	920	1326	1481	1131	700	485	341	209	136	10454
1/15/2010	Fri	82	44	29	16	40	72	189	292	370	403	474	497	530	654	803	1118	1306	1439	1223	803	511	453	370	223	11941
1/16/2010	Sat	123	61	38	35	40	95	115	245	391	492	589	598	672	700	739	759	769	747	596	445	396	353	336	220	9554
1/17/2010	Sun	105	71	43	28	31	58	97	158	218	384	440	498	547	573	602	624	564	521	488	369	274	239	221	98	7251
1/18/2010	Mon	49	35	26	27	42	79	149	217	336	395	437	449	505	536	680	930	1125	1342	1011	585	391	296	186	96	9924
1/19/2010	Tue	52	37	29	19	29	65	178	295	351	345	315	354	435	505	657	954	1288	1436	1126	584	461	351	200	113	10179
1/20/2010	Wed	41	53	28	17	32	71	182	278	340	332	314	341	390	473	599	904	1224	1463	1171	644	501	360	247	132	10137
1/21/2010	Thu	64	37	36	19	30	63	197	281	343	309	305	369	418	525	646	915	1315	1504	1154	636	493	375	241	140	10415
1/22/2010	Fri	69	36	32	23	35	67	174	268	338	346	353	414	478	612	738	1048	1272	1431	1270	658	549	440	356	206	11213
1/23/2010	Sat	112	65	39	23	52	73	130	257	309	345	445	556	491	651	671	748	794	687	586	439	402	324	290	187	8676
1/24/2010	Sun	102	73	38	24	25	37	63	134	194	247	286	359	470	534	507	516	555	531	399	270	272	209	94	87	6026
1/25/2010	Mon	44	37	24	23	29	59	175	275	333	344	338	382	424	496	574	905	1282	1436	1134	572	405	323	182	100	9896
1/26/2010	Tue	57	36	26	15	34	71	177	263	381	344	336	425	407	472	681	926	1277	1518	1159	663	446	361	213	101	10389
1/27/2010	Wed	64	34	23	18	32	70	200	288	320	325	327	391	393	469	676	975	1311	1499	1039	558	409	335	176	108	10040
1/28/2010	Thu	66	44	35	27	24	48	146	251	277	269	276	300	323	438	553	834	1164	1351	1056	603	414	354	227	126	9206
1/29/2010	Fri	69	48	27	19	32	65	198	281	364	365	386	440	543	654	777	1152	1332	1366	1280	747	540	436	322	199	11642
1/30/2010	Sat	106	70	37	24	51	87	137	215	373	503	515	528	580	689	693	759	813	772	610	530	407	389	288	196	9372
1/31/2010	Sun	110	67	35	23	31	60	97	151	248	319	399	429	534	567	614	638	641	631	497	374	275	223	122	70	7155
2/1/2010	Mon	54	31	26	26	37	75	182	306	361	325	338	376	446	471	633	962	1273	1517	1130	605	400	308	203	98	10183
2/5/2010	Fri	74	37	35	23	32	71	226	295	383	412	414	468	544	671	866	1108	1433	1451	1172	712	536	486	315	180	11944
2/6/2010	Sat	119	50	47	25	46	77	113	225	379	460	522	569	640	702	730	775	807	711	641	467	388	318	231	207	9249
2/7/2010	Sun	112	63	44	17	24	27	63	118	187	252	319	346	418	396	471	482	325	252	185	167	394	245	102	65	5074
2/8/2010	Mon	53	34	25	23	47	75	165	231	215	214	270	272	348	361	487	753	1076	1196	922	443	306	241	162	100	8019
2/9/2010	Tue	49	32	21	22	29	62	191	262	305	329	306	362	446	491	654	984	1298	1503	1101	669	461	360	217	110	10264
2/10/2010	Wed	43	41	21	23	40	75	203	313	352	335	357	387	460	533	660	958	1278	1452	1122	696	507	381	234	115	10586
2/11/2010	Thu	68	35	27	23	34	74	186	321	342	352	351	454	462	613	720	991	1376	1513	1193	675	510	395	217	150	11082
2/12/2010	Fri	81	45	29	27	35	75	173	343	379	408	468	527	595	763	866	1224	1441	1431	1109	783	508	410	342	241	12303
2/13/2010	Sat	131	60	47	35	34	64	131	202	369	499	543	604	643	704	784	824	795	688	653	456	395	368	301	199	9529
2/14/2010	Sun	117	55	60	38	23	29	57	94	175	259	274	338	416	487	485	528	536	488	417	345	273	225	164	104	5987
2/15/2010	Mon	65	37	20	25	44	64	133	268	322	386	414	440	566	647	708	934	1157	1285	896	579	385	297	166	88	9926
2/17/2010	Wed	48	34	23	28	38	78	232	313	352	342	378	402	488	542	658	1014	1307	1565	1100	607	470	372	212	122	10725
2/18/2010	Thu	64	29	27	25	26	54	193	283	341	322	317	398	456	543	677	1147	1310	1298	852	527	406	304	166	113	9878
2/19/2010	Fri	80	38	34	28	43	54	163	248	298	310	363	372	460	537	700	1077	1232	1198	1003	649	438	379	293	147	10144
2/20/2010	Sat	110	62	25	29	37	57	119	241	272	306	396	406	486	554	539	618	591	617	513	349	281	256	250	168	7282
2/21/2010	Sun	98	63	38	21	20	33	78	126	194	269	331	308	399	486	432	478	432	433	382	268	229	152	92	50	5412
2/22/2010	Mon	41	33	22	34	37	57	161	208	265	316	321	358	381	476	541	850	1235	1384	994	570	405	308	183	115	9295
2/23/2010	Tue	75	36	21	14	30	61	205	306	336	305	347	332	416	503	611	965	1275	1465	1161	651	485	398	187	94	10279
2/24/2010	Wed	64	32	23	22	32	75	203	290	439	357	371	385	473	553	681	988	1283	1421	1182	646	510	331	230	105	10696
2/25/2010	Thu	60	42	34	21	41	68	200	310	354	317	340	423	425	549	688	991	1247	1187	930	587	532	277	168	125	9916
2/26/2010	Fri	75	39	36	27	35	82	180	278	373	361	412	458	490	623	765	1050	1363	1490	1147	732	548	421	344	208	11537
2/27/2010	Sat	128	57	45	29	40	69	164	270	396	508	578	559	637	721	718	827	860	765	622	457	424	377	268	155	9674
2/28/2010	Sun	107	56	37	24	33	38	71	176	203	311	404	470	494	570	594	537	601	489	395	310	234	153	94	58	6459
3/1/2010	Mon	41	31	26	22	37	56	207	293	293	309	320	337	379	485	599	963	1226	1465	1045	562	390	360	212	87	9745
3/2/2010	Tue	52	39	29	14	38	59	237	332	377	401	368	407	467	564	697	992	1299	1504	1172	707	476	441	230	123	11025
3/5/2010	Fri	72	34	35	23	35	69	206	324	425	420	422	449	587	670	789	1081	1390	1408	1199	766	539	493	349	238	12023
3/6/2010	Sat	110	89	51	21	51	66	150	290	388	486	572	588	650	709	756	848	828	780	652	511	439	399	309	174	9917
3/7/2010	Sun	115	81	40	20	36	50	70	175	268	338	402	474	601	611	724	706	649	653	537	373	283	195	117	84	7602
3/8/2010	Mon	73	37	20	17	35	71	212	318	331	333	375	380	444	470	644	870	1263	1537	980	534	365	273	141	112	9835
3/9/2010	Tue	80	40	26	26	30	67	210	302	371	373	412	392	488	571	611	1014	1338	1596	1132	656	396	313	219	100	10763
3/10/2010	Wed	58	42	23	17	46	78	219	308	343	375	363	411	447	519	637	966	1201	1363	1114	626	474	334	188	168	10320
3/11/2010	Thu	69	44	27	27	44	75	213	294	370	338	384	411	441	510	659	988	1281	1504	1166	694	488	428	235	146	10836
3/12/2010	Fri	72	47	24	13	37	74	234	347	410	472	450	520	614	674	912	1134	1425	1506	1279	795	568	492	373	253	12725
3/13/2010	Sat	129	56	53	37	46	64	180	312	419	571	590	656	733	712	844	897	892	856	685	552	447	411	355	187	10684
3/15/2010	Mon	51	29	26	22	35	53	179	294	343	337	356	401	457	447	595	885	1277	1433	1104	642	469	378	196	109	10118
3/16/2010	Tue	70	37	29	20	34	61	206	330	387	376	385	434	483	525	657	1042	1305	1541	1186	705	523	429	292	134	11191
3/17/2010	Wed	58	46	27	20	31	78	207	352	386	418	407	424	504	588	714	942	1333	1447	1175	763	554	431	267	143	11315
3/18/2010	Thu	89	51	37	21	31	53	223	346	400	417	519	462	590	637	778	1064	1355	1514	1296	797	645	495	248	164	12232
3/19/2010	Fri	97	37	27	19	30	44	97	161	170	243	235	261	319	299	246	140	762	474	397	251	170	142	105	94	4820
3/20/2010	Sat	60	41	21	25	23	37	68	147	196	288	393	507	437	581	624	677	679	694	559	477	369	337	296	198	7734
3/21/2010	Sun	147	68	36	23	32	51	72	159	224	305	470	498	574	677	683	720	736	631	557	413	326	226	155	95	7878
3/22/2010	Mon	53	32	22	21	38	71	231	325	367	377	457	447	494	616	696	1013	1364	1549	1180	642	494	339	196	114	11138
3/23/2010	Tue	83	37	26	16	31	63	193	338	367	348	406	418	514	660	780	1070	1276	1222	499	424	195	360	21	29	9376
3/24/2010	Wed	3	2	26	16	29	36	48	110	126	145	151	186	236	254	319	503	653	813	523	367	300	202	171	110	5329
3/25/2010	Thu	65	35	23	25	41	64	179	344	348	353	433	447	484	594	707	1004	1343	1425	1278	775	563	430	199	121	11280
3/26/2010	Fri	77	46	34	17	32	70	216	341	351	411	465	558	607	799	1034	1295	1326	1350	881	521	371	298	221	162	11483
3/27/2010	Sat	92	68	31	27	25	53	100	197	266	353	388	460	512	533	595	608	681	559	513	385	342	304	265	179	7536
3/28/2010	Sun	111	64	44	28	24	34	62	152	263	357	465	505	570	637	613	648	677	626	485	419	346	240	158	102	7630
3/29/2010	Mon	51	35	17	22	36	73	154	256	361	364	389	450	476	551	623	885	1263	1510	1046	640	372	326	210	103	10213
3/30/2010	Tue	67	47	26	18	34	73	165	272	371	381	397	408	482	532	639	955	1305	1468	1092	702	526	365	224	153	10702
3/31/2010	Wed	71	39	29	16	32	69	156	295	355	394	392	399	483	572	684	978	1275	1477	1049	702	509	432	276	131	10815
4/1/2010	Thu	81	44	37	21	23	61	150	274	353	378	384	491	518	581	669	965	1227	1435	1075	671	516	378	261	157	10750
4/2/2010	Fri	111	71	26	20	28	47	150	259	350	379	467	510	562	701	849	1009	1233	1345	1045	621	520	445	313	184	11245
4/3/2010	Sat	127	68	37	24	34	53	121	184	339	423	530	562	640	715	715	747	790	707	601	514	399	350	293	178	9151
4/4/2010	Sun	118	66	38	26	23	50	69	173	250	367	537	624	878	764	586	654	693	665	617	574	367	274	155	85	8653
4/5/2010	Mon	42	37	12	20	40	58	224	283	380	406	405	454	496	538	687	955	1305	1579	1092	659	447	325	211	103	10758
4/6/2010	Tue	56	40	29	16	24	58	202	308	306	334	399	410	427	509	698	906	1325	1533	1100	654	488	366	203	150	10541
4/7/2010	Wed	69	35	26	18	32	43	154	280	274	323	301	301	355	374	535	843	1194	1410	1078	675	487	418	198	141	9564
4/8/2010	Thu	70	44	39	20	26	77	211	323	424	418	408	415	477	566	730	1002	1334	1485	1246	783	573	498	279	137	11585
4/9/2010	Fri	95	46	24	17	30	71	245	331	411	437	451	472	584	666	835	1108	1438	1475	1223	809	574	466	363	206	12377
4/10/2010	Sat	107	62	63	80	39	72	155	278	382	446	525	658	682	704	814	877	867	771	672	510	420	393	343	183	10103
4/11/2010	Sun	110	64	36	21	25	42	76	193	281	393	484	528	698	731	776	770	754	750	625	457	375	239	113	78	8619
4/12/2010	Mon	62	40	22	10	37	81	227	321	373	400	394	462	495	522	632	986	1358	1539	1175	669	454	333	236	102	10930
4/13/2010	Tue	63	37	28	14	35	65	227	339	375	387	378	431	477	538	686	974	1321	1489	1107	724	518	374	255	125	10967
4/14/2010	Wed	56	35	32	9	34	64	237	340	439	424	407	432	483	531	692	974	1287	1513	1131	748	582	422	229	150	11251
4/15/2010	Thu	58	47	37	23	34	71	250	390	394	410	386	423	505	578	724	1065	1305	1536	1199	809	599	457	235	143	11678
4/16/2010	Fri	97	41	27	19	30	77	221	341	425	421	491	500	533	652	818	1170	1446	1564	1167	776	559	488	295	179	12337
4/17/2010	Sat	104	62	48	29	30	52	127	271	365	469	519	562	686	723	726	801	803	790	628	529	482	348	263	202	9619
4/18/2010	Sun	116	65	45	26	23	37	79	207	313	410	556	581	674	751	760	735	686	667	573	448	307	227	148	118	8552
4/19/2010	Mon	44	43	30	29	36	89	237	383	391	389	449	460	462	543	653	958	1376	1528	1115	689	487	358	174	117	11040
4/20/2010	Tue	92	45	32	16	29	58	233	338	393	376	368	412	489	545	678	985	1405	1488	1084	763	497	404	250	161	11141
4/21/2010	Wed	81	44	29	20	33	74	238	379	404	373	409	427	475	543	660	1048	1378	1509	1138	749	518	409	221	114	11273
4/22/2010	Thu	76	41	21	11	34	70	221	359	394	382	381	414	486	617	727	1042	1326	1450	1165	657	513	387	242	139	11155
4/23/2010	Fri	76	34	36	13	39	54	171	300	303	316	406	433	549	745	809	984	1143	925	64	135	75	65	193	215	8083
4/24/2010	Sat	87	35	27	26	25	46	85	162	246	364	398	484	464	635	644	710	740	662	669	506	432	385	293	233	8358
4/25/2010	Sun	124	56	35	27	21	44	90	208	251	369	437	517	620	660	661	714	691	669	598	465	299	201	105	73	7935
4/26/2010	Mon	46	37	24	29	32	62	206	349	338	395	374	390	454	491	702	1019	1348	1502	1106	612	470	362	221	109	10678
4/27/2010	Tue	62	34	24	15	30	76	258	367	393	387	419	463	496	524	671	1088	1287	1455	1212	722	602	388	281	115	11369
4/28/2010	Wed	65	35	22	29	40	82	235	428	439	435	470	445	512	538	681	984	1208	1462	1258	810	601	417	223	137	11556
4/29/2010	Thu	80	43	23	22	32	56	208	320	349	340	366	407	415	515	675	969	1311	1460	1056	681	545	439	235	125	10672
4/30/2010	Fri	61	42	35	19	39	79	194	363	401	515	517	599	671	711	957	1104	1431	1469	1107	723	536	542	317	215	12647
5/1/2010	Sat	119	56	51	37	42	77	141	291	431	538	595	571	668	720	752	811	869	838	659	587	470	421	316	201	10261
5/2/2010	Sun	103	58	45	25	26	52	92	187	284	343	483	509	616	636	644	665	678	545	488	421	347	219	137	84	7687
5/3/2010	Mon	49	35	28	24	42	100	248	391	396	428	451	436	524	551	728	962	1333	1550	1121	678	532	397	200	107	11311
5/4/2010	Tue	57	34	24	19	57	91	235	372	424	402	436	528	556	744	868	1097	1199	1435	1023	679	507	392	224	141	11544
5/5/2010	Wed	58	44	32	13	52	86	261	379	410	418	390	467	498	588	725	966	1310	1552	1174	717	659	434	226	147	11606
5/6/2010	Thu	83	40	32	16	40	88	222	368	447	434	433	435	552	618	724	1051	1329	1482	1162	700	600	440	248	165	11709
5/7/2010	Fri	64	37	42	35	47	91	247	414	415	523	510	582	670	820	895	1232	1472	1554	1222	763	681	511	351	216	13394
5/8/2010	Sat	129	49	37	34	50	127	247	441	611	733	687	690	710	786	833	843	865	831	755	588	523	429	283	194	11475
5/9/2010	Sun	114	65	40	29	27	50	125	189	349	534	644	725	817	865	816	833	780	783	697	553	490	312	149	89	10075
5/10/2010	Mon	58	30	29	15	56	99	265	387	444	457	495	501	553	597	699	996	1342	1552	1109	715	496	377	247	159	11678
5/11/2010	Tue	64	43	19	18	39	79	258	413	421	411	425	463	509	594	707	988	1386	1466	1067	594	402	262	155	76	10859
5/12/2010	Wed	51	37	23	20	44	52	183	276	272	294	308	341	373	465	578	868	1222	1339	963	531	392	343	160	123	9258
5/13/2010	Thu	66	52	20	33	33	78	200	372	393	340	355	399	510	557	679	987	1304	1437	1145	687	583	438	234	131	11033
5/14/2010	Fri	80	42	21	30	34	62	243	347	399	450	543	518	656	733	958	1227	1418	1490	1287	689	525	419	278	176	12625
5/15/2010	Sat	96	73	35	42	60	69	186	359	488	459	607	622	803	832	786	849	851	787	680	503	525	477	355	187	10731
5/16/2010	Sun	134	69	33	33	65	82	156	309	450	528	706	668	845	836	892	820	843	783	576	526	398	280	185	93	10310
5/17/2010	Mon	57	39	21	37	57	110	287	443	481	510	507	517	549	569	766	1059	1342	1568	1105	691	473	359	208	103	11858
5/18/2010	Tue	66	38	34	22	36	90	256	422	438	429	455	466	492	575	721	979	1404	1557	1192	725	497	355	207	152	11608
5/19/2010	Wed	78	49	34	27	40	88	224	381	456	437	476	488	524	590	777	922	1338	1571	1192	734	570	422	244	132	11794
5/20/2010	Thu	73	47	44	29	42	92	285	418	486	494	485	497	517	598	754	1001	1405	1343	1338	755	648	478	276	172	12277
5/21/2010	Fri	152	73	34	30	59	112	278	438	547	598	603	638	788	876	1036	1289	1434	1532	1430	850	633	565	365	232	14592
5/22/2010	Sat	150	77	47	41	52	111	243	494	678	871	805	826	845	846	927	947	900	862	693	541	540	403	311	196	12406
5/23/2010	Sun	119	61	49	30	32	70	139	290	442	595	718	777	895	788	782	839	797	726	587	475	371	266	181	103	10132
5/24/2010	Mon	68	39	25	28	45	103	295	410	509	489	493	536	580	623	734	1001	1342	1476	1095	638	476	354	223	135	11717
5/25/2010	Tue	72	46	26	28	38	94	265	466	481	520	495	504	559	606	728	1028	1376	1499	1178	753	611	428	256	143	12200
5/26/2010	Wed	75	49	33	24	52	133	278	459	530	471	515	531	618	592	740	1017	1314	1528	1142	756	612	496	273	155	12393
5/27/2010	Thu	100	51	48	24	54	109	270	449	511	589	585	616	676	763	921	1117	1412	1642	1376	768	654	520	342	176	13773
5/28/2010	Fri	104	54	49	30	56	103	299	539	689	918	978	1011	1060	1188	1325	1641	1731	1767	1407	1021	746	570	408	260	17954
5/29/2010	Sat	132	59	41	47	78	145	355	583	983	1321	1337	1201	1071	1097	1005	937	865	859	666	556	450	379	287	155	14609
5/30/2010	Sun	111	76	42	31	42	74	171	349	492	652	833	896	876	895	935	741	796	745	634	418	417	315	268	202	11011
5/31/2010	Mon	82	46	34	16	29	78	128	263	444	641	742	848	833	851	842	751	690	588	549	417	367	278	177	109	9803
6/1/2010	Tue	52	27	22	22	54	129	298	412	500	513	560	588	601	660	792	1021	1470	1485	1275	650	499	395	231	161	12417
6/2/2010	Wed	107	48	42	21	47	112	243	433	493	472	478	587	572	676	772	972	1388	1508	1180	757	574	465	300	194	12441
6/3/2010	Thu	119	53	38	35	62	131	229	434	539	513	517	529	605	660	810	1032	1360	1502	1230	788	586	530	298	211	12811
6/4/2010	Fri	136	45	41	38	64	121	259	481	564	646	725	740	759	923	1009	1216	1605	1659	1476	899	737	531	371	246	15291
6/5/2010	Sat	160	95	48	42	70	144	305	508	693	813	900	967	939	1002	981	919	949	842	721	527	474	418	337	199	13053
6/6/2010	Sun	133	80	50	30	42	73	171	356	478	752	807	830	909	920	865	907	747	738	594	484	415	297	198	127	11003
6/7/2010	Mon	79	31	22	34	49	133	258	432	477	517	530	575	594	618	717	952	1354	1553	1041	652	507	365	285	153	11928
6/8/2010	Tue	81	49	40	31	51	118	249	417	488	490	485	520	507	605	728	974	1386	1486	1199	762	504	440	319	179	12108
6/9/2010	Wed	69	47	35	26	45	126	241	415	552	538	523	604	620	632	715	1024	1344	1482	1234	702	603	492	343	212	12624
6/10/2010	Thu	92	43	42	28	50	116	294	428	526	548	643	617	628	754	794	1087	1297	1550	1414	833	559	505	310	199	13357
6/11/2010	Fri	107	49	40	28	46	126	255	425	513	645	856	814	773	930	1038	1291	1566	1525	1338	904	610	448	361	251	14939
6/12/2010	Sat	161	70	52	38	28	113	252	431	561	600	645	690	728	723	744	745	799	710	613	511	438	395	319	186	10552
6/13/2010	Sun	101	57	39	20	30	51	123	225	300	405	522	578	699	784	711	723	691	643	589	416	327	253	156	97	8540
6/14/2010	Mon	56	37	28	35	55	110	209	413	482	537	550	572	623	700	730	989	1352	1541	1138	672	468	397	234	177	12105
6/15/2010	Tue	76	41	36	15	50	108	272	412	499	532	555	592	616	654	781	1017	1414	1452	1287	709	619	426	324	182	12669
6/16/2010	Wed	82	50	41	21	53	132	267	489	568	610	633	666	674	776	822	1026	1349	1526	1204	729	606	502	277	179	13282
6/17/2010	Thu	88	47	31	31	50	135	268	464	604	591	614	676	708	744	849	1085	1395	1467	1323	799	650	547	364	192	13722
6/18/2010	Fri	88	50	50	35	47	127	283	544	626	729	851	904	968	1061	1193	1466	1747	1992	1605	1063	732	495	396	244	17296
6/19/2010	Sat	149	72	36	38	102	179	394	725	875	1081	1218	1189	1174	1117	1016	900	958	799	655	553	432	456	384	250	14752
6/20/2010	Sun	134	83	49	33	54	102	209	376	517	736	943	976	977	1086	898	863	795	711	612	532	418	294	192	120	11710
6/21/2010	Mon	57	44	33	28	56	108	238	456	542	588	544	637	605	647	782	1000	1381	1464	1121	648	528	390	272	126	12295
6/22/2010	Tue	83	46	45	29	62	115	247	465	531	554	542	582	631	639	712	986	1338	1476	1226	680	540	440	314	211	12494
6/23/2010	Wed	75	38	38	17	49	116	260	462	530	602	571	591	599	675	797	982	1322	1505	1128	729	630	479	365	235	12795
6/24/2010	Thu	75	58	37	28	57	114	270	454	593	605	649	670	660	740	790	1074	1365	1537	1246	783	601	455	312	180	13353
6/25/2010	Fri	154	65	57	29	51	135	322	528	692	780	933	921	985	1106	1326	1459	1729	1800	1471	1007	679	509	334	250	17322
6/26/2010	Sat	151	91	50	47	84	168	355	649	817	1040	1051	985	1018	911	843	884	955	899	751	545	421	371	285	207	13578
6/27/2010	Sun	123	71	49	45	53	104	204	367	483	616	813	869	891	1071	844	750	761	623	559	461	382	333	185	105	10762
6/28/2010	Mon	73	42	35	34	79	129	259	434	569	550	586	648	668	672	785	1004	1328	1589	1138	715	525	418	233	140	12653
6/29/2010	Tue	67	49	44	20	60	138	265	425	531	502	540	606	588	693	762	1009	1405	1544	1225	733	544	495	242	181	12668
6/30/2010	Wed	82	46	76	39	63	146	278	450	523	608	632	599	651	689	875	1033	1355	1508	1239	820	628	549	324	204	13417
7/1/2010	Thu	113	64	52	31	58	168	297	466	628	677	712	737	792	859	1009	1211	1393	1658	1357	831	599	501	384	168	14765
7/2/2010	Fri	103	54	45	33	54	154	343	620	820	921	1072	1063	1143	1344	1526	1693	1856	1741	1510	1019	702	553	442	252	19063
7/3/2010	Sat	130	71	38	75	93	250	409	785	882	1172	1467	1390	1304	1135	999	982	857	715	618	500	398	354	440	411	15475
7/4/2010	Sun	147	75	39	25	50	91	188	295	422	548	663	708	733	739	665	653	531	419	373	302	291	522	592	306	9377
7/5/2010	Mon	151	56	36	25	59	119	191	326	460	644	740	872	900	906	915	791	694	686	522	433	382	354	279	121	10662
7/6/2010	Tue	60	39	25	33	62	143	280	461	518	661	661	624	656	709	771	1040	1354	1558	1218	614	530	404	304	191	12916
7/7/2010	Wed	95	50	27	21	45	113	250	469	477	527	579	583	622	729	745	1030	1352	1454	1247	730	501	424	321	146	12537
7/8/2010	Thu	71	46	44	33	42	126	284	466	555	601	608	682	680	801	832	1038	1399	1533	1253	784	581	457	302	167	13385
7/9/2010	Fri	100	46	35	32	67	163	325	527	627	735	850	870	905	988	1218	1340	1689	1819	1579	1083	716	567	423	254	16958
7/10/2010	Sat	150	76	55	34	89	159	454	799	864	1157	1307	1126	1132	1027	1068	910	929	781	672	578	477	442	334	227	14847
7/11/2010	Sun	147	82	40	32	59	127	224	438	551	780	804	829	931	1111	864	778	850	701	625	515	355	273	203	120	11439
7/12/2010	Mon	73	47	31	30	51	118	285	426	561	663	639	638	614	721	744	988	1323	1566	1158	700	469	430	239	178	12692
7/13/2010	Tue	66	53	34	25	56	153	286	478	518	565	623	632	614	686	808	1034	1372	1496	1223	690	512	387	267	201	12779
7/14/2010	Wed	79	53	32	24	53	130	286	494	567	579	627	661	668	759	787	1083	1328	1525	1242	730	596	500	283	193	13279
7/15/2010	Thu	72	54	40	31	46	137	316	457	589	598	701	697	710	726	893	1062	1379	1525	1273	823	640	562	312	217	13860
7/16/2010	Fri	139	61	36	43	64	135	346	536	651	800	824	928	971	1122	1293	1533	1774	1804	1739	1146	779	599	366	225	17914
7/17/2010	Sat	127	112	53	53	104	232	387	844	935	1117	1216	1246	1116	1083	1020	979	951	792	653	567	444	465	312	210	15018
7/18/2010	Sun	128	82	52	36	56	115	227	395	544	730	806	943	989	1012	874	721	682	602	526	449	380	322	208	151	11030
7/19/2010	Mon	86	53	36	29	70	143	307	457	495	578	631	643	667	583	786	1053	1420	1629	1096	695	472	405	251	160	12745
7/20/2010	Tue	74	39	24	35	51	135	307	458	508	517	539	575	584	607	744	1031	1341	1314	1328	707	545	367	260	168	12258
7/21/2010	Wed	78	56	29	23	57	119	287	464	549	575	601	575	577	692	824	1058	1352	1517	1190	725	577	454	292	193	12864
7/22/2010	Thu	111	60	38	36	63	134	303	506	638	638	671	639	707	821	873	1087	1320	1576	1206	801	621	503	312	179	13843
7/23/2010	Fri	115	64	49	34	45	140	321	453	691	790	805	943	1016	1064	1305	1494	1788	1857	1732	1069	725	562	432	228	17722
7/24/2010	Sat	168	98	49	56	88	239	452	793	903	1094	1235	1110	1031	1048	985	927	959	823	744	582	465	452	307	222	14830
7/25/2010	Sun	158	86	41	31	44	123	218	375	592	767	807	869	977	1070	923	798	769	679	549	466	395	315	209	146	11407
7/26/2010	Mon	106	39	44	35	68	134	268	439	562	613	616	645	645	697	798	1015	1285	1579	1177	662	521	424	246	154	12772
7/27/2010	Tue	72	35	34	27	46	132	260	436	535	551	593	642	647	634	769	1035	1301	1580	1108	708	528	419	310	164	12566
7/28/2010	Wed	80	44	38	25	53	126	293	521	542	581	615	642	651	678	810	1073	1337	1534	1154	765	562	478	320	162	13084
7/29/2010	Thu	106	68	40	30	40	142	268	478	592	648	634	688	694	782	869	1156	1370	1557	1266	840	582	454	314	196	13814
7/30/2010	Fri	123	66	42	26	49	129	314	567	695	783	899	957	961	1054	1183	1451	1781	1673	1575	975	722	564	386	281	17256
7/31/2010	Sat	127	104	52	41	77	185	412	785	909	1003	1148	1069	1007	995	948	886	874	795	682	589	431	511	306	278	14214
8/1/2010	Sun	119	91	51	40	54	104	216	411	526	730	852	973	931	1051	904	852	774	731	546	404	376	246	171	108	11261
8/2/2010	Mon	82	40	32	42	63	131	268	466	548	624	670	639	648	644	685	872	1054	1104	1071	750	473	354	192	112	11564
8/3/2010	Tue	77	44	22	30	46	112	233	461	540	614	611	573	645	708	766	1030	1379	1471	1221	673	547	440	354	187	12784
8/4/2010	Wed	99	38	31	23	42	125	263	456	596	583	622	632	633	726	827	1038	1358	1562	1210	754	612	423	300	167	13120
8/5/2010	Thu	77	69	41	32	64	111	299	444	557	664	691	656	677	766	938	1099	1490	1632	1334	781	604	478	281	194	13979
8/6/2010	Fri	118	57	45	28	72	130	303	565	665	811	878	1027	1023	1076	1354	1448	1686	1845	1525	1083	714	534	390	247	17624
8/7/2010	Sat	121	94	45	62	106	220	440	802	970	1187	1243	1302	1227	1168	1118	970	1034	905	658	498	458	417	295	201	15541
8/8/2010	Sun	113	88	42	27	66	102	204	394	559	759	858	883	904	966	926	873	770	714	554	492	381	282	170	108	11235
8/9/2010	Mon	81	50	27	33	67	129	270	474	504	553	601	648	686	715	753	994	1429	1470	1226	596	500	363	249	122	12540
8/10/2010	Tue	71	61	29	24	51	116	258	458	543	613	547	595	624	647	732	1074	1369	1597	1172	750	555	405	255	145	12691
8/11/2010	Wed	87	39	32	25	57	128	268	488	611	609	617	652	600	739	811	1136	1347	1596	1239	772	589	470	260	191	13363
8/12/2010	Thu	104	52	41	35	66	134	295	515	593	652	629	621	742	791	857	1109	1459	1613	1276	779	631	517	291	207	14009
8/13/2010	Fri	109	68	49	32	115	149	287	532	618	690	857	889	731	924	1437	1564	1770	1822	1647	1065	770	562	396	318	17401
8/14/2010	Sat	173	85	45	69	82	195	398	634	909	1069	1150	1178	1144	1104	1024	989	958	831	678	510	490	462	377	227	14781
8/15/2010	Sun	138	66	43	34	56	112	210	372	567	779	854	854	848	838	780	869	792	688	619	476	406	285	184	131	11001
8/16/2010	Mon	76	51	26	23	65	142	296	522	560	582	580	627	620	664	766	1060	1395	1614	1190	659	487	365	233	158	12761
8/17/2010	Tue	101	61	39	17	53	123	267	455	517	589	589	574	657	707	754	1083	1432	1561	1262	758	578	472	264	134	13047
8/18/2010	Wed	112	54	34	30	68	126	361	535	600	564	624	644	584	707	837	966	1424	1590	1260	837	619	424	247	169	13416
8/19/2010	Thu	115	52	49	27	46	145	288	460	536	617	539	636	676	729	854	1163	1401	1665	1267	762	618	440	248	169	13502
8/20/2010	Fri	88	47	26	38	61	165	379	568	574	759	887	943	893	1037	1178	1483	1701	1856	1772	1082	729	563	383	242	17454
8/21/2010	Sat	149	85	44	49	84	198	332	672	836	1034	1133	1128	1058	1066	996	1019	958	870	649	548	484	433	441	246	14512
8/22/2010	Sun	108	68	39	31	59	117	233	427	528	648	783	810	922	989	877	833	836	675	578	470	371	250	136	108	10896
8/23/2010	Mon	60	39	32	39	63	138	336	440	510	586	531	557	579	648	784	984	1374	1573	1113	608	441	315	272	108	12130
8/24/2010	Tue	69	38	31	27	54	122	337	362	483	467	465	492	549	604	714	1079	1358	1583	1170	728	550	340	280	138	12040
8/25/2010	Wed	67	33	26	27	66	145	335	456	521	585	599	560	593	666	750	1103	1384	1525	1230	751	609	401	209	163	12804
8/26/2010	Thu	86	53	33	37	66	158	399	439	647	610	622	572	648	663	728	898	873	1655	1309	797	619	425	217	145	12699
8/27/2010	Fri	88	42	41	34	51	159	328	483	637	679	756	594	916	888	997	1336	1586	1773	1549	978	632	494	352	248	15641
8/28/2010	Sat	126	88	49	56	104	211	363	540	746	931	1030	972	974	984	1003	983	909	776	673	533	463	474	319	214	13521
8/29/2010	Sun	124	80	39	41	47	116	206	322	462	604	743	835	815	844	799	735	732	705	584	434	376	296	213	100	10252
8/30/2010	Mon	67	44	28	30	55	149	348	411	539	511	559	555	598	616	709	1064	1306	1560	1085	658	481	297	212	148	12030
8/31/2010	Tue	71	48	28	24	47	120	338	431	505	542	523	590	549	585	726	1044	1387	1541	1071	740	567	400	215	145	12237
9/1/2010	Wed	64	55	31	37	52	127	344	451	566	556	563	570	570	636	774	1064	1384	1471	1257	774	559	448	232	158	12743
9/2/2010	Thu	70	47	41	36	46	134	314	518	531	620	638	577	667	760	865	1240	1458	1555	1392	812	634	421	239	127	13742
9/3/2010	Fri	84	47	41	36	52	143	361	541	648	894	906	998	1113	1281	1461	1865	2008	2025	1607	1150	835	552	459	223	19330
9/4/2010	Sat	104	79	45	58	91	194	387	660	991	1218	1406	1316	1302	1185	1075	1214	1099	925	672	534	462	407	287	187	15898
9/5/2010	Sun	100	49	28	43	59	130	248	418	605	834	944	933	982	919	832	822	706	593	560	435	388	273	201	154	11256
9/6/2010	Mon	83	46	37	23	50	108	181	271	422	552	639	815	775	723	721	725	683	641	552	423	329	219	135	74	9227
9/8/2010	Wed	62	44	37	24	51	108	299	444	515	567	535	540	588	651	722	984	1364	1434	90	370	102	459	274	139	10403
9/9/2010	Thu	51	33	35	28	52	135	288	427	589	554	541	604	596	620	764	1061	1366	1567	1276	810	622	436	268	127	12850
9/10/2010	Fri	91	47	42	42	40	117	324	463	600	708	629	797	785	870	1065	1343	1610	1666	1488	1049	751	495	363	243	15628
9/11/2010	Sat	149	87	41	42	83	160	254	488	702	811	848	983	993	956	988	991	1008	709	841	571	474	384	376	183	13122
9/12/2010	Sun	130	77	54	30	43	109	192	259	467	596	657	729	868	770	745	778	732	749	635	500	330	218	167	94	9929
9/13/2010	Mon	58	28	27	29	51	124	293	425	479	589	582	553	569	602	744	959	1362	1475	1144	684	450	361	220	160	11968
9/14/2010	Tue	57	44	35	26	54	114	303	438	457	575	505	479	624	625	751	1051	1328	1460	1199	710	522	374	271	158	12160
9/15/2010	Wed	76	43	34	23	49	118	343	433	496	457	648	479	558	655	780	1010	1303	1487	1232	811	613	431	236	127	12442
9/16/2010	Thu	68	41	34	25	46	131	312	454	519	504	653	566	688	589	725	1207	1334	1511	1326	863	607	451	291	159	13104
9/17/2010	Fri	92	48	38	32	70	123	317	476	600	730	820	815	861	951	1102	1362	1660	1751	1360	1007	665	528	367	230	16005
9/18/2010	Sat	148	83	57	31	84	167	311	556	785	1030	1209	1135	1082	1109	965	1012	903	849	709	568	471	429	344	231	14268
9/19/2010	Sun	115	51	43	28	44	90	196	334	608	791	1074	959	1001	979	904	756	749	719	697	509	378	210	132	107	11474
9/20/2010	Mon	66	34	28	38	60	133	276	488	518	634	703	705	657	631	722	1015	1291	1617	1192	725	413	343	177	110	12576
9/21/2010	Tue	57	31	29	23	42	92	329	468	553	651	629	587	620	642	724	1030	1355	1576	1252	716	562	402	193	109	12672
9/22/2010	Wed	67	39	30	22	55	101	325	438	578	592	492	611	590	633	700	1051	1276	1446	1232	678	487	392	239	123	12197
9/23/2010	Thu	75	59	31	27	60	108	317	421	549	569	477	650	715	639	737	1225	1444	1466	1339	766	563	462	251	138	13088
9/24/2010	Fri	81	42	34	27	48	125	329	471	664	822	935	944	897	942	1062	1404	1514	1620	1347	1058	651	503	428	246	16194
9/25/2010	Sat	170	92	46	33	67	139	301	611	917	1415	1601	1445	1356	1328	1134	1175	1064	929	726	522	481	429	300	242	16523
9/26/2010	Sun	167	74	42	37	32	75	197	349	645	941	1155	1933	1722	996	968	767	715	738	741	497	381	269	197	90	13728
9/27/2010	Mon	58	45	27	32	68	104	318	429	545	604	625	650	686	611	767	996	1301	1508	1132	690	427	377	262	92	12354
9/28/2010	Tue	72	37	32	22	52	103	298	434	486	569	614	579	476	581	551	1256	1350	1535	1188	792	509	403	247	133	12319
9/29/2010	Wed	63	39	30	23	56	94	297	420	456	527	578	630	430	636	618	1046	1398	1426	1194	799	581	420	221	117	12099
9/30/2010	Thu	77	51	40	24	51	111	290	457	535	556	524	634	611	632	776	1057	1310	1435	1378	805	584	423	281	154	12796
10/1/2010	Fri	88	45	38	32	50	125	330	444	571	708	773	765	839	927	1097	1325	1592	1580	1373	873	605	489	349	192	15210
10/2/2010	Sat	112	60	47	34	69	134	271	467	738	958	1109	1180	1223	1082	1042	967	990	819	702	531	418	422	299	202	13876
10/3/2010	Sun	109	54	36	27	45	78	143	301	528	681	971	889	927	894	871	900	742	648	590	462	312	205	129	89	10631
10/4/2010	Mon	56	29	29	35	44	112	302	412	495	533	531	538	574	522	735	991	1320	1555	1134	633	465	354	208	101	11708
10/5/2010	Tue	53	43	27	29	34	77	283	411	489	448	522	525	535	559	727	1031	1317	1559	1185	770	516	365	218	113	11836
10/6/2010	Wed	75	57	37	29	47	95	300	420	445	441	510	461	546	566	561	1074	1412	1473	1171	743	520	440	228	126	11777
10/7/2010	Thu	66	43	40	29	47	101	279	375	485	520	501	516	600	577	659	1067	1335	1476	1268	765	504	434	264	163	12114
10/8/2010	Fri	89	54	34	31	54	112	310	437	513	605	639	647	730	819	984	1220	1543	1576	1315	844	621	671	361	179	14388
10/9/2010	Sat	120	66	44	31	41	97	231	450	616	753	909	926	922	902	918	887	892	833	681	499	421	341	324	169	12073
10/10/2010	Sun	114	67	58	34	28	58	135	233	354	486	616	635	697	640	714	712	688	635	546	421	315	241	117	82	8626
10/11/2010	Mon	67	22	34	32	51	103	283	392	418	573	491	565	553	592	664	778	1481	1399	1074	692	444	339	199	94	11340
10/12/2010	Tue	65	37	30	28	43	87	248	322	399	399	362	412	465	540	649	920	1310	1521	1116	654	490	342	219	107	10765
10/13/2010	Wed	72	49	26	24	52	85	283	417	436	444	429	486	578	570	722	941	1375	1519	1166	711	567	435	215	123	11725
10/15/2010	Fri	78	48	46	37	62	105	295	460	515	610	721	672	745	853	951	1219	1401	1504	1342	893	620	470	352	203	14202
10/16/2010	Sat	135	82	49	27	59	116	210	371	584	712	843	903	822	907	922	928	833	791	736	584	424	402	329	213	11982
10/17/2010	Sun	144	70	43	24	36	67	100	184	359	532	617	722	799	850	785	777	676	674	702	483	329	210	139	91	9413
10/18/2010	Mon	65	36	30	31	35	94	284	325	393	428	463	469	460	507	601	983	1225	1485	1096	630	387	312	169	142	10650
10/19/2010	Tue	64	38	26	26	38	91	270	332	425	423	411	462	465	524	673	958	1277	1522	1165	780	485	341	218	120	11134
10/20/2010	Wed	65	50	22	30	49	94	301	372	407	477	465	484	522	594	673	1026	1301	1476	1202	748	591	431	245	121	11746
10/21/2010	Thu	72	65	30	34	56	95	283	420	484	436	455	532	552	613	704	1046	1431	1516	1210	713	540	412	259	147	12105
10/22/2010	Fri	98	48	38	28	56	133	333	442	495	519	597	633	728	795	910	1290	1433	1584	1260	730	595	418	315	177	13655
10/23/2010	Sat	132	73	38	37	39	96	153	276	428	515	620	757	864	770	762	822	780	738	696	514	380	343	338	206	10377
10/24/2010	Sun	108	72	39	37	33	55	128	204	312	446	525	632	722	732	735	658	651	759	687	445	328	191	109	90	8698
10/25/2010	Mon	58	34	19	27	49	78	257	342	364	399	377	417	476	479	616	931	1280	1467	1050	561	395	301	158	91	10226
10/26/2010	Tue	56	32	21	13	31	75	209	335	336	401	418	436	476	522	616	935	1304	1536	1132	687	437	337	208	107	10660
10/27/2010	Wed	67	42	23	22	42	66	235	356	365	400	383	453	474	508	683	1020	1291	1490	1204	671	497	412	205	96	11005
10/28/2010	Thu	88	54	33	18	44	87	230	357	442	457	443	461	524	584	654	1063	1321	1465	1201	757	581	461	259	138	11722
10/29/2010	Fri	68	56	29	22	40	88	238	396	460	499	547	564	712	765	838	1134	1380	1343	1165	764	535	427	360	199	12629
10/30/2010	Sat	138	78	42	47	43	86	169	281	441	524	662	752	755	751	786	797	899	828	648	469	375	338	330	265	10504
10/31/2010	Sun	155	97	58	37	42	42	85	159	268	372	441	479	519	626	608	598	594	523	412	448	658	418	169	104	7912
11/1/2010	Mon	66	43	33	26	42	79	244	355	387	449	460	436	513	570	675	982	1300	1569	1136	603	382	310	169	93	10922
11/2/2010	Tue	53	48	28	18	34	79	241	388	414	422	392	436	511	465	551	1065	1371	1503	1327	610	494	372	209	114	11145
11/3/2010	Wed	81	40	24	16	39	90	240	358	451	426	437	455	448	500	704	1017	1219	1520	1233	672	338	13	13	8	10342
11/4/2010	Thu	42	45	28	29	39	90	239	375	420	499	439	454	481	508	700	1125	1332	1536	1247	748	474	437	233	148	11668
11/5/2010	Fri	81	34	30	18	52	105	266	376	490	537	568	540	677	784	874	1224	1494	1549	1340	811	586	443	299	196	13374
11/6/2010	Sat	130	73	41	36	35	98	190	321	514	551	819	873	907	860	859	856	889	842	642	499	433	423	316	182	11389
11/7/2010	Sun	100	64	27	16	29	56	94	224	344	510	583	655	699	730	718	719	702	651	556	362	279	195	129	64	8506
11/8/2010	Mon	42	25	21	23	47	93	266	342	401	460	461	517	541	526	709	1034	1390	1596	1063	587	357	294	154	95	11044
11/9/2010	Tue	55	31	28	17	29	72	224	347	363	349	378	419	539	572	763	1028	1291	1324	896	496	360	250	156	92	10079
11/10/2010	Wed	44	35	15	17	34	89	209	294	342	356	350	436	441	533	692	992	1420	1491	1105	617	496	424	179	92	10703
11/11/2010	Thu	58	36	27	22	36	80	177	268	303	279	299	363	371	501	585	806	1128	1235	813	462	381	306	165	102	8803
11/12/2010	Fri	80	28	29	19	37	72	197	296	361	415	465	504	557	743	899	1122	1382	1414	1181	693	490	473	329	184	11970
11/13/2010	Sat	124	65	43	26	39	73	107	251	426	498	550	608	632	650	737	752	784	717	571	446	354	343	331	158	9285
11/14/2010	Sun	101	74	47	19	24	47	58	136	237	316	368	448	615	643	627	599	632	588	563	377	288	173	94	73	7147
11/15/2010	Mon	68	34	27	16	50	82	224	270	389	397	362	425	492	501	637	929	1358	1521	974	527	356	314	134	91	10178
11/16/2010	Tue	63	37	25	23	44	73	260	324	376	449	369	444	475	648	645	989	1467	1508	1105	571	420	309	186	94	10904
11/17/2010	Wed	63	37	17	18	32	79	216	312	363	361	360	411	410	535	677	1017	1328	1498	1214	613	482	373	235	121	10772
11/18/2010	Thu	52	48	34	20	41	84	226	358	400	426	392	430	473	588	702	1016	1299	1513	1106	669	512	404	239	132	11164
11/19/2010	Fri	75	46	40	55	43	77	253	324	395	485	467	528	595	660	870	1133	1519	1540	1090	679	569	421	385	210	12459
11/20/2010	Sat	114	75	51	24	28	63	132	262	397	553	570	685	663	740	764	816	851	760	611	426	340	343	297	179	9744
11/21/2010	Sun	108	74	37	22	22	32	73	153	236	368	408	503	518	593	604	665	639	573	427	364	263	188	124	71	7065
11/22/2010	Mon	56	31	30	23	32	79	219	301	351	400	376	451	502	552	758	984	1322	1470	1048	530	415	258	162	107	10457
11/23/2010	Tue	61	47	25	20	36	70	214	346	382	423	449	534	500	711	746	1068	1371	1431	1187	659	494	327	221	164	11486
11/24/2010	Wed	90	48	31	20	29	61	158	270	344	433	485	568	684	802	954	1155	1301	1109	746	556	390	302	208	126	10870
11/25/2010	Thu	93	54	29	16	21	27	69	148	246	437	659	864	944	698	535	394	438	534	534	537	434	324	196	104	8335
11/26/2010	Fri	49	26	24	16	35	77	145	248	426	767	880	861	875	807	836	804	859	787	588	453	344	287	238	128	10560
11/27/2010	Sat	86	48	39	22	48	91	116	258	537	736	792	832	718	731	695	736	739	730	494	446	370	299	259	150	9972
11/28/2010	Sun	91	72	35	26	39	55	87	191	359	628	694	730	662	751	619	601	596	573	472	314	237	159	90	57	8138
11/29/2010	Mon	47	33	20	21	33	61	219	268	338	302	313	344	385	458	487	889	1200	1375	1019	494	305	243	153	82	9089
11/30/2010	Tue	62	45	29	17	24	62	218	346	333	339	358	384	440	532	700	1029	1310	1532	1167	648	430	360	206	113	10684
12/1/2010	Wed	63	40	28	18	34	81	232	326	335	347	367	392	456	634	689	1036	1253	1496	1103	719	518	405	251	116	10939
12/2/2010	Thu	71	32	40	34	32	73	208	336	363	375	392	449	513	556	700	957	1346	1419	1180	737	583	433	240	133	11202
12/3/2010	Fri	63	33	16	28	44	70	236	335	432	455	492	484	570	627	796	1071	1394	1383	1039	650	513	472	446	244	11893
12/4/2010	Sat	147	59	49	28	64	89	134	295	618	786	799	701	741	685	695	757	835	826	596	473	434	414	305	207	10737
12/5/2010	Sun	114	57	37	39	27	55	91	162	403	601	558	571	586	569	678	630	641	567	448	388	300	211	115	58	7906
12/6/2010	Mon	48	27	25	19	32	65	234	290	369	406	368	428	492	523	647	955	1335	1619	1064	602	390	356	186	85	10565
12/7/2010	Tue	69	44	33	13	32	75	224	315	356	365	333	385	434	474	597	969	1310	1471	1195	708	542	395	195	107	10641
12/8/2010	Wed	67	35	16	24	37	84	235	328	393	381	404	417	515	609	729	923	1347	1485	1177	688	528	400	207	123	11152
12/9/2010	Thu	61	35	37	20	27	83	206	311	410	397	345	420	462	587	790	1033	1379	1453	1139	639	524	445	265	138	11206
12/10/2010	Fri	87	44	39	17	42	75	215	328	379	455	447	506	573	658	817	1180	1364	1478	1064	727	630	539	381	212	12257
12/11/2010	Sat	105	62	41	33	36	61	117	230	411	536	683	634	632	635	700	770	837	723	597	396	406	423	349	218	9635
12/12/2010	Sun	132	79	44	32	29	58	90	183	256	414	426	478	566	592	641	696	707	603	486	389	297	242	134	85	7659
12/13/2010	Mon	62	32	32	28	40	80	209	307	390	385	394	429	482	546	761	1038	1334	1553	1069	572	462	342	200	117	10864
12/14/2010	Tue	72	46	27	26	36	86	232	326	394	420	382	440	474	547	756	1089	1313	1440	1197	669	534	380	236	110	11232
12/15/2010	Wed	76	33	30	19	33	90	239	353	389	425	413	457	517	578	754	1147	1425	1411	1066	613	474	354	230	134	11260
12/16/2010	Thu	69	44	33	27	26	72	181	265	285	325	342	375	419	484	670	1037	1299	1320	1088	660	509	450	319	127	10426
12/17/2010	Fri	101	52	46	33	34	59	176	293	368	403	440	462	575	653	883	1170	1301	1382	991	666	581	519	452	267	11907
12/18/2010	Sat	136	82	54	23	38	87	136	202	322	425	505	578	676	663	776	801	842	737	556	512	465	450	381	227	9674
12/19/2010	Sun	155	73	41	27	37	57	65	166	222	369	442	519	631	696	670	612	660	564	523	413	354	341	206	109	7952
12/20/2010	Mon	65	39	38	26	36	79	161	246	299	387	410	460	520	535	711	997	1350	1563	1073	652	458	408	236	133	10882
12/21/2010	Tue	85	58	39	21	38	80	189	273	319	402	416	429	541	613	728	975	1373	1456	1178	775	531	443	300	176	11438
12/22/2010	Wed	85	59	35	23	47	74	176	290	333	411	417	471	527	662	789	1030	1392	1368	1090	726	555	491	310	192	11553
12/23/2010	Thu	123	54	38	26	28	86	159	242	339	405	510	604	665	779	1000	1147	1217	1109	838	569	498	474	367	198	11475
12/24/2010	Fri	123	61	40	21	48	61	127	190	294	424	563	707	757	833	875	929	842	693	515	468	475	497	386	191	10120
12/25/2010	Sat	94	35	26	12	6	31	56	131	205	308	470	618	685	641	563	507	450	427	451	404	422	325	146	114	7127
12/26/2010	Sun	52	17	15	12	31	78	97	176	243	429	559	656	700	815	675	699	586	638	561	461	351	269	147	113	8380
12/27/2010	Mon	73	46	35	22	47	89	168	239	358	515	611	605	641	709	753	1017	1182	1268	794	527	335	312	255	117	10718
12/28/2010	Tue	84	47	29	18	43	93	167	266	404	455	541	603	637	676	740	928	1240	1405	867	562	419	348	257	125	10954
12/29/2010	Wed	78	44	24	18	37	85	204	296	403	457	500	544	605	721	789	1048	1244	1366	989	623	449	409	255	152	11340
12/30/2010	Thu	87	64	37	24	31	71	138	221	357	415	472	543	663	595	661	690	712	606	350	271	188	164	93	70	7523
12/31/2010	Fri	72	37	44	31	34	53	92	136	191	175	286	389	393	527	567	607	611	518	426	275	193	161	149	109	6076