01/01/10	Fri	603	512	272	173	129	146	215	362	499	825	1209	1528	1635	1789	1791	2032	2046	1790	1589	1238	834	655	479	306	 22657
01/02/10	Sat	189	147	99	92	111	177	395	685	949	1365	1611	2036	2155	2177	2212	2164	2176	2044	1547	1259	1077	1011	784	641	 27103
01/03/10	Sun	333	158	115	107	91	162	270	467	730	1043	1628	1799	2015	1979	1884	1703	1717	1784	1559	1000	723	554	291	177	 22289
01/04/10	Mon	107	84	77	102	222	1032	2345	3062	2330	1554	1461	1550	1633	1658	1894	2490	3252	3207	1959	991	686	489	287	168	 32640
01/05/10	Tue	114	68	79	84	230	966	2481	3132	2362	1648	1493	1617	1713	1625	1978	2582	3171	3311	2007	1011	763	622	329	223	 33609
01/06/10	Wed	117	73	74	85	205	950	2470	3170	2393	1646	1318	1451	1319	1366	1618	2168	2597	2387	1511	827	481	388	211	138	 28963
01/07/10	Thu	93	75	68	91	219	851	2231	2588	1938	1616	1283	1436	1423	1438	1724	2259	2890	3013	1764	889	670	590	376	188	 29713
01/08/10	Fri	100	91	81	80	180	792	2286	3052	2386	1768	1606	1731	1590	1498	1978	2556	2860	2914	2022	1030	872	780	544	375	 33172
01/09/10	Sat	223	141	96	102	115	257	531	791	1283	1459	1705	1949	1922	2123	2202	2316	2413	2432	1934	1404	960	846	659	394	 28257
01/10/10	Sun	279	176	130	85	97	179	340	495	826	1088	1673	1664	2007	2043	2122	2009	2022	1855	1495	1053	796	492	272	147	 23345
01/11/10	Mon	88	83	67	97	237	1004	2513	3169	2568	1694	1462	1492	1478	1568	1798	2431	3157	3231	1888	934	699	490	296	170	 32614
01/12/10	Tue	82	58	80	77	227	969	2585	3175	2449	1757	1531	1599	1496	1543	1912	2533	3113	3230	1974	962	793	615	281	190	 33231
01/13/10	Wed	91	65	67	73	226	977	2510	3140	2524	1809	1520	1585	1547	1575	1891	2612	3183	3260	1924	1036	821	632	337	156	 33561
01/14/10	Thu	98	68	72	95	215	953	2531	3128	2428	1745	1458	1563	1507	1660	1867	2519	3193	3292	1966	1042	823	704	337	204	 33468
01/15/10	Fri	109	85	77	95	191	875	2334	3027	2373	1812	1711	1803	1772	1913	2332	2991	3315	3113	2100	1182	881	809	655	417	 35972
01/16/10	Sat	224	161	147	95	105	213	515	852	1356	1550	1812	2074	2042	1825	1732	2077	2348	2352	1593	1117	907	843	659	528	 27127
01/17/10	Sun	259	171	114	94	80	161	295	438	835	1158	1656	1823	1912	1842	1992	2023	1966	1757	1363	984	919	821	443	224	 23330
01/18/10	Mon	110	81	76	108	208	785	1835	2514	2143	1811	1937	2111	2091	2097	2364	2794	3152	3234	2038	1168	757	559	287	154	 34414
01/19/10	Tue	74	61	68	77	232	1020	2617	3255	2470	1720	1514	1579	1532	1536	1817	2440	3094	3138	1933	973	760	549	296	182	 32937
01/20/10	Wed	89	59	65	88	213	1049	2568	3247	2465	1704	1455	1501	1486	1523	1828	2373	3022	3151	1832	949	819	645	307	183	 32621
01/21/10	Thu	82	65	67	102	211	1006	2470	3257	2396	1670	1505	1607	1542	1590	1939	2425	3106	3112	1911	1043	797	688	356	193	 33140
01/22/10	Fri	94	90	77	120	178	867	2303	3073	2326	1703	1578	1729	1751	1825	2033	2644	2973	2851	1906	1023	785	790	573	333	 33625
01/23/10	Sat	215	147	116	97	103	233	527	905	1256	1468	1678	1890	1935	1949	2034	2178	2229	2197	1571	1150	906	833	595	376	 26588
01/24/10	Sun	277	171	140	84	87	182	297	461	757	1100	1487	1614	2080	1852	1747	1603	1692	1402	1171	824	992	639	322	146	 21127
01/25/10	Mon	72	51	65	101	234	1025	2554	3125	2441	1693	1497	1499	1475	1536	1761	2362	2970	3032	1779	946	654	522	265	163	 31822
01/26/10	Tue	92	56	70	94	213	979	2540	3191	2520	1650	1503	1490	1515	1526	1801	2462	3132	3066	1849	1000	797	649	271	163	 32629
01/27/10	Wed	78	57	61	114	203	971	2551	3155	2476	1728	1471	1568	1507	1543	1867	2389	3134	3224	1833	970	775	576	271	176	 32698
01/28/10	Thu	90	74	72	87	223	942	2498	2903	2287	1593	1354	1471	1500	1508	1690	2383	2993	2874	1965	898	778	575	330	198	 31286
01/29/10	Fri	85	65	77	93	201	897	2362	3104	2397	1719	1633	1726	1786	1859	2251	2952	3376	3225	2069	1112	846	791	568	365	 35559
01/30/10	Sat	204	166	116	91	111	212	510	879	1288	1506	1644	1873	2001	2057	2081	2418	2641	2388	1862	1403	1099	903	677	469	 28599
01/31/10	Sun	287	186	128	88	90	155	310	548	846	1190	1676	1882	2185	2111	2129	2021	2180	1914	1492	1160	927	544	300	174	 24523
02/01/10	Mon	95	64	73	92	241	1069	2625	3230	2363	1672	1498	1484	1469	1573	1788	2382	3125	3009	1820	908	661	473	275	170	 32159
02/02/10	Tue	94	56	72	79	241	1000	2669	3261	2456	1780	1400	1486	1463	1630	1820	2530	3168	3198	1901	969	710	571	333	183	 33070
02/03/10	Wed	76	65	73	87	244	1022	2517	3189	2525	1635	1483	1596	1555	1567	1800	2514	3235	3121	1853	976	905	593	366	181	 33178
02/04/10	Thu	104	55	61	77	227	1013	2545	3194	2462	1681	1499	1610	1538	1614	1934	2494	3017	3113	1870	1036	825	664	351	216	 33200
02/05/10	Fri	75	82	67	94	205	916	2344	3083	2483	1755	1691	1674	1827	1804	2225	2709	2929	2923	1858	1084	792	879	553	364	 34416
02/06/10	Sat	206	167	105	94	110	239	505	868	1297	1559	1697	1842	1999	2038	2019	2220	2352	2188	1807	1082	846	811	570	427	 27048
02/07/10	Sun	238	170	114	86	79	184	281	454	766	947	1313	1370	1576	1644	1828	1975	1230	723	659	655	1357	633	255	116	 18653
02/08/10	Mon	79	67	59	87	261	933	2250	2269	2077	1348	1062	1161	1098	1228	1449	1845	2365	2239	1675	693	511	406	198	127	 25487
02/09/10	Tue	65	65	57	86	226	953	2542	2992	2327	1649	1390	1408	1463	1524	1787	2447	3091	3078	1887	883	809	536	290	146	 31701
02/10/10	Wed	84	71	60	96	228	955	2505	3097	2410	1708	1458	1541	1559	1534	1802	2568	3144	3142	1803	1016	796	670	331	148	 32726
02/11/10	Thu	95	76	70	88	242	966	2593	3135	2449	1741	1575	1591	1672	1648	1853	2613	3263	3115	1913	1103	882	691	370	230	 33974
02/12/10	Fri	121	76	79	102	220	892	2323	2950	2258	1863	1808	1951	1897	2022	2389	2988	3232	2941	2029	1164	891	754	489	385	 35824
02/13/10	Sat	224	184	114	101	111	181	480	813	1273	1606	1749	1936	2088	1942	2116	2171	2177	2012	1523	1113	992	777	674	391	 26748
02/14/10	Sun	243	171	124	86	75	132	252	410	614	849	1180	1348	1635	1612	1784	1763	1780	1619	1284	1009	775	539	344	222	 19850
02/15/10	Mon	112	83	81	112	210	709	1767	2196	1937	1780	1814	2002	2117	2114	2336	2629	3017	3187	2019	1206	844	547	271	170	 33260
02/16/10	Tue	81	89	79	69	242	1034	2723	3169	2485	1759	1519	1528	1534	1548	1929	2575	3230	3283	2003	955	800	595	311	170	 33710
02/17/10	Wed	88	77	75	83	253	1018	2641	3151	2469	1709	1511	1538	1621	1496	1900	2601	3195	3253	1792	980	863	635	303	166	 33418
02/18/10	Thu	79	73	63	86	215	983	2711	3136	2389	1719	1473	1584	1606	1594	2052	2663	2992	2890	1591	875	632	529	274	164	 32373
02/19/10	Fri	83	65	89	106	212	897	2252	2705	2083	1609	1416	1525	1525	1569	1914	2332	2674	2416	1892	1064	760	702	500	291	 30681
02/20/10	Sat	191	139	102	95	101	236	499	830	1147	1402	1504	1629	1669	1750	1746	1842	1923	1926	1524	1179	893	720	582	376	 24005
02/21/10	Sun	229	136	123	111	86	175	337	473	693	958	1340	1522	1769	1697	1548	1506	1552	1408	1113	1055	781	562	231	132	 19537
02/22/10	Mon	60	61	81	113	269	955	2436	2636	2159	1493	1307	1367	1428	1402	1712	2213	2920	2838	1527	893	635	494	232	148	 29379
02/23/10	Tue	92	49	68	89	238	1057	2738	3113	2405	1648	1483	1448	1465	1547	1821	2531	3119	3251	1970	942	914	598	323	155	 33064
02/24/10	Wed	91	64	90	94	225	1059	2643	3160	2454	1700	1432	1498	1598	1588	1819	2612	3187	3275	2034	1049	902	651	297	164	 33686
02/25/10	Thu	98	71	80	83	233	999	2709	3105	2466	1650	1494	1572	1624	1629	2027	2520	2939	2809	1888	973	831	510	274	178	 32762
02/26/10	Fri	96	76	93	104	214	902	2390	2939	2321	1773	1612	1773	1784	1826	2424	2924	3332	3171	2407	1210	882	818	617	307	 35995
02/27/10	Sat	221	133	104	112	110	232	597	1037	1476	1696	1880	2129	2206	2083	2242	2348	2392	2294	1773	1287	1062	871	680	442	 29407
02/28/10	Sun	265	180	130	100	94	167	303	511	801	1153	1666	1739	2165	2106	1915	1876	1984	1668	1239	918	656	578	380	152	 22746
03/01/10	Mon	89	54	90	104	259	1072	2590	3103	2297	1585	1357	1529	1486	1514	1718	2392	3017	2994	1843	928	639	523	254	163	 31600
03/03/10	Wed	75	48	85	93	244	1117	2774	3280	2425	1722	1484	1597	1534	1600	1901	2580	3089	3235	2056	997	900	706	346	169	 34057
03/04/10	Thu	105	52	75	104	244	1046	2845	3281	2512	1739	1523	1679	1642	1597	2054	2804	3170	3187	1930	1131	836	772	402	229	 34959
03/05/10	Fri	90	91	78	123	192	979	2442	3212	2327	1784	1753	1829	1690	1829	2160	2835	3181	2841	2061	1225	925	822	662	381	 35512
03/06/10	Sat	223	127	111	90	114	273	618	1169	1549	1748	1906	2010	2036	2106	2363	2529	2458	2532	1871	1216	1002	821	652	401	 29925
03/07/10	Sun	277	188	151	108	94	164	358	542	887	1288	1784	1939	2130	2031	2139	2234	2077	1826	1490	982	740	479	330	167	 24405
03/08/10	Mon	101	51	84	95	235	1096	2635	3252	2359	1617	1418	1445	1454	1478	1780	2491	2951	2984	1804	915	626	497	268	148	 31784
03/09/10	Tue	93	33	78	89	244	1087	2710	3285	2350	1709	1574	1555	1622	1645	1951	2735	3129	3109	1934	994	759	581	291	172	 33729
03/10/10	Wed	77	51	58	109	226	1088	2804	3250	2443	1700	1537	1585	1550	1584	1876	2724	3064	2957	1864	930	794	561	288	152	 33272
03/11/10	Thu	89	80	58	94	208	1040	2686	3196	2377	1683	1496	1596	1582	1622	1887	2579	3202	3200	2034	1089	912	704	380	244	 34038
03/12/10	Fri	95	84	81	98	217	1014	2597	3149	2408	1855	1774	1861	1898	1980	2453	3204	3279	3134	2430	1326	932	777	602	356	 37604
03/13/10	Sat	207	158	115	114	117	259	634	1070	1587	1858	1955	2083	2091	2120	2249	2468	2505	2362	1646	1197	991	879	603	456	 29724
03/15/10	Mon	97	65	81	118	228	1020	2470	3004	2379	1665	1374	1476	1563	1555	1795	2576	3044	3144	1930	1033	737	587	312	183	 32436
03/16/10	Tue	106	77	58	94	261	1056	2579	3254	2252	1812	1518	1552	1684	1658	2040	2760	3311	3296	2185	1309	956	716	364	202	 35100
03/17/10	Wed	90	81	76	101	227	1029	2633	3213	2639	1837	1741	1730	1771	1791	2052	2881	3308	3289	2205	1339	916	721	393	226	 36289
03/18/10	Thu	95	73	80	96	244	1011	2689	3168	2550	1967	1696	1939	1744	1895	2233	2984	3383	3250	2404	1278	1020	767	427	241	 37234
03/19/10	Fri	112	97	94	115	241	846	1944	2221	1694	1271	1272	1223	1223	1201	1505	1796	1194	866	1103	562	382	367	268	151	 21748
03/20/10	Sat	97	102	77	95	100	197	455	652	1015	1312	1632	1781	1872	1985	2001	2084	2070	2024	1595	1169	986	873	652	481	 25307
03/21/10	Sun	306	199	153	113	108	190	323	533	836	1170	1670	1741	1964	2022	2174	2115	2073	1931	1412	1119	858	569	362	180	 24121
03/22/10	Mon	113	66	84	117	225	1041	2501	3129	2422	1765	1547	1594	1717	1802	1988	2650	3199	3082	1904	1150	820	640	294	202	 34052
03/23/10	Tue	111	79	81	110	242	1048	2567	3114	2511	1851	1664	1696	1672	1858	2060	2670	2905	2337	1142	551	380	203	146	78	 31076
03/24/10	Wed	58	39	61	83	152	536	1019	976	981	983	882	1057	1075	1127	1180	1637	1886	1942	1330	812	686	502	291	160	 19455
03/25/10	Thu	77	67	78	89	238	1023	2367	3179	2462	1748	1617	1729	1754	1786	2038	2823	3294	3207	2430	1222	1035	697	422	183	 35565
03/26/10	Fri	95	104	92	110	272	935	2365	3041	2372	1881	1869	1878	2003	2120	2473	2944	3099	2770	1665	1003	749	661	443	293	 35237
03/27/10	Sat	154	134	98	100	107	243	495	882	1212	1432	1715	1973	1904	1959	2063	2163	2159	1946	1575	1230	917	825	642	500	 26428
03/28/10	Sun	319	194	137	111	112	208	364	515	903	1227	1748	1937	2145	2183	2360	2140	2199	2033	1704	1079	948	612	287	163	 25628
03/29/10	Mon	104	72	92	119	233	1097	2409	2901	2272	1729	1668	1689	1681	1725	1984	2477	3131	3095	1846	979	747	523	301	160	 33034
03/30/10	Tue	92	67	70	105	239	1089	2543	3071	2368	1772	1679	1790	1746	1739	2089	2695	3241	3041	1942	1206	803	648	368	205	 34608
03/31/10	Wed	111	75	75	95	242	1036	2557	3085	2414	1825	1702	1783	1699	1822	2128	2678	3260	3045	1933	1222	850	610	337	194	 34778
04/01/10	Thu	127	88	80	93	227	1008	2528	2973	2367	1773	1759	1838	1788	1761	2078	2609	3227	2957	1938	1124	846	663	377	199	 34428
04/02/10	Fri	101	92	89	120	219	798	2142	2555	2261	1819	1929	2018	2021	2037	2335	2718	2997	2619	1966	1217	969	726	542	308	 34598
04/03/10	Sat	226	144	115	98	118	218	474	908	1467	1743	2063	2035	2063	2128	1996	2090	2007	1856	1475	1171	927	776	586	360	 27044
04/04/10	Sun	249	168	115	92	64	127	271	758	1132	1332	1709	1911	2345	2100	2102	2107	2149	2031	1920	1622	1100	555	290	153	 26402
04/05/10	Mon	92	72	79	110	266	1058	2715	3179	2437	1763	1627	1671	1742	1692	1958	2535	3199	3026	1861	1038	773	565	247	159	 33864
04/06/10	Tue	91	61	74	119	266	1124	2774	3382	2516	1698	1562	1554	1595	1606	1851	2623	3196	3134	1816	1057	750	522	295	165	 33831
04/07/10	Wed	101	76	70	99	244	1038	2480	2994	2321	1556	1385	1322	1432	1456	1848	2471	2984	3079	1942	1086	842	591	321	161	 31899
04/08/10	Thu	95	81	58	104	248	1100	2759	3278	2621	1776	1644	1740	1686	1795	2086	2896	3333	3284	2189	1385	919	703	381	182	 36343
04/09/10	Fri	131	96	94	111	260	1002	2488	3187	2549	1855	1836	1884	1865	1981	2354	3018	3292	3032	2010	1340	1009	794	615	359	 37162
04/10/10	Sat	197	159	116	111	137	313	693	1268	1661	1868	1865	1872	2035	2039	1943	2252	2296	2151	1556	1190	1007	826	690	380	 28625
04/11/10	Sun	266	167	129	109	94	223	404	663	924	1355	1795	1821	2018	1970	1955	2140	2035	1853	1645	1106	825	506	302	150	 24455
04/12/10	Mon	83	65	75	119	267	1127	2718	3329	2509	1678	1589	1525	1625	1665	1929	2578	3098	3029	1789	1005	717	519	261	167	 33466
04/13/10	Tue	96	58	66	90	259	1144	2899	3261	2578	1723	1552	1573	1562	1622	2015	2556	3172	3137	1836	1093	787	610	325	161	 34175
04/14/10	Wed	103	67	70	97	267	1127	2759	3344	2508	1790	1557	1686	1645	1675	1901	2672	3221	3168	1952	1248	956	635	333	173	 34954
04/15/10	Thu	102	86	75	85	265	1067	2794	3239	2555	1825	1648	1737	1822	1846	2133	2735	3145	3132	2052	1317	965	715	402	226	 35968
04/16/10	Fri	94	98	81	121	257	993	2568	3197	2491	1869	1740	1833	1941	1901	2204	2654	3010	2628	1904	1250	895	768	546	366	 35409
04/17/10	Sat	227	174	142	100	127	298	661	1199	1594	1828	1911	2014	2069	2031	1944	1966	1993	1926	1595	1086	931	817	594	432	 27659
04/18/10	Sun	257	147	116	116	100	233	391	616	985	1244	1694	1802	2049	2147	2141	2267	2131	1916	1580	1230	906	552	372	203	 25195
04/19/10	Mon	106	67	68	105	283	1054	2634	3362	2541	1792	1597	1626	1700	1739	1971	2628	3117	2996	1847	1101	756	537	263	170	 34060
04/20/10	Tue	85	70	71	92	252	1155	2932	3309	2527	1665	1629	1636	1632	1723	1973	2729	3024	2565	1387	1369	856	542	333	181	 33737
04/21/10	Wed	100	76	74	101	252	1128	2729	3255	2373	1724	1633	1677	1591	1747	1947	2769	3192	3140	1842	1094	863	569	292	143	 34311
04/22/10	Thu	104	81	72	105	267	1122	2836	3292	2532	1734	1556	1626	1770	1832	2036	2521	3002	2996	1762	991	830	637	323	214	 34241
04/23/10	Fri	93	79	69	116	229	1002	2470	3053	2234	1664	1547	1358	1536	1564	1837	2199	2508	2047	1439	877	698	581	507	318	 30025
04/24/10	Sat	164	125	90	81	116	255	541	866	1173	1507	1637	1836	1918	1914	1990	2025	2094	2050	1567	1176	1001	868	702	503	 26199
04/25/10	Sun	339	175	145	92	103	214	412	622	999	1233	1648	1888	1941	1950	1857	1949	1802	1712	1319	943	629	448	257	156	 22833
04/26/10	Mon	82	65	77	99	257	1108	2592	3260	2387	1700	1623	1497	1640	1636	1970	2571	3020	2993	1760	1000	772	523	259	139	 33030
04/27/10	Tue	93	71	68	94	264	1196	2839	3349	2612	1707	1608	1628	1634	1712	2066	2725	3279	3240	2009	1131	869	589	326	183	 35292
04/28/10	Wed	93	75	75	88	281	1156	2843	3316	2507	1818	1661	1643	1652	1783	2017	2731	3319	3162	2020	1323	1004	629	311	160	 35667
04/29/10	Thu	115	67	72	100	249	1160	2730	3238	2611	1681	1531	1571	1603	1580	2121	2557	3174	2847	1846	1033	910	616	349	209	 33970
04/30/10	Fri	106	99	76	96	245	1094	2622	3154	2388	1921	1354	1347	1776	1856	2256	2783	2908	2686	1928	1275	1125	958	640	424	 35117
05/01/10	Sat	222	139	136	120	151	320	711	1349	1568	1906	2134	2225	2295	2290	2375	2385	2175	2087	1639	1229	1067	927	774	504	 30728
05/02/10	Sun	307	173	142	135	100	242	400	679	972	1255	1720	1863	2032	2029	1864	1878	1750	1493	1227	882	758	450	294	161	 22806
05/03/10	Mon	110	89	66	108	277	1213	2685	3227	2392	1700	1598	1598	1588	1692	1991	2538	3273	3085	1786	1120	872	500	307	141	 33956
05/04/10	Tue	103	78	58	100	286	1209	2863	3242	2565	1818	1657	1558	1634	1662	1945	2571	3319	3162	1924	1262	972	613	322	168	 35091
05/05/10	Wed	90	67	71	99	312	1183	2812	3286	2653	1806	1614	1711	1762	1749	2027	2711	3299	3183	1899	1259	982	717	304	161	 35757
05/06/10	Thu	84	77	79	107	270	1167	2871	3341	2654	1800	1709	1845	1818	1770	2132	2727	3259	3202	1948	1225	970	689	434	188	 36366
05/07/10	Fri	118	64	80	114	232	1050	2624	3225	2559	1900	1749	1936	2088	2049	2528	3141	3242	3058	2060	1323	1051	919	677	367	 38154
05/08/10	Sat	230	148	106	98	133	325	737	1263	1824	1833	2133	2165	2138	2227	2397	2287	2252	2097	1583	1368	1152	964	705	419	 30584
05/09/10	Sun	219	137	118	78	93	173	343	575	1079	1400	1910	1955	2119	2214	2182	2299	2291	1924	1711	1364	1042	608	312	149	 26295
05/10/10	Mon	108	73	86	130	285	1216	2797	3372	2456	1728	1539	1598	1624	1658	2101	2492	3126	3126	1831	1146	868	553	339	163	 34415
05/11/10	Tue	101	95	80	127	283	1197	2882	3288	2516	1843	1620	1611	1672	1712	1982	2552	3232	2968	1832	924	679	597	250	122	 34165
05/12/10	Wed	67	59	64	96	286	1096	2657	3024	2264	1518	1382	1445	1506	1498	1772	2362	3047	2939	1643	966	745	517	272	157	 31382
05/13/10	Thu	87	78	63	105	247	1108	2786	3201	2440	1716	1664	1679	1618	1749	2043	2684	3172	3121	1814	1126	865	778	393	228	 34765
05/14/10	Fri	116	68	68	108	288	1018	2641	3007	2536	1960	1915	1886	1970	2121	2345	2702	2852	2646	2017	1188	1041	836	587	335	 36251
05/15/10	Sat	203	157	111	117	136	316	692	1180	1726	1885	1987	2186	2289	2148	2152	2176	2070	1968	1488	1250	1120	1075	846	507	 29785
05/16/10	Sun	301	206	137	110	117	218	389	700	1145	1481	1890	2034	2118	2149	2165	2177	2259	1952	1627	1304	941	590	323	180	 26513
05/17/10	Mon	106	76	71	117	296	1215	2834	3261	2590	1798	1585	1616	1768	1707	2106	2723	3258	2971	1862	1176	889	631	301	178	 35135
05/18/10	Tue	116	77	84	110	310	1216	2794	3313	2555	1804	1618	1612	1778	1721	1963	2705	3283	3207	1972	1088	908	626	366	193	 35419
05/19/10	Wed	123	76	73	95	296	1256	2802	3452	2551	1791	1738	1749	1758	1771	2096	2747	3335	3171	1977	1252	1070	684	340	213	 36416
05/20/10	Thu	126	84	67	124	270	1207	2825	3299	2523	1878	1721	1830	1922	1925	2289	2874	3287	2998	2639	1450	1312	1400	519	280	 38849
05/21/10	Fri	167	118	93	117	305	1075	2597	3238	2540	1979	1812	2030	2112	2199	2706	3247	3208	3072	2141	1423	1268	1504	1010	445	 40406
05/22/10	Sat	258	166	110	95	142	339	707	1164	1586	1786	1883	2027	1870	1842	1909	1854	1773	1868	1641	1233	1157	908	692	461	 27471
05/23/10	Sun	242	159	119	108	124	202	418	690	1048	1389	1747	1916	2124	2097	2183	2232	2078	1871	1567	1272	1099	640	363	221	 25909
05/24/10	Mon	112	96	83	127	323	1263	2789	3351	2601	1746	1704	1685	1775	1765	1901	2562	3171	2980	1769	1107	915	675	319	219	 35038
05/25/10	Tue	120	83	67	126	313	1240	2900	3362	2678	1917	1801	1775	1753	1834	1998	2782	3317	3164	1998	1187	941	696	426	223	 36701
05/26/10	Wed	124	104	75	115	315	1217	2763	3454	2619	1977	1746	1857	1831	1845	2096	2716	3230	3236	2056	1311	1061	831	412	225	 37216
05/27/10	Thu	126	81	79	116	302	1212	2787	3349	2432	1903	1920	1909	1880	2008	2263	2846	3385	3098	2027	1371	1175	897	561	274	 38001
05/28/10	Fri	173	112	86	118	270	978	2385	3102	2586	2018	2010	2109	2122	2179	2416	2920	2829	2517	1816	1288	1064	938	648	388	 37072
05/29/10	Sat	226	169	124	100	138	338	725	1175	1527	1805	1872	1970	1886	1903	2137	2230	2138	1999	1735	1301	1130	892	635	415	 28570
05/30/10	Sun	244	165	155	116	116	210	398	609	1054	1312	1791	1914	2037	2014	2122	2249	2137	1981	1745	1540	1312	999	753	1003	 27976
05/31/10	Mon	242	154	115	98	136	237	430	628	889	1392	1756	2144	2280	2306	2417	2262	2245	1997	1736	1568	1218	834	398	197	 27679
06/01/10	Tue	116	95	68	119	310	1298	2801	3147	2543	1947	1751	1799	1859	1967	2138	2750	3335	3192	1939	1194	1020	637	404	580	 37009
06/02/10	Wed	383	86	78	141	308	1229	2808	3232	2485	1911	1739	1764	1712	1916	2125	2635	3244	3121	2099	1333	1111	807	694	284	 37245
06/03/10	Thu	129	104	87	116	302	1225	2807	3269	2691	1989	1823	1884	1857	1957	2181	2702	3285	3340	2035	1340	1154	884	545	731	 38437
06/04/10	Fri	345	121	83	123	276	1158	2693	3293	2529	1944	2032	2054	2115	2298	2610	2978	3347	3073	2145	1456	1241	1050	699	512	 40175
06/05/10	Sat	482	239	120	112	181	435	751	1215	1676	1711	1865	2006	2234	2019	1996	2173	2252	2056	1670	1342	1358	1214	841	716	 30664
06/06/10	Sun	414	196	141	122	273	400	592	677	1119	1384	1823	1898	2042	2084	2144	2305	2180	1943	1689	1253	1115	834	405	247	 27280
06/07/10	Mon	148	79	75	140	317	1288	2852	3284	2510	1788	1751	1771	1875	1784	2022	2592	3306	3174	1886	1225	949	711	390	208	 36125
06/08/10	Tue	150	90	78	125	292	1230	2791	3202	2606	1879	1811	1743	1823	1887	2058	2641	3342	3154	2177	1141	960	802	575	387	 36944
06/09/10	Wed	120	87	76	119	313	1303	2839	3306	2623	1913	1849	1794	1812	1858	2171	2777	3266	3276	2122	1320	1177	872	520	831	 38344
06/10/10	Thu	169	90	86	129	293	1224	2837	3237	2552	1964	1831	1922	1971	1995	2247	2888	3419	3186	2246	1333	1129	820	651	790	 39009
06/11/10	Fri	142	103	93	136	299	1137	2558	3038	2453	2033	2020	2158	2157	2207	2576	2843	3094	2772	1946	1271	1059	909	730	543	 38277
06/12/10	Sat	266	166	123	102	135	323	694	1025	1432	1669	1795	1904	1965	1834	1964	1920	1891	1842	1435	1190	960	889	691	425	 26640
06/13/10	Sun	256	160	131	88	130	231	381	530	853	1258	1704	1771	2017	1882	1880	2000	1849	1653	1237	1021	808	589	362	220	 23011
06/14/10	Mon	113	72	71	129	298	1245	2754	3187	2463	1838	1742	1347	1535	1815	1907	2564	3268	3264	1994	1149	972	728	378	222	 35055
06/15/10	Tue	124	86	79	120	303	1306	2878	3233	2569	1907	1811	1806	1920	1863	2156	2854	3439	3312	2171	1402	1143	877	657	388	 38404
06/16/10	Wed	135	99	98	108	326	1298	2865	3233	2525	1939	1894	1926	1918	2074	2146	2797	3392	3239	2167	1425	1293	887	492	255	 38531
06/17/10	Thu	129	88	92	107	279	1227	2767	3212	2566	2030	1585	1907	1992	1967	2222	2849	2847	3334	2222	1454	1244	966	628	293	 38007
06/18/10	Fri	122	123	81	113	301	1153	2572	3069	2392	1963	2079	2136	2176	2330	2724	2989	3300	3081	2155	1397	1199	1026	756	464	 39701
06/19/10	Sat	252	158	124	108	156	376	772	1140	1618	1851	1978	2019	1995	1969	2196	2350	2543	2191	1780	1425	1324	1165	1157	491	 31138
06/20/10	Sun	300	181	134	118	119	220	416	655	1017	1456	1846	2127	2295	2319	2279	2521	2551	2219	1923	1596	1463	945	449	251	 29400
06/21/10	Mon	122	84	93	117	317	1251	2708	3142	2565	1918	1725	1798	1908	1913	2124	2665	3252	3279	1955	1345	1071	778	444	262	 36836
06/22/10	Tue	122	81	92	119	288	1308	2853	3248	2536	2009	1857	1876	1929	1879	2201	2786	3212	3298	1993	1328	1175	834	522	354	 37900
06/23/10	Wed	148	104	95	122	321	1305	2777	3185	2573	1961	1841	1815	1956	1997	2237	2745	3358	3298	2182	1366	1236	948	478	259	 38307
06/24/10	Thu	152	121	93	120	304	1274	2809	3330	2600	1984	1936	1925	1980	2086	2334	2895	3363	3232	2096	1456	1320	1012	531	297	 39250
06/25/10	Fri	176	117	92	120	281	1146	2534	3080	2549	1961	2012	2120	2136	2199	2568	2944	3126	2777	2141	1446	1229	1009	657	550	 38970
06/26/10	Sat	301	177	120	117	160	405	687	1159	1558	1849	2031	2111	2206	2013	2050	2187	2244	2354	1912	1250	1250	1075	823	612	 30651
06/27/10	Sun	334	201	116	111	141	253	441	743	1107	1517	2011	2071	2210	2277	1764	1467	1413	1262	1431	1408	1164	916	424	230	 25012
06/28/10	Mon	138	83	76	112	327	1284	2790	3335	2525	1883	1846	1908	1934	1966	2190	2713	3339	3196	2013	1280	1090	783	447	646	 37904
06/29/10	Tue	274	123	91	144	313	1262	2884	3410	2559	1884	1905	1861	1961	1957	2228	2827	3444	3346	2166	1344	1160	899	569	752	 39363
06/30/10	Wed	222	119	113	119	292	1286	2844	3320	2564	2043	1916	2018	1974	1909	2301	2749	3342	3328	2318	1497	1335	1012	685	510	 39816
07/01/10	Thu	135	144	87	120	303	1237	2858	3124	2576	2008	1857	2028	2043	2041	2299	2938	3361	3170	2070	1293	1205	969	554	275	 38695
07/02/10	Fri	174	123	111	108	268	1049	2391	2936	2375	2003	1976	2183	2182	2503	2629	2952	2883	2377	1775	1281	1070	922	639	387	 37297
07/03/10	Sat	248	162	110	114	138	330	574	975	1328	1667	1816	1886	1860	1820	1911	2127	2073	1861	1589	1373	1147	1016	1233	1039	 28397
07/04/10	Sun	398	201	131	100	87	170	328	608	863	1193	1477	1642	1812	1771	1942	2080	2108	1711	1415	1187	1325	1071	1160	748	 25528
07/05/10	Mon	256	174	103	99	127	328	603	894	1282	1652	2065	2337	2341	2325	2429	2489	2441	2233	2058	1745	1847	1311	675	293	 32107
07/06/10	Tue	159	100	82	109	327	1252	2667	3196	2534	1989	1871	1940	1969	2018	2213	2774	3271	3236	1984	1237	1069	734	504	246	 37481
07/07/10	Wed	147	79	79	133	303	1217	2733	3232	2532	1980	1898	1909	1815	1839	2219	2692	3275	3007	2109	1158	948	711	406	233	 36654
07/08/10	Thu	116	105	75	127	292	1190	2825	3238	2604	2000	1806	1884	2000	2022	2257	2794	3149	3133	1971	1301	1112	900	496	343	 37740
07/09/10	Fri	149	108	97	116	294	1168	2595	3047	2576	1993	2074	2075	2147	2227	2448	2887	3064	2888	2175	1373	1180	1080	997	443	 39201
07/10/10	Sat	236	164	115	130	167	368	722	1202	1632	1912	2073	2116	2057	2239	2436	2337	2283	2039	1845	1456	1368	1198	895	665	 31655
07/11/10	Sun	743	228	126	102	125	234	470	701	1090	1523	1932	2148	2219	2394	2488	2724	2327	1955	1984	1446	1132	783	421	248	 29543
07/12/10	Mon	131	87	77	136	315	1282	2758	3357	2484	1947	1809	1848	1925	1910	2126	2726	3361	3155	1979	1312	1056	791	570	594	 37736
07/13/10	Tue	132	91	90	126	318	1316	2888	3263	2570	1937	1822	1916	1947	1955	2203	2838	3415	3133	2241	1320	1086	835	548	452	 38442
07/14/10	Wed	116	103	78	116	299	1258	2864	3287	2532	2041	1847	1851	1869	1914	2170	2923	3255	3270	2372	1465	1260	842	463	293	 38488
07/15/10	Thu	125	112	90	119	315	1218	2932	3227	2633	1978	1904	1949	2052	2098	2362	3004	3393	3196	2182	1434	1362	1049	786	720	 40240
07/16/10	Fri	179	125	88	126	312	1106	2737	3131	2554	2144	2066	2170	2089	2320	2640	3115	3193	3028	2119	1431	1218	1173	745	494	 40303
07/17/10	Sat	287	367	275	151	203	402	770	1185	1674	1947	1991	2055	1996	1977	2240	2361	2347	2149	1751	1521	1420	1222	867	595	 31753
07/18/10	Sun	374	334	206	107	125	242	461	626	1119	1572	2026	2162	2400	2355	2307	2408	2361	2113	1878	1713	1468	1030	531	276	 30194
07/19/10	Mon	144	109	66	131	342	1227	2799	3295	2455	1941	1780	1855	1850	1857	2176	2718	3483	3139	2058	1186	1078	766	625	345	 37425
07/20/10	Tue	117	93	81	130	327	1278	2943	3251	2513	1941	1889	1799	1800	1890	2313	2857	3105	3165	2299	1293	965	780	531	630	 37990
07/21/10	Wed	177	110	83	137	315	1294	2836	3316	2503	1934	1899	1828	1899	1958	2274	2833	3301	3320	2048	1355	1168	849	533	739	 38709
07/22/10	Thu	171	123	85	159	328	1214	2791	3160	2641	1959	1948	1990	2000	2148	2306	2884	3323	3113	2074	1405	1268	1002	553	331	 38976
07/23/10	Fri	172	122	99	131	276	1130	2597	3068	2423	2089	2035	2168	2169	2182	2440	2787	2987	2768	2098	1507	1440	1437	1085	599	 39809
07/24/10	Sat	351	190	105	118	165	374	686	1196	1442	1263	1915	2156	2192	2123	2397	2490	2673	2529	2365	1633	862	729	700	594	 31248
07/25/10	Sun	406	201	163	102	117	246	433	674	1122	1491	1892	2169	2286	2352	2488	2670	2962	2282	1994	1694	1512	939	535	341	 31071
07/26/10	Mon	280	104	83	138	330	1270	2837	3370	2629	1942	1823	2007	1930	2027	2235	2816	3434	3164	2077	1225	1061	814	457	262	 38315
07/27/10	Tue	120	98	92	123	355	1263	2804	3340	2500	2036	1842	1925	1948	2024	2412	2802	3335	3280	2068	1350	1058	804	637	292	 38508
07/28/10	Wed	141	98	85	128	332	1235	2869	3077	2655	2056	1889	1941	1920	1907	2246	2844	3290	3355	2109	1357	1137	847	456	317	 38291
07/29/10	Thu	178	131	91	119	338	1227	2857	3290	2593	2008	1984	2003	1950	1980	2474	2918	3413	3029	2152	1388	1283	1117	933	320	 39776
07/30/10	Fri	164	124	99	125	331	1116	2543	3103	2507	2122	2031	2272	2245	2390	2887	3136	3322	2871	2165	1364	1147	1069	789	612	 40534
07/31/10	Sat	275	170	134	128	169	344	735	1153	1668	2029	2244	2228	2253	2290	2442	2448	2505	2337	1843	1467	1274	1122	787	802	 32847
08/01/10	Sun	384	218	153	105	159	312	478	694	1108	1597	2050	2343	2387	2370	2410	2551	2589	2037	1870	1567	1317	857	460	271	 30287
08/02/10	Mon	138	96	94	122	356	1270	2861	3383	2449	1933	1818	1819	2051	1985	1936	2309	2399	2175	1912	1265	864	642	378	218	 34473
08/03/10	Tue	99	87	79	105	370	1322	2831	3411	2585	2002	1892	1852	1823	2044	2241	2868	3317	3224	2060	1218	1080	785	676	271	 38242
08/04/10	Wed	162	97	78	124	346	1231	2940	3301	2675	1999	1928	1931	1847	1957	2158	2941	3344	3287	2145	1251	1154	792	427	222	 38337
08/05/10	Thu	150	95	73	134	335	1280	2977	3441	2450	1877	1839	1880	2116	2108	2450	2926	3456	3194	2121	1414	1100	869	534	599	 39418
08/06/10	Fri	157	141	83	141	308	1192	2588	3176	2483	2087	2076	2004	2166	2251	2497	2927	3114	2877	1861	1301	1077	947	655	422	 38531
08/07/10	Sat	233	161	128	134	176	367	725	1157	1521	1814	1889	1959	1975	1989	2248	2295	2349	2158	1736	1513	1446	1287	875	556	 30691
08/08/10	Sun	344	348	154	110	120	267	459	616	1016	1462	1938	2238	2424	2283	2513	2453	2504	2204	1742	1502	1248	782	426	269	 29422
08/09/10	Mon	118	79	60	122	340	1327	2818	3331	2154	1670	1792	1864	1979	1890	2190	2692	3273	3085	2031	1109	840	610	376	213	 35963
08/10/10	Tue	118	89	66	130	360	1347	2850	3327	2526	2001	1788	1816	1851	1790	1945	2764	3398	3202	1553	799	697	547	345	421	 35730
08/11/10	Wed	145	92	78	107	263	748	1347	1869	1377	1612	1821	1862	1897	1973	2297	2797	3453	3415	2221	1454	1128	898	496	365	 33715
08/12/10	Thu	160	94	99	118	258	710	1274	3021	2278	1624	1842	1886	1993	1995	2327	2832	3367	3195	2136	1362	1177	933	607	362	 35650
08/13/10	Fri	432	152	95	130	334	1127	2420	3133	2328	1958	2002	2195	1809	2139	2907	3089	3161	3155	2013	1393	1156	1003	703	405	 39239
08/14/10	Sat	248	148	127	122	167	432	798	1201	1572	1824	2074	2280	2147	2240	2488	2657	2456	2267	1808	1194	891	779	674	393	 30987
08/15/10	Sun	231	169	107	90	124	224	385	622	786	1503	2065	2255	2453	2387	2442	2423	2362	2041	1535	903	867	562	312	179	 27027
08/16/10	Mon	113	84	71	122	292	724	1287	2699	2423	1829	1676	1896	1874	1906	2162	2651	3147	3098	1970	1177	924	681	446	837	 34089
08/17/10	Tue	255	96	86	117	358	1353	3071	3391	2479	1831	1784	1775	1893	1909	2260	2858	3426	3298	2001	854	660	539	310	199	 36803
08/18/10	Wed	100	70	55	103	264	731	1306	1535	1189	1596	1828	1871	1805	1961	2294	2730	3406	3274	2052	783	703	503	344	590	 31093
08/19/10	Thu	187	88	72	120	243	727	1277	1493	1157	1229	1722	1766	1957	2048	2289	2850	2061	1505	1136	846	666	528	547	236	 26750
08/20/10	Fri	117	90	82	111	241	683	1232	2125	1158	1837	1965	2007	2032	2189	2573	2878	3042	2809	2099	1521	1199	969	734	610	 34303
08/21/10	Sat	379	175	125	114	170	376	611	796	1121	1720	2103	2258	2181	2365	2495	2713	2060	2002	1225	859	811	757	788	385	 28589
08/22/10	Sun	234	170	105	96	98	210	316	516	839	1560	2029	2277	2486	2401	2654	2756	2477	2379	1997	1703	1407	918	352	194	 30174
08/23/10	Mon	106	100	70	129	328	1292	2853	3247	2281	1414	1744	1778	1712	1826	2241	2709	3225	3092	1447	671	514	319	192	115	 33405
08/24/10	Tue	74	58	33	108	248	759	1360	1474	1259	1926	1705	1681	1633	1722	2066	2690	3360	3181	1846	796	628	473	369	376	 29825
08/25/10	Wed	109	81	66	117	260	737	1354	1552	1330	1741	1695	1811	1783	1728	2298	2751	3348	3131	1988	936	706	474	271	348	 30615
08/26/10	Thu	147	100	64	106	266	729	1380	2618	1178	1568	1828	1836	1810	1835	2350	2906	3283	3199	1869	818	727	515	305	186	 31623
08/27/10	Fri	103	97	78	117	260	697	1288	1450	1163	1760	1993	2023	2053	2181	2524	3185	3294	2774	2077	1394	1111	945	659	436	 33662
08/28/10	Sat	273	263	99	103	171	379	782	1310	1637	2087	2102	2295	2300	2370	2452	2648	2576	2451	1803	1524	1285	1048	909	563	 33430
08/29/10	Sun	266	168	124	102	121	270	397	732	1164	1573	1916	2177	2464	2365	2514	2711	2569	1716	952	1050	895	532	287	160	 27225
08/30/10	Mon	88	56	62	113	277	741	1318	1522	1214	1771	1709	1653	1854	1715	2174	2626	3217	3007	1782	1100	849	575	461	469	 30353
08/31/10	Tue	137	90	62	127	368	1359	2934	3157	2594	1733	1725	1732	1700	1737	2211	2769	3330	2393	1148	757	611	497	470	286	 33927
09/01/10	Wed	98	68	69	115	285	777	1320	1596	1413	1790	1727	1716	1769	1839	2281	2835	3380	3088	1994	1345	1052	530	672	632	 32391
09/02/10	Thu	116	94	55	107	262	775	1372	1514	1328	1799	1709	1787	1829	1856	2389	2984	3059	3165	1655	800	656	530	281	165	 30287
09/03/10	Fri	112	73	70	107	237	627	1217	1372	1212	1828	1913	2034	2101	2166	2592	3047	2799	2451	1900	849	674	588	471	383	 30823
09/04/10	Sat	192	137	116	99	144	240	428	725	1037	1928	2147	2160	2017	1917	1901	2149	2195	2008	1533	1309	1198	1046	632	460	 27718
09/05/10	Sun	243	171	112	100	119	206	365	621	1035	1375	1727	1859	2091	2152	2258	2348	2254	2139	1831	1731	1421	915	703	578	 28354
09/06/10	Mon	203	158	93	95	149	244	403	663	1037	1698	2176	2294	2441	2451	2542	2480	2415	2122	1801	1557	1088	699	381	180	 29370
09/07/10	Tue	97	85	61	144	363	1394	2958	3383	2522	1857	1737	1771	1752	1838	2083	2770	3287	3135	1823	1192	855	567	309	163	 36146
09/08/10	Wed	94	70	71	150	372	1370	3072	2388	1454	1859	1615	1627	1677	1767	2095	2731	3265	3038	1980	1104	916	611	289	194	 33809
09/09/10	Thu	106	82	72	138	334	1318	3020	3071	2586	1764	1766	1735	1797	1739	2265	2787	3351	3167	1970	1320	1022	746	400	211	 36767
09/10/10	Fri	97	99	71	130	347	1292	2955	3217	2433	1900	1939	2084	1924	2011	2744	3122	3291	3009	2183	1474	966	905	596	378	 39167
09/11/10	Sat	278	248	108	119	154	309	792	1254	1812	2138	2320	2310	2441	2353	2302	2467	2444	2210	1793	1485	1179	935	694	407	 32552
09/12/10	Sun	248	262	135	102	114	293	487	695	1144	1527	1923	1903	1987	2204	2298	2247	2165	1936	1647	1315	902	648	710	188	 27080
09/13/10	Mon	87	67	67	110	369	1365	3079	3378	2365	1669	1654	1625	1739	1769	2160	2653	3312	2975	1675	1145	767	516	458	579	 35583
09/14/10	Tue	104	81	91	110	371	1407	3139	3121	2247	1769	1644	1697	1733	1751	2309	2841	3375	3198	1863	1118	848	617	345	146	 35925
09/15/10	Wed	91	58	65	123	348	1407	3024	3281	2485	1766	1755	1784	1727	1720	2226	2745	3369	3091	2007	1197	978	671	342	156	 36416
09/16/10	Thu	102	84	56	132	358	1364	3109	3242	2523	1852	1663	1852	1813	1843	2390	2918	3272	3175	2038	1279	1103	729	444	202	 37543
09/17/10	Fri	104	78	84	135	340	1249	2819	3230	2180	1934	1899	2000	2021	2142	2744	3026	3157	2809	2035	1367	1106	890	628	432	 38409
09/18/10	Sat	260	159	102	111	152	322	783	1435	1406	1950	2138	2047	2323	2258	2360	2499	2643	2539	1953	1692	1296	1067	733	402	 32630
09/19/10	Sun	265	173	123	101	105	228	385	709	1044	1499	1989	2280	2527	2487	2437	2332	2266	2278	1372	893	683	473	448	472	 27569
09/20/10	Mon	101	70	51	122	277	767	1311	1576	1765	1681	1610	1712	1739	1655	2274	2675	3275	3026	1797	949	721	502	275	198	 30129
09/21/10	Tue	111	55	70	132	364	1456	3065	3241	2450	1716	1660	1735	1644	1778	2253	2904	3295	3485	1985	1179	871	604	320	169	 36542
09/22/10	Wed	94	56	65	134	362	1433	2993	3311	2408	1769	1744	1654	1789	1818	2205	2803	3070	3090	1955	1064	871	526	268	170	 35652
09/23/10	Thu	100	62	80	123	346	1417	3111	3132	2447	1884	1765	1753	1843	1830	2309	2888	3175	2881	2220	1264	995	716	358	221	 36920
09/24/10	Fri	133	94	69	132	323	1259	2816	3151	2422	1942	1909	2033	2009	2257	2821	2419	2950	3107	2258	1526	1232	968	653	542	 39025
09/25/10	Sat	373	190	121	102	134	345	744	1341	1761	2094	2320	2418	2373	2451	2749	2809	2880	2708	2097	1658	1304	1039	779	570	 35360
09/26/10	Sun	460	210	128	96	115	190	372	661	1123	1570	2056	2120	2434	2350	2277	2041	2102	2651	2174	1687	1228	849	389	176	 29459
09/27/10	Mon	109	81	70	142	362	1396	2998	2734	2050	1771	1453	1646	1688	1773	2122	1446	1583	1552	1043	718	513	548	231	155	 28184
09/28/10	Tue	78	69	56	109	262	790	1485	1483	1956	1687	1359	1562	1723	1741	2236	1861	1772	1578	1078	765	572	440	254	158	 25074
09/29/10	Wed	82	68	54	121	285	774	1342	1441	1821	1756	1653	1590	1816	1760	2054	1450	1661	1568	1090	826	767	506	283	151	 24919
10/01/10	Fri	159	97	86	111	244	772	2412	3353	2836	2109	1810	2051	2004	2117	2420	3007	3272	3351	2422	1526	1076	1020	719	414	 39388
10/02/10	Sat	261	163	138	116	136	248	564	1080	1849	2006	2096	2211	2234	2341	2356	2489	2402	2217	1785	1113	830	759	1038	573	 31005
10/03/10	Sun	285	225	129	116	99	196	392	598	977	1279	1826	1792	1662	2130	2129	2640	2466	2172	1724	1012	702	520	314	189	 25574
10/05/10	Tue	135	83	69	88	247	781	2685	3276	2997	1886	1577	749	822	1309	2046	2330	2492	2684	2375	839	515	373	390	199	 30947
10/06/10	Wed	89	95	70	87	211	845	2600	3501	3026	2087	1571	1442	1174	772	1026	1563	2041	2413	1531	657	481	382	319	206	 28189
10/07/10	Thu	90	82	72	86	233	811	2511	3518	2963	2074	1486	952	814	814	1979	2924	3517	3519	2614	1272	598	415	272	249	 33865
10/08/10	Fri	158	88	96	93	218	681	2226	3472	2784	2071	1832	1107	1183	1152	1355	1912	2363	2428	1576	925	545	453	394	246	 29358
10/09/10	Sat	282	180	129	116	131	207	578	1192	1696	1952	2069	2572	2222	2894	2370	2877	2663	1849	1312	784	559	522	378	453	 29987
10/10/10	Sun	259	190	140	120	92	165	284	526	912	1128	1877	1960	1400	1987	1782	1592	1207	1072	746	562	444	336	191	166	 19138
10/11/10	Mon	88	79	48	70	191	754	2353	3450	2795	1826	944	821	835	851	894	1373	1820	2227	1268	611	378	276	153	153	 24258
10/12/10	Tue	85	66	67	87	230	823	2355	2633	1937	1194	743	813	710	621	746	1367	1925	2171	1254	558	498	325	167	168	 21543
10/13/10	Wed	111	69	67	75	224	788	2530	3556	2890	1980	1390	926	882	821	1065	1388	2108	1986	1529	764	491	343	104	126	 26213
10/15/10	Fri	110	90	78	70	247	744	2186	2981	2437	1334	964	1032	1658	1040	1284	1706	2201	2911	1420	872	649	531	308	134	 26987
10/16/10	Sat	138	128	103	92	141	226	588	1112	1584	1823	1969	2507	2549	2112	2554	2640	2597	2544	1182	823	557	622	477	427	 29495
10/17/10	Sun	288	188	156	112	128	189	363	527	875	1159	1753	1859	1662	2286	1737	1248	1217	1373	1046	580	442	271	248	184	 19891
10/18/10	Mon	110	68	74	96	240	802	2314	3459	2830	1908	1432	1678	1749	1434	1537	1227	1853	2651	1609	553	358	304	291	185	 28762
10/19/10	Tue	128	83	70	84	225	789	2432	3437	3107	2088	1737	1788	1651	1795	1990	1863	1920	2102	1547	697	446	432	343	223	 30977
10/20/10	Wed	107	80	64	90	227	801	2429	3490	3001	2176	1677	1736	1631	946	1134	1429	2621	2237	2009	750	489	441	349	240	 30154
10/21/10	Thu	125	97	79	93	228	799	2490	3430	3006	2214	1765	1920	1980	1791	1575	1950	2941	2179	1638	782	515	681	430	250	 32958
10/22/10	Fri	137	99	82	108	226	782	2252	3435	2896	2210	2007	2093	2000	2037	2366	3162	3404	3316	2553	1328	982	1043	724	402	 39644
10/23/10	Sat	286	199	99	101	121	246	569	930	1576	1942	2252	2373	2620	2351	2003	2181	2344	2453	1863	1310	994	950	775	556	 31094
10/24/10	Sun	346	213	130	102	91	146	301	489	898	1183	1828	2016	2278	2206	2154	1974	2052	1758	1534	1027	721	573	356	207	 24583
10/25/10	Mon	95	91	66	87	229	827	2404	3461	2797	1598	1463	1550	1262	1331	1657	2204	2492	3099	1720	530	346	205	162	137	 29813
10/26/10	Tue	82	70	67	77	211	813	2511	3518	2902	1822	1608	1538	1536	1284	1078	1322	1713	2199	1398	639	384	296	272	197	 27537
10/29/10	Fri	22	5	71	91	218	720	2179	3408	2876	2151	2015	2007	2052	2033	2416	2906	3289	3353	2671	1497	1127	1009	685	409	 39210
10/30/10	Sat	298	188	127	112	115	209	526	1030	1676	2156	2180	2473	2425	2573	2538	2702	2639	2476	1973	1494	1159	1027	718	576	 33390
10/31/10	Sun	370	239	171	140	102	148	272	448	869	1080	1603	1616	1863	1881	2115	2106	2179	1736	1163	876	990	736	381	175	 23259
11/01/10	Mon	115	91	72	88	230	776	2496	3610	2783	1876	1661	1556	1627	1677	1834	2561	3229	3435	2263	1087	774	592	323	200	 34956
11/02/10	Tue	105	79	63	85	240	807	2500	3576	2958	2126	1646	1697	1778	1702	2058	2714	3269	3524	2564	1151	826	709	339	203	 36719
11/03/10	Wed	124	83	70	104	221	782	2521	3426	3180	2130	1662	1730	1662	1715	1978	2634	3418	3680	2581	1205	886	727	393	232	 37144
11/04/10	Thu	120	73	88	94	220	793	2531	3572	2990	2087	1652	1800	1809	1868	2099	2783	3413	3682	2472	1246	923	744	444	266	 37769
11/05/10	Fri	138	77	77	107	218	741	2302	3358	3046	2151	1872	2002	2116	2043	2298	3330	3334	1865	2582	1467	1140	1086	700	422	 38472
11/06/10	Sat	282	190	137	81	136	249	555	1102	1640	2004	2049	2306	2525	2281	2454	2723	2746	2566	2054	1366	1032	1000	739	483	 32700
11/07/10	Sun	288	198	85	72	101	145	338	619	1033	1418	1826	1894	2323	2193	2071	2048	2155	1816	1370	987	754	489	302	158	 24683
11/08/10	Mon	84	79	63	103	241	880	2744	3506	2931	1911	1631	1700	1752	1702	2058	2695	3302	3508	2134	997	693	546	317	192	 35769
11/09/10	Tue	89	85	67	86	229	884	2805	3637	2783	1926	1680	1804	1689	1652	1734	2547	3110	3136	1983	851	626	559	298	173	 34433
11/10/10	Wed	78	59	52	111	217	823	2588	3536	2850	1931	1670	1794	1763	1764	2026	2765	3458	3476	2285	1067	859	639	343	191	 36345
11/11/10	Thu	115	83	70	108	233	745	2442	3212	2541	1805	1559	1694	1590	1650	1925	2561	2909	3099	1822	1052	732	625	367	198	 33137
11/12/10	Fri	106	85	67	109	205	716	2355	3457	2862	2017	1813	2089	2070	2019	2365	3007	3208	3202	2197	1175	925	924	608	354	 37935
11/13/10	Sat	235	190	111	111	107	216	557	1018	1490	1744	2077	2097	2184	2457	2261	2362	2526	2377	1731	1210	935	843	660	459	 29958
11/14/10	Sun	250	193	130	84	88	155	303	512	923	1250	1669	1980	2165	2065	2101	1806	1818	1709	1444	977	722	462	301	153	 23260
11/15/10	Mon	86	58	64	98	246	846	2629	3431	2812	1744	1508	1503	1436	1559	1732	2419	2993	3290	1975	893	682	547	264	142	 32957
11/16/10	Tue	100	65	73	94	230	896	2646	3523	3023	2035	1685	1728	1668	1736	1926	2641	3146	3365	2213	949	784	639	319	160	 35644
11/17/10	Wed	73	58	71	109	220	875	2563	3573	3080	1952	1684	1801	1716	1775	1964	2643	3415	3509	2459	1129	924	779	356	233	 36961
11/18/10	Thu	99	90	84	91	226	821	2680	3700	2887	2098	1725	1736	1860	1866	2132	2828	3596	3590	2484	1146	985	810	487	257	 38278
11/19/10	Fri	123	82	89	133	223	802	2446	3477	2760	2099	1909	2090	2000	2114	2399	3193	3547	3295	2240	1219	981	919	605	395	 39140
11/20/10	Sat	256	211	124	106	114	241	540	946	1470	1790	1958	2176	2197	2336	2245	2550	2690	2561	1796	1181	967	854	667	464	 30440
11/21/10	Sun	290	166	138	98	89	178	306	536	980	1203	1803	1802	2062	2066	2088	1973	2051	1738	1358	849	666	466	360	169	 23435
11/22/10	Mon	102	70	55	103	234	843	2448	3456	2858	2030	1781	1738	1797	1734	2013	2659	3212	3451	2173	956	728	572	333	192	 35538
11/23/10	Tue	120	74	84	94	252	822	2523	3358	2814	2033	1853	1880	1893	2017	2325	2817	3442	3490	2674	1282	903	736	478	293	 38257
11/24/10	Wed	138	100	97	111	253	756	2037	2728	2366	2021	1942	2110	2227	2264	2395	2800	2819	2342	1641	1021	808	651	440	269	 34336
11/25/10	Thu	200	115	93	78	81	144	273	363	561	845	1393	1983	2353	2170	1801	1501	1517	1643	1812	1689	1601	1325	703	346	 24590
11/26/10	Fri	147	129	122	161	238	417	900	1241	1430	1642	1853	2083	2130	2152	2188	2262	2488	2255	1671	1064	832	752	560	341	 29058
11/27/10	Sat	229	148	111	111	112	194	401	713	1197	1513	1731	2063	2283	2399	2313	2426	2336	2241	1831	1528	1137	833	658	389	 28897
11/28/10	Sun	236	190	134	120	105	194	328	487	836	1291	1835	2013	2249	2185	2113	1870	1745	1474	1245	867	601	439	238	128	 22923
11/29/10	Mon	90	71	75	99	228	865	2473	3359	2621	1764	1455	1491	1620	1588	1765	2411	3011	3165	1988	934	676	444	241	148	 32582
11/30/10	Tue	100	73	59	84	249	845	2629	3528	2781	1999	1637	1696	1661	1624	1917	2617	3240	3505	2351	1050	751	574	342	185	 35497
12/01/10	Wed	109	76	71	92	238	830	2632	3516	3030	2033	1718	1700	1625	1728	1954	2652	3438	3595	2315	1110	842	730	426	182	 36642
12/02/10	Thu	104	77	80	88	238	827	2606	3599	2976	2005	1649	1714	1776	1839	2111	2699	3410	3465	2593	1205	946	869	425	229	 37530
12/03/10	Fri	129	100	88	92	245	775	2452	3489	2878	2142	1828	1950	1979	1966	2520	3182	3607	3372	2346	1354	1019	957	716	412	 39598
12/04/10	Sat	258	158	119	111	130	244	559	956	1550	1754	1922	2076	2299	2376	2451	2646	2540	2457	1997	1211	1010	1039	812	557	 31232
12/05/10	Sun	286	176	131	85	97	161	315	504	886	1238	1712	1819	1972	1961	2231	2068	2069	1788	1463	1035	829	576	345	143	 23890
12/06/10	Mon	77	72	81	75	221	841	2541	3491	2772	1955	1580	1612	1616	1728	1952	2570	3223	3522	2136	1060	699	595	292	191	 34902
12/07/10	Tue	123	77	74	91	236	835	2612	3613	2887	1951	1644	1671	1639	1634	1936	2605	3369	3570	2328	1113	871	699	393	179	 36150
12/08/10	Wed	118	77	67	91	239	824	2581	3255	3083	2085	1709	1765	1733	1828	2070	2720	3446	3142	2674	1137	892	735	416	219	 36906
12/09/10	Thu	101	83	86	85	247	857	2592	3541	2924	2025	1770	1854	1782	1811	2138	2873	3738	3508	2323	1187	980	811	486	255	 38057
12/10/10	Fri	118	84	72	93	217	799	2365	3403	2830	2086	1872	1973	1973	2032	2351	2835	3241	3165	2289	1325	994	1015	826	416	 38374
12/11/10	Sat	225	146	118	107	101	229	518	791	1376	1690	1906	2148	2194	2326	2479	2410	2693	2620	2154	1420	1081	1029	932	548	 31241
12/12/10	Sun	318	192	137	94	81	155	331	500	880	1243	1726	1854	2194	2173	2102	2163	2166	2042	1477	1109	1036	663	413	168	 25217
12/13/10	Mon	105	69	64	105	238	880	2592	3542	2961	1953	1749	1746	1758	1742	2014	2737	3555	3524	2194	1117	781	605	355	207	 36593
12/14/10	Tue	128	87	77	80	250	869	2687	3604	2971	2080	1829	1863	1789	1820	2122	2849	3566	3618	2550	1116	943	742	424	207	 38271
12/15/10	Wed	116	79	70	77	227	875	2564	3614	2982	2089	1902	1895	1869	1813	2172	2843	3273	2806	2527	1149	945	744	407	182	 37220
12/16/10	Thu	104	72	89	103	214	811	2479	3366	2745	1983	1717	1912	1837	1906	2209	2747	3563	3477	2339	1246	991	848	521	275	 37554
12/17/10	Fri	162	92	84	103	219	763	2145	3288	2712	2134	1926	2130	2101	2238	2650	3364	3535	3368	2248	1345	1021	1024	803	483	 39938
12/18/10	Sat	273	161	119	106	126	248	516	826	1436	1765	1966	2143	2182	2251	2351	2565	2591	2452	2152	1615	1401	1144	961	623	 31973
12/19/10	Sun	311	190	146	97	108	183	299	536	855	1313	1874	1851	2153	2273	2185	2074	2126	1951	1586	1270	1177	839	498	240	 26135
12/20/10	Mon	113	100	86	86	243	760	2172	3205	2720	2088	2063	2051	2081	2159	2291	2854	3453	3327	2217	1267	967	736	455	250	 37744
12/21/10	Tue	143	136	80	95	231	773	2195	3154	2756	2134	2055	2200	2193	2131	2390	2968	3564	3294	2332	1211	1032	722	526	271	 38586
12/22/10	Wed	147	94	89	117	238	745	2097	3028	2600	2107	2202	2250	2254	2311	2642	2994	3509	3261	2262	1391	1088	580	573	286	 38865
12/23/10	Thu	198	94	111	113	201	647	1633	2365	2296	2000	2138	2316	2343	2456	2760	3006	3094	2677	2080	1282	1068	868	709	348	 36803
12/24/10	Fri	216	147	105	124	144	228	523	747	1070	1407	1732	1978	2049	2113	2367	2577	2566	2123	1570	1197	1386	1462	1124	579	 29534
12/25/10	Sat	237	130	68	55	47	77	209	316	510	898	1230	1486	1764	1861	1860	1842	1921	1666	1496	1466	1394	1160	672	360	 22725
12/26/10	Sun	184	115	76	81	98	178	310	407	761	1299	1777	2006	2032	2102	2042	2120	2045	1963	1496	1086	868	691	415	243	 24395
12/27/10	Mon	131	100	99	92	193	579	1548	2235	1979	1784	1900	2045	2119	2175	2349	2720	3016	2751	1994	1244	903	693	431	268	 33348
12/28/10	Tue	144	96	84	100	191	627	1807	2564	2328	1952	1876	2015	2139	2058	2289	2452	3157	3159	2285	1450	965	731	465	234	 35168
12/29/10	Wed	143	89	77	98	194	663	1789	2537	2361	2013	2045	2151	2189	2283	2429	2879	3229	3101	2403	1561	1105	878	516	295	 37028
12/30/10	Thu	178	118	94	112	190	626	1613	2261	2070	1898	1941	1694	1952	1595	1658	1604	1480	1225	1038	702	422	368	247	160	 25246
12/31/10	Fri	86	103	76	86	129	250	565	730	807	889	1048	1325	1451	1501	1591	1612	1518	1536	1297	924	642	478	363	238	 19245