01/01/10	Fri	707	838	871	512	438	275	336	708	1024	1321	1715	1666	1966	2365	2615	3199	3516	3390	3204	2877	2229	1785	1565	1200	 40322
01/02/10	Sat	687	525	335	187	157	204	409	988	1798	2319	2815	3078	2815	3139	3535	4535	4120	4455	4462	3657	2855	2173	2269	1746	 53263
01/03/10	Sun	1140	799	554	363	220	158	288	691	1276	1652	2103	3011	3189	3752	4013	3797	3358	3344	3421	3113	2164	1819	1498	1002	 46725
01/04/10	Mon	542	405	181	108	105	194	724	2623	5178	4642	3468	3378	2963	3797	3886	4460	5531	5821	6024	5357	3239	2218	1883	1114	 67841
01/05/10	Tue	666	404	191	158	151	278	1062	3169	5355	4894	3361	2449	2638	2841	2957	3506	4157	4965	5601	5303	3469	2550	2131	1491	 63747
01/06/10	Wed	676	445	252	159	143	312	1071	3068	5232	4684	3884	2391	2461	2520	2596	3021	3569	3829	3234	3127	1715	1255	1093	840	 51577
01/07/10	Thu	390	242	138	142	111	203	559	1622	2863	2908	3298	3075	3533	3684	3450	3129	3924	4146	4595	3623	2340	1687	1493	1105	 52260
01/08/10	Fri	539	321	178	162	106	162	558	1737	3254	3784	3777	3770	4329	4415	4434	5235	6247	5446	5601	5378	3895	2905	2548	1645	 70426
01/09/10	Sat	855	628	363	221	193	202	461	1369	2054	2857	2831	2753	3088	3559	3626	3568	3636	4411	5002	3988	2797	2369	2459	1990	 55280
01/10/10	Sun	1304	804	545	391	216	156	246	742	1430	1737	1768	2061	2164	2640	2938	3020	2946	3144	3856	3096	2254	1844	1472	891	 41665
01/11/10	Mon	557	293	202	154	193	341	1106	3111	5113	4729	3192	2290	2607	2768	2687	3157	4053	4219	5168	5301	3248	2231	2073	1225	 60018
01/12/10	Tue	620	347	161	175	171	313	1025	3048	5292	4754	2657	2418	2570	2600	2922	3323	4051	4242	4696	5355	3429	2688	2201	1264	 60322
01/13/10	Wed	589	475	212	136	165	318	967	2984	5267	4988	3188	2394	2633	2815	2920	3376	4080	4492	3883	4803	3386	2787	2412	1626	 60896
01/14/10	Thu	711	421	245	185	173	357	1080	3069	5184	5058	3859	3465	3691	2842	2945	3309	4136	6319	6360	5401	3693	2932	2458	1499	 69392
01/15/10	Fri	812	457	280	196	206	336	1066	2954	5434	4964	3589	2662	3091	3250	3484	4025	4437	4373	5488	5884	4134	3002	2702	2023	 68849
01/16/10	Sat	1325	813	513	354	194	197	419	1398	2178	2643	2446	2902	3168	3286	3411	3350	3560	3309	3285	3130	2908	2435	2448	1922	 51594
01/17/10	Sun	1324	864	583	366	234	166	274	681	1447	1878	2055	2176	2267	2639	2823	2923	2973	2776	2748	3118	2295	1763	1593	1322	 41288
01/18/10	Mon	621	398	220	171	154	302	992	2766	4501	4367	2587	2562	3004	3165	3323	3601	3897	4079	4424	4685	2983	2177	1956	1186	 58121
01/19/10	Tue	633	327	168	139	151	333	1039	3187	5262	5163	3933	2586	2650	2785	2589	3234	4069	4306	4233	3594	2304	1903	1507	855	 56950
01/20/10	Wed	432	310	134	105	100	187	690	2016	3655	3418	2587	2313	2576	2645	2943	3287	3959	4319	4222	3806	2421	1957	1642	987	 50711
01/21/10	Thu	456	288	134	114	124	203	699	1984	3593	3411	2593	2324	2563	2772	2984	3309	4191	4480	4256	4020	2666	1973	1808	1117	 52062
01/22/10	Fri	628	345	204	149	120	176	592	1772	3371	3281	2531	2531	2950	3167	3406	3861	4499	4525	4127	3355	2793	2075	1818	1367	 53643
01/23/10	Sat	811	549	349	205	140	132	287	794	1310	1860	2044	2532	2891	3165	3412	3581	3517	3348	3281	2598	2061	1735	1699	1563	 43864
01/24/10	Sun	887	582	388	293	172	99	190	446	717	1135	1406	1861	2037	2677	2715	2544	2474	2672	2397	2018	1326	1300	1098	603	 32037
01/25/10	Mon	343	225	120	73	107	231	690	2045	3556	3262	2463	2288	2538	2705	2619	3097	3798	4222	4377	3398	2206	1628	1394	848	 48233
01/26/10	Tue	383	216	116	95	91	178	673	2089	3564	3365	2526	2333	2573	2729	2865	3121	4061	4512	4111	3703	2391	1840	1557	824	 49916
01/27/10	Wed	349	244	106	98	104	201	651	2013	3611	3461	2671	2333	2598	2736	2857	3336	4165	4653	4453	3608	2375	1928	1661	893	 51105
01/28/10	Thu	422	299	164	114	122	206	660	1907	3370	3279	2495	2143	2445	2630	2621	3269	3984	4494	4283	3557	2426	1922	1758	1145	 49715
01/29/10	Fri	541	330	183	108	127	180	636	1960	3540	3558	2679	2654	2906	3149	3494	3894	4605	4642	4574	4341	2866	2100	2112	1378	 56557
01/30/10	Sat	869	518	315	231	152	128	295	907	1452	2040	2371	2822	3160	3056	3427	3319	3479	3487	3404	2856	2148	1726	1674	1330	 45166
01/31/10	Sun	844	490	363	232	138	103	189	522	885	1331	1568	2133	2228	2776	2914	2925	2967	2884	2722	2076	1527	1205	1087	637	 34746
02/01/10	Mon	322	226	115	78	113	200	701	2063	3552	3411	2452	2280	2519	2674	2654	3052	3924	4381	4274	3650	2120	1526	1375	826	 48488
02/02/10	Tue	385	223	119	108	100	192	643	2054	3672	3360	2557	2375	2591	2717	2770	3108	4094	4418	4224	3948	2358	1829	1526	912	 50283
02/03/10	Wed	441	230	132	100	110	207	679	2057	3685	3444	2722	2390	2665	2852	2962	3110	4026	4576	4381	3854	2393	1954	1647	978	 51595
02/04/10	Thu	544	251	177	119	88	200	671	2045	3562	3403	2666	2330	2668	2858	2901	3420	4122	4653	4528	4072	2596	1925	1766	1053	 52618
02/05/10	Fri	591	312	186	122	126	178	569	1889	3442	3365	2717	2703	3094	3262	3418	3763	4689	4579	4549	3961	2807	2178	1902	1393	 55795
02/06/10	Sat	832	529	339	244	146	143	317	930	1630	2059	2354	2877	2974	3313	3406	3431	3518	3415	3278	2784	2026	1646	1679	1305	 45175
02/07/10	Sun	908	530	324	259	150	113	179	497	759	1184	1240	1846	1845	2176	2267	2315	2952	2288	1188	1018	755	1775	1224	613	 28405
02/08/10	Mon	329	209	104	95	106	220	637	1784	2708	2794	2020	1800	1951	2137	2052	2569	3319	3912	3613	2850	1825	1280	1117	744	 40175
02/09/10	Tue	340	214	125	91	97	209	635	1924	3570	3306	2521	2354	2578	2692	2757	3147	4005	4330	4322	3820	2330	1900	1596	876	 49739
02/10/10	Wed	426	255	135	110	98	210	619	2035	3547	3072	2720	2360	2709	2798	2969	3285	4202	3842	3922	3868	2582	2054	1725	961	 50504
02/11/10	Thu	527	290	134	98	95	216	682	2111	3570	3320	2733	2507	2738	2878	3053	3395	4204	4576	3802	3197	2811	2137	1766	1058	 51898
02/12/10	Fri	655	368	171	131	135	187	598	1990	3523	3377	2806	2780	3186	3332	3462	3888	4626	4697	4497	3933	2853	2099	1946	1459	 56699
02/14/10	Sun	908	594	334	232	125	101	172	452	691	1031	1180	1597	1847	2278	2484	2582	2586	2579	2457	2147	1558	1202	1114	770	 31021
02/15/10	Mon	484	304	151	118	94	207	571	1771	3051	2804	2531	2583	2882	3185	3338	3441	3744	4012	3929	3206	2119	1609	1374	761	 48269
02/16/10	Tue	400	243	121	90	124	188	654	2136	3556	3349	2646	2438	2615	2711	2825	3226	4046	4425	4385	3473	2536	1869	1546	891	 50493
02/17/10	Wed	432	273	146	96	94	198	673	2068	3651	3490	2819	2309	2682	2730	2971	3258	4080	4554	4052	3842	2449	2004	1608	865	 51344
02/18/10	Thu	440	266	131	110	99	195	644	2147	3551	3307	2680	2377	2709	2785	2899	3398	4247	4232	3841	2930	2046	1624	1548	865	 49071
02/19/10	Fri	478	273	163	118	167	215	574	1700	3154	3012	2347	2261	2655	2886	3038	3548	4303	4624	4234	3428	2406	2014	1631	1310	 50539
02/20/10	Sat	802	451	294	226	140	116	278	880	1345	1807	1980	2378	2733	3047	3154	3263	3273	3000	2931	2332	1847	1528	1502	1270	 40577
02/21/10	Sun	825	484	299	244	127	111	184	519	792	1107	1246	1705	1864	2262	2485	2535	2485	2422	2196	1758	1230	1044	779	599	 29302
02/22/10	Mon	295	240	162	120	104	241	589	1652	3212	3048	2305	2093	2342	2368	2521	2962	3672	4222	4070	3494	2176	1584	1401	764	 45637
02/23/10	Tue	494	270	98	88	104	181	664	2048	3683	3438	2651	2347	2636	2733	2920	3200	4125	4386	4191	3931	3344	1882	1625	909	 51948
02/24/10	Wed	447	265	146	111	110	211	651	2071	3598	3452	2726	2353	2670	2870	2907	3258	4004	4126	4310	3862	2643	2110	1798	1024	 51723
02/25/10	Thu	509	251	166	115	111	210	656	2153	3671	3418	2654	2465	2705	2842	2987	3368	4251	4440	4124	3525	2491	1871	1587	932	 51502
02/26/10	Fri	570	313	160	171	121	203	602	1884	3477	3410	2720	2603	2963	3056	3520	3856	4563	4782	4636	3778	2918	2264	2041	1530	 56141
02/27/10	Sat	1006	587	366	256	161	160	380	1022	1517	2189	2414	2798	3059	3388	3482	3336	3526	3423	3270	2844	2089	1890	1725	1443	 46331
02/28/10	Sun	936	567	304	254	159	112	192	580	860	1185	1441	2087	2257	3003	2914	2787	2653	2841	2650	2129	1477	1181	977	601	 34147
03/01/10	Mon	361	245	110	66	111	193	656	2076	3455	3250	2410	2255	2462	2616	2723	3090	3962	4352	4110	3718	2278	1557	1344	903	 48303
03/02/10	Tue	427	225	134	92	84	188	689	2159	3709	3662	2620	2341	2773	2788	2962	3269	4044	4603	4334	4004	2544	1962	1653	927	 52193
03/03/10	Wed	463	286	142	116	126	221	729	2147	3654	3544	2789	2425	2751	2838	2910	3356	4135	4680	4245	3832	2582	2097	1803	1273	 53144
03/04/10	Thu	477	268	166	99	102	195	667	2166	3720	3491	2806	2551	2827	2839	2980	3385	4336	4649	4504	3953	2769	2120	1849	1187	 54106
03/05/10	Fri	613	325	168	145	132	179	571	1901	3457	3446	2692	2543	3096	3221	3475	4020	4686	4827	4421	3945	2913	2080	2025	1520	 56401
03/06/10	Sat	981	539	332	240	155	153	318	973	1536	2013	2143	2394	2618	2555	2519	2560	2642	2714	2868	2723	2050	1709	1666	1369	 39770
03/07/10	Sun	891	536	343	239	145	91	179	510	879	1243	1573	2047	2269	2775	2777	2986	2946	2902	2726	2281	1523	1215	993	683	 34752
03/08/10	Mon	414	260	151	88	103	206	667	2076	3551	3295	2421	2347	2500	2629	2693	3026	3899	4425	4219	3538	2212	1647	1271	753	 48391
03/09/10	Tue	514	330	153	94	110	183	718	2208	3585	3454	2662	2324	2663	2857	2948	3352	4105	4622	4408	3834	2504	1927	1612	956	 52123
03/10/10	Wed	433	275	133	120	119	189	690	2085	3734	3395	2541	2306	2675	2770	3028	3361	4110	4681	4381	3874	2505	2036	1617	979	 52037
03/11/10	Thu	442	292	155	113	109	197	653	2142	3614	3421	2627	2312	2873	2791	2892	3529	4366	4735	4516	3940	2671	2156	1929	1243	 53718
03/12/10	Fri	634	359	190	119	114	195	649	2130	3625	3575	2873	2664	3172	3348	3595	4009	4516	4866	4199	3918	2819	2248	1950	1497	 57264
03/13/10	Sat	943	552	348	237	162	156	319	1042	1664	2225	2584	2793	3208	3331	3458	3535	3575	3443	3264	2831	2168	1858	1772	1369	 46837
03/15/10	Mon	270	147	96	118	174	635	1903	3226	3303	2546	2257	2453	2738	2823	3190	4032	4642	4541	4428	2421	1888	1655	861	454	 50801
03/16/10	Tue	272	160	108	97	185	683	2046	3579	3636	2966	2498	2729	2955	2964	3359	4358	4711	4527	3997	2595	2027	1776	1127	477	 53832
03/17/10	Wed	328	149	110	132	194	699	1978	3533	3609	2941	2534	2879	2986	3207	3389	4329	4948	4781	3762	2656	2144	1864	1148	620	 54920
03/18/10	Thu	363	195	146	134	214	671	1987	3462	3550	2879	2591	2920	3246	3211	3529	4346	4972	4767	3849	2873	2346	2337	1223	718	 56529
03/20/10	Sat	335	205	168	132	129	359	726	1011	1442	1677	1954	2544	3118	3389	3379	3573	3383	3242	2779	2227	1936	1784	1411	815	 41718
03/21/10	Sun	519	330	248	156	103	246	636	915	1208	1543	2186	2266	2864	3075	2957	3079	2924	2737	2250	1622	1346	1204	742	417	 35573
03/22/10	Mon	257	154	95	129	224	778	2201	3543	3139	2664	2547	2721	2841	2988	3437	4078	4720	4080	3381	2237	1733	1424	783	447	 50601
03/25/10	Thu	271	187	104	129	224	735	2154	3599	3199	2788	2657	2902	2977	3121	3509	4337	4803	4484	3888	2605	2120	1691	1101	560	 54145
03/26/10	Fri	341	182	119	147	210	758	2084	3530	3222	2770	2822	3196	3345	3636	4014	4282	3873	3524	3140	2172	1718	1564	1163	698	 52510
03/27/10	Sat	474	284	212	149	122	245	683	1170	1700	2007	2400	2907	3244	3360	3354	3596	3275	3341	2672	2126	1836	1776	1206	946	 43085
03/28/10	Sun	573	362	260	134	108	209	602	887	1256	1484	2176	2336	2939	3064	2987	3122	3028	2704	2224	1573	1393	1107	681	417	 35626
03/29/10	Mon	213	146	80	127	201	773	2209	3580	3162	2595	2454	2695	2817	2985	3324	4087	4544	4453	3523	2290	1608	1416	853	443	 50578
03/30/10	Tue	259	125	113	109	219	808	2258	3649	3404	2719	2573	2877	2866	2967	3444	4341	4790	4390	3583	2564	1938	1583	1021	544	 53144
03/31/10	Wed	313	123	92	111	228	781	2270	3720	3368	2710	2571	2986	3152	3311	3657	4256	4761	4439	3687	2667	2212	1691	1115	505	 54726
04/01/10	Thu	315	181	108	124	208	733	2260	3622	3313	2890	2717	2945	3003	3251	3621	4339	4881	4588	3951	2592	2093	1813	1072	692	 55312
04/02/10	Fri	400	201	128	138	182	598	1892	3170	3190	2810	2902	3359	3464	3771	4148	4796	4723	4351	3515	2668	2112	1861	1380	845	 56604
04/03/10	Sat	543	329	245	144	117	283	804	1481	2127	2622	2938	3245	3526	3410	3470	3520	3314	3938	4511	2195	1858	1778	1246	794	 48438
04/04/10	Sun	526	295	218	165	246	357	434	802	1136	1621	2284	2556	3258	3070	2863	2606	2530	2314	2623	2072	1610	1136	642	361	 35725
04/05/10	Mon	188	110	97	122	212	748	2221	3662	3383	2718	2468	2783	2959	2938	3359	4113	5506	4679	4021	2380	1807	1403	883	403	 53163
04/06/10	Tue	247	128	114	105	194	798	2353	3991	3392	2648	2527	2741	2990	3038	3414	4291	4700	4555	3709	2478	1948	1628	899	606	 53494
04/07/10	Wed	234	134	99	108	190	605	1880	3347	3081	2510	2209	2473	2621	2786	3183	4029	4629	4562	3772	2595	2182	1741	959	614	 50543
04/15/10	Thu	261	167	88	125	241	773	2347	3807	3537	2823	2611	2829	2958	3139	3593	4555	4911	4765	3897	2823	2292	1893	1126	509	 56070
04/16/10	Fri	342	172	139	145	189	684	2171	3636	3358	2800	2840	3236	3461	3546	4065	4808	4345	4324	3907	2707	2125	1935	1393	841	 57169
04/17/10	Sat	588	288	215	155	127	295	768	1512	2025	2447	2487	2625	2728	2818	2758	2825	2702	2713	2375	1964	1721	1634	1265	931	 39966
04/18/10	Sun	584	290	227	154	111	228	527	901	1252	1590	2045	2175	2386	2526	2542	2491	2357	2492	2137	1617	1364	1098	698	501	 32293
04/19/10	Mon	249	119	88	117	246	826	2292	3674	3332	2624	2524	2812	2891	2898	3429	4273	4827	4546	3538	2277	1792	1413	764	471	 52022
04/20/10	Tue	475	136	95	98	224	842	2390	3908	3431	2738	2634	2893	2895	3048	3484	4316	4770	4766	3586	2512	2063	1660	867	662	 54493
04/21/10	Wed	323	147	97	137	251	815	2350	3766	3463	2749	2474	2896	2917	3018	3460	4063	4332	4547	3737	2606	2182	1689	884	476	 53379
04/22/10	Thu	296	141	89	118	249	808	2342	3678	3398	2754	2530	2833	2989	3148	3441	4374	4722	4101	3309	2375	2001	1763	1090	564	 53113
04/23/10	Fri	330	177	111	139	202	630	1874	3254	2323	858	2707	3007	3655	3704	3890	4678	5397	4759	3931	2920	2210	1992	1498	909	 55155
04/24/10	Sat	616	349	257	167	174	390	956	1565	2266	2780	3202	3526	3944	3729	3493	3575	3478	3357	2699	2069	1921	2400	1616	1319	 49848
04/25/10	Sun	825	507	396	288	180	300	683	1002	1338	1611	2087	2256	2672	2896	2718	2790	2602	2531	2341	2067	1511	1344	702	431	 36078
04/26/10	Mon	337	183	139	181	338	1076	3174	4867	3778	2636	2475	2818	2990	2831	3482	4144	4661	4324	3671	2414	2008	1901	1004	554	 55986
04/27/10	Tue	309	164	153	157	335	1087	3380	4983	3567	2886	2603	2807	2955	3093	3640	4380	4963	4213	3683	2523	2078	1705	1012	480	 57156
04/28/10	Wed	254	148	96	120	277	830	2356	3987	3612	2909	2653	2908	2915	3075	3562	4400	4923	4869	3798	2665	2135	1686	942	579	 55699
04/29/10	Thu	435	219	146	190	344	1107	3112	4873	4615	3748	3319	3619	3724	3353	3552	4305	5114	5572	4653	3263	2659	2346	1430	742	 66440
05/01/10	Sat	778	424	306	183	217	494	1247	2400	2468	2549	2791	3192	3211	3378	3413	3316	2752	2705	2706	2123	1891	2288	1701	1168	 47701
05/08/10	Sat	713	376	227	37	67	442	1287	2295	2342	2645	2969	2996	3092	2816	2645	3065	3245	2689	2408	1941	1893	1743	1355	898	 44186
05/09/10	Sun	718	459	308	201	139	310	513	847	1339	1728	2425	2329	2564	2581	2425	2412	2217	2207	2131	1813	1587	1229	679	324	 33485
05/10/10	Mon	252	125	97	185	340	1205	3247	4163	3388	2549	2408	2815	2862	3322	3608	4143	4895	4513	3407	2219	1780	1432	573	407	 53935
05/11/10	Tue	333	216	154	181	331	1224	3310	5090	4476	2714	2617	2800	2933	2929	3783	4360	5414	5396	4409	2851	2321	1913	974	513	 61242
05/12/10	Wed	321	202	171	143	325	1028	2764	4638	4020	3015	2925	3256	3342	3398	4119	4987	5702	5555	4385	2840	2473	2215	1208	663	 63695
05/13/10	Thu	406	220	163	165	351	1085	3147	4774	4396	3576	2829	2902	3066	3148	3604	4429	4685	4404	4330	3268	2770	2408	1401	770	 62297
05/14/10	Fri	465	226	184	176	297	923	2865	4016	3355	2802	2814	3236	3487	3503	4087	4689	4632	4833	4057	3256	2589	2345	1781	1125	 61743
05/15/10	Sat	719	451	337	225	185	452	1132	1700	2047	2173	2575	2943	3226	3258	3185	3266	3083	3041	2781	2180	1831	1920	1454	1108	 45272
05/16/10	Sun	738	453	335	219	160	335	745	1006	1374	1642	2176	2293	2557	2663	2598	2519	2592	2417	2194	1810	1698	1222	809	425	 34980
05/17/10	Mon	292	158	102	140	276	811	2282	3800	3485	2787	2531	2829	2960	2986	3548	4243	4700	4528	3636	2395	1910	1557	855	435	 53246
05/18/10	Tue	268	170	119	131	251	790	2323	3926	3498	2645	2615	2989	2972	3154	3665	4629	5211	4479	3777	2614	2098	1715	990	567	 55596
05/19/10	Wed	368	265	176	200	368	1173	3007	3894	3547	2798	2639	3326	3315	3396	3708	4374	4993	4743	3814	2702	2318	1816	1058	569	 58567
05/20/10	Thu	339	168	137	141	239	789	2353	3836	3698	2774	2737	2858	3070	3102	3568	4375	4996	4573	3836	2902	2419	2112	1178	661	 56861
05/21/10	Fri	435	231	152	151	235	751	2153	3785	3601	2910	2982	3405	3594	3777	4132	4771	4655	4147	3534	2779	2496	2059	1528	1022	 59285
05/22/10	Sat	577	338	229	180	195	617	1028	1756	2468	2715	3106	3330	3182	3846	3778	3782	4073	3799	2749	2110	1897	1800	1328	839	 49722
05/23/10	Sun	525	326	234	205	176	355	766	984	1396	1674	2108	2241	2526	2658	2550	2681	2685	2703	2309	1699	1468	1173	755	480	 34677
05/24/10	Mon	298	175	146	181	267	857	2314	3755	3399	2623	2904	3602	3859	4181	5364	5578	6256	5690	3712	2374	1807	1519	967	704	 62532
05/25/10	Tue	428	192	105	170	245	812	2338	3856	3520	2733	2834	3068	3086	3221	3734	4435	4957	4625	3839	2661	2031	1888	1194	563	 56535
05/26/10	Wed	371	197	144	131	246	821	2272	3821	3565	2798	2624	3078	3232	3597	4045	4479	5029	4667	3947	2920	2438	1942	1322	794	 58480
05/27/10	Thu	467	318	188	172	262	813	2319	3643	3425	2928	2920	3339	3414	3506	3967	4643	4859	4720	4168	2906	2655	2288	1291	737	 59948
05/28/10	Fri	428	231	215	168	236	653	1949	3341	3357	2946	3118	3572	4065	2765	1504	2930	3897	4012	3353	2778	2302	2099	1512	915	 52346
05/29/10	Sat	517	352	220	158	130	348	813	1499	2066	2464	2761	3177	3040	3133	3240	3356	3243	3174	2638	2013	1629	1753	1337	849	 43910
05/30/10	Sun	434	296	228	160	105	220	503	849	1257	1752	2295	2424	2728	2877	2870	2931	3172	3313	2531	1962	1621	1417	1018	573	 37536
05/31/10	Mon	376	198	139	115	167	313	587	870	1304	1682	2174	2672	2790	2747	2811	2801	2643	2371	2144	1873	1710	1454	862	494	 35297
06/01/10	Tue	297	155	110	115	242	836	2347	3723	3365	2840	2678	2980	3060	3287	3522	4331	4959	4787	3903	2618	2012	1623	951	560	 55301
06/02/10	Wed	352	189	128	159	247	757	2346	3625	3587	2771	2815	3049	3011	3394	3616	4399	4933	4551	3967	2709	2227	1936	1137	561	 56466
06/03/10	Thu	371	201	143	149	268	816	2297	3609	3400	2960	2903	3016	3170	3271	3692	4302	4678	4408	4186	2782	2249	1943	1237	707	 56758
06/04/10	Fri	428	199	183	152	276	854	2264	3471	3418	3099	3164	3534	3507	3758	3999	4660	4397	4393	4048	2778	2276	2109	1442	966	 59375
06/05/10	Sat	584	325	251	184	212	389	1170	1847	2165	2267	2433	2571	2653	2800	2682	2818	2886	2861	2525	2073	1841	1844	1249	865	 41495
06/06/10	Sun	528	323	283	176	118	242	556	995	1330	1653	2156	2290	2616	3017	3405	2673	2671	2371	2045	1626	1317	1324	819	508	 35042
06/07/10	Mon	306	137	147	147	289	791	2291	3482	3335	2814	3005	3005	3081	3131	3393	4019	4510	4270	3567	2484	2020	1639	943	497	 53303
06/08/10	Tue	296	171	120	152	269	823	2397	3586	3445	2862	2680	2962	3134	3204	3440	4257	4789	4599	3712	2541	2021	1751	1159	571	 54941
06/09/10	Wed	325	171	130	136	258	863	2282	3705	3497	2863	2840	3041	3083	3244	3682	4505	4742	4355	4167	2640	2186	1970	1135	567	 56387
06/10/10	Thu	376	192	161	140	267	886	2323	3640	3607	2965	2945	3211	3233	3301	3682	4307	4610	4319	4021	2938	2105	1952	1162	690	 57033
06/11/10	Fri	380	194	160	147	249	748	2180	3350	3341	2984	3154	3395	3544	3749	4012	4499	4758	3901	3337	2464	2033	1793	1499	991	 56862
06/12/10	Sat	597	400	289	151	154	354	1101	1652	2125	2164	2571	3062	3357	3137	3097	3409	3349	3176	2648	2061	1746	1760	1312	894	 44566
06/13/10	Sun	594	365	262	168	157	264	452	784	1167	1444	1976	2263	2748	2898	2832	3007	3085	2827	2300	1585	1328	1184	785	526	 35001
06/14/10	Mon	288	165	117	142	235	829	2226	3573	3373	2642	2634	2979	3061	3136	3427	4069	4732	4379	3694	2493	1888	1598	938	593	 53211
06/15/10	Tue	300	155	96	113	252	860	2359	3777	3643	2978	2875	3132	3115	3318	3571	4370	4846	4469	3769	2616	2330	1848	1120	676	 56588
06/16/10	Wed	342	184	130	137	257	854	2332	3695	3727	2932	2888	3128	3264	3334	3665	4212	4789	4460	3841	2553	2241	1944	1246	673	 56828
06/17/10	Thu	423	227	131	144	260	903	2382	3608	3570	3018	2850	3371	3313	3269	3772	4324	4698	4517	3936	2779	2277	1884	1401	795	 57852
06/18/10	Fri	426	194	169	143	260	792	2251	3491	3505	3109	3050	3510	3709	3820	4305	4771	4435	4194	3779	2827	2303	2071	1428	952	 59494
06/19/10	Sat	599	346	251	149	173	411	1046	1843	2428	2434	2855	3055	3003	3142	2982	3043	3074	2992	2567	2106	1830	1865	1470	964	 44628
06/20/10	Sun	575	338	250	175	138	286	554	912	1586	1866	2235	2409	2793	2688	2670	2638	2690	2432	2163	1923	1688	1402	886	438	 35735
06/21/10	Mon	281	152	114	126	260	831	2156	3578	3550	2808	2767	3023	3080	3075	3378	4202	4773	4477	3612	2470	1946	1612	954	551	 53776
06/22/10	Tue	296	182	122	132	221	866	2299	3606	3656	2880	2800	3099	3263	3283	3483	4204	4895	4577	3699	2608	2146	1882	1173	610	 55982
06/23/10	Wed	340	211	139	134	245	855	2276	3627	3451	2971	2946	3147	3117	3219	3510	4104	4905	4770	3598	2539	2197	1977	1406	714	 56398
06/24/10	Thu	371	224	146	148	291	882	2362	3608	3475	3037	3069	3224	3318	3392	3665	4343	4984	4784	3751	2787	2190	1989	1312	733	 58085
06/25/10	Fri	552	254	207	138	247	790	2093	3373	3444	2966	3232	3588	3716	3763	4255	4635	4507	4400	3658	2596	2153	1945	1418	894	 58824
06/26/10	Sat	560	359	230	166	203	453	1151	1902	2179	2509	2807	2920	2968	2857	2741	2943	2942	2755	2468	1914	1749	1664	1305	840	 42585
06/27/10	Sun	570	325	220	150	125	223	547	972	1395	1770	2318	2281	2746	2602	2571	2738	2575	2408	2029	1748	1510	1275	918	550	 34566
06/28/10	Mon	321	172	121	141	262	932	2181	3541	3552	2812	2658	2979	3206	3104	3436	4135	4826	3889	3552	2545	2076	1662	903	533	 53539
06/29/10	Tue	323	170	128	118	230	900	2373	3701	3581	2980	2824	3140	3284	3335	3586	4336	4408	4136	3785	2837	2424	2046	1189	681	 56515
06/30/10	Wed	323	198	212	144	261	861	2338	3577	3702	2936	2861	3248	3225	3468	3658	4349	4795	4554	3975	2815	2286	2074	1199	766	 57825
07/01/10	Thu	454	283	185	150	246	907	2306	3600	3423	2905	3008	3355	3407	3455	3817	4567	4794	4410	3904	2793	2336	1992	1352	680	 58329
07/02/10	Fri	420	192	181	165	230	790	2069	3301	3157	3063	3104	3542	3768	3912	4749	3778	3943	3397	3113	2515	2007	1831	1454	859	 55540
07/03/10	Sat	535	338	222	159	180	390	818	1464	1961	2362	2760	2878	2926	2902	2850	3123	3167	2785	2344	1917	1519	1365	1513	1184	 41662
07/04/10	Sun	571	310	237	141	109	222	474	941	1260	1396	1826	1943	2288	2277	2419	2379	2386	2244	1893	1420	1295	1312	1224	864	 31431
07/05/10	Mon	387	203	142	121	155	312	703	1100	1504	1914	2249	2647	2893	2933	3063	3064	2950	2825	2393	2054	2049	1920	885	507	 38973
07/06/10	Tue	283	146	119	127	225	842	2212	3432	3362	2954	2640	3005	3054	3201	3296	4040	4711	4229	3458	2278	1856	1625	1070	634	 52799
07/07/10	Wed	400	199	131	123	241	818	2118	3333	3316	2795	2753	3064	3102	3196	3508	4147	4663	4492	3700	2510	2201	1919	1256	699	 54684
07/08/10	Thu	375	190	104	143	226	825	2262	3514	3336	2938	2793	3118	3126	3363	3622	4270	4722	4500	3879	2632	2223	2042	1206	705	 56114
07/09/10	Fri	345	196	167	151	232	738	2037	3218	3411	2874	2988	3347	3643	3755	4053	4693	4707	4251	3633	2798	2283	2097	1379	1015	 58011
07/10/10	Sat	618	365	256	154	229	412	979	1608	2258	2390	2909	3052	3113	3085	3356	3188	3263	3145	2749	2133	1735	1847	1472	852	 45168
07/11/10	Sun	611	308	283	159	131	249	555	906	1419	1845	2498	2642	2976	2724	2649	2871	2870	2702	2381	1847	1496	1240	794	506	 36662
07/12/10	Mon	311	210	125	128	241	850	2366	3540	3382	2721	2681	2952	2983	3069	3472	4103	4527	4274	3765	2449	1937	1637	982	550	 53255
07/13/10	Tue	319	160	125	134	226	824	2448	3708	3577	2954	2843	3063	3226	3355	3549	4350	4809	4324	3820	2644	2228	1632	1281	602	 56201
07/14/10	Wed	328	210	123	122	257	843	2396	3635	3438	2885	2758	2989	3295	3372	3511	4321	4844	4384	3856	2656	2051	1409	1247	701	 55631
07/15/10	Thu	359	205	136	133	267	840	2437	3620	3540	3026	2996	3130	3317	3380	3811	4498	4605	3933	4106	2915	2298	2103	1280	838	 57773
07/16/10	Fri	457	214	185	148	257	831	2310	3474	3384	3063	3078	3459	3589	3754	4049	4605	4419	4344	3597	2752	2344	2120	1454	949	 58836
07/17/10	Sat	577	337	242	171	214	411	977	1707	2203	2349	2846	3034	3311	3166	3240	3208	3142	3150	2593	2108	1878	1767	1446	867	 44944
07/18/10	Sun	554	355	257	163	127	323	576	886	1300	1666	2119	2298	2577	2694	2805	2874	2721	2615	2278	1899	1482	1393	901	582	 35445
07/19/10	Mon	378	169	107	130	260	856	2241	3497	3485	3285	2692	2968	3097	3056	3332	4037	4444	4165	3634	2393	2022	1598	959	511	 53316
07/20/10	Tue	295	166	132	117	260	883	2265	3584	3390	2790	2740	3042	3153	3235	3577	4058	3985	3700	3398	2619	2005	1660	1043	709	 52806
07/21/10	Wed	319	177	122	108	235	833	2229	3512	3448	2841	2780	3085	3148	3288	3683	4313	4628	4532	3952	2555	2136	1858	1142	641	 55565
07/22/10	Thu	360	198	144	112	247	810	2313	3563	3568	2906	2913	3167	3275	3325	3648	4334	4803	4448	3381	2822	2200	2023	1276	694	 56530
07/31/10	Sat	606	390	266	174	156	394	1011	1620	2332	2582	3000	3099	3146	2727	2948	3411	3468	3060	2690	2145	1817	1866	1409	971	 45288
08/01/10	Sun	635	378	253	163	137	270	528	821	1309	1823	2332	2685	2756	2869	2881	3004	2918	2913	2445	1784	1600	1329	887	552	 37272
08/02/10	Mon	313	159	101	148	254	829	2243	3486	3377	2687	2678	3065	3030	3038	3338	4173	4538	4001	3605	2527	1904	1446	893	532	 52365
08/03/10	Tue	287	174	109	126	252	816	2274	3648	3196	2505	2829	3087	3168	3269	3604	3957	4609	4405	3822	2604	2132	1820	1234	628	 54555
08/04/10	Wed	367	209	143	118	245	851	2283	3585	3505	2952	2774	3029	3222	3246	3595	4379	3524	3237	3431	2755	2217	1878	1269	688	 53502
08/05/10	Thu	391	205	142	135	242	840	2339	3531	3373	2983	2828	3093	3277	3435	3574	4436	4704	4529	4169	2962	2357	2013	1163	739	 57460
08/06/10	Fri	386	232	178	132	236	707	1975	3383	3193	3032	3132	3496	3752	3871	4089	4640	4715	4140	3733	2887	2255	2033	1341	938	 58476
08/07/10	Sat	570	314	259	172	222	413	934	1578	1975	2238	2456	2615	2580	2629	2792	2542	2641	3930	1863	1824	1682	1824	1421	993	 40467
08/08/10	Sun	582	428	263	136	139	238	516	895	1254	1705	2350	2584	2823	2773	2927	3045	2975	2798	2292	1700	1461	1321	784	456	 36445
08/09/10	Mon	289	140	131	102	281	809	2112	3539	3194	2633	2672	2905	3055	3194	3445	4230	4587	3994	3381	2154	1919	1537	905	545	 51753
08/10/10	Tue	334	167	137	111	231	861	2327	3559	3531	2905	2795	3081	3049	3240	3562	4251	4659	4454	3855	2730	2175	1781	1049	536	 55380
08/11/10	Wed	329	192	138	131	232	794	2314	3725	3539	2879	2986	3375	3138	3011	3368	4481	4793	4668	3972	2617	2191	1877	1086	603	 56439
08/12/10	Thu	375	237	168	143	259	892	2348	3654	3467	3132	2954	3158	5011	3754	4135	4821	5013	4628	4082	2738	2346	2119	1235	698	 61367
08/13/10	Fri	446	200	149	153	250	765	2168	3575	3331	2958	3120	3524	3689	3944	4200	4882	4757	4304	3678	2874	2246	2038	1544	1114	 59909
08/14/10	Sat	731	392	336	219	178	456	926	1631	2374	2645	3194	3490	3634	3605	3596	3564	3547	3116	2910	2249	2063	1886	1489	1059	 49290
08/15/10	Sun	588	327	240	159	134	272	509	884	1323	1801	2426	2657	2954	2988	3101	3234	3028	2832	2334	1840	1756	1335	835	529	 38086
08/16/10	Mon	410	156	108	136	233	803	2269	3780	3322	2823	2527	2917	2980	3060	3342	4494	5205	4330	4002	2455	1889	1405	933	532	 54111
08/17/10	Tue	362	213	144	117	246	827	2292	3860	3578	2931	2655	3096	3113	3238	3579	4441	4957	4379	3821	2532	2117	1921	1061	586	 56066
08/18/10	Wed	388	205	144	123	231	801	2334	3932	3712	3179	3214	3111	3233	3253	3496	4352	4962	4569	4218	2744	2224	1463	1205	577	 57670
08/19/10	Thu	348	180	144	139	254	836	2322	3830	3560	2999	2827	3184	3178	3211	3656	4514	4971	4550	4023	2742	2190	1800	1119	632	 57209
08/20/10	Fri	352	194	159	142	209	710	2123	3581	3375	3048	3072	3406	3638	3798	4366	4762	4586	4323	3847	2858	2343	2073	1397	923	 59285
08/21/10	Sat	541	314	247	192	177	367	999	1893	2370	2999	3408	3806	3768	3734	4287	3932	3961	3779	3217	2214	1838	1812	1537	954	 52346
08/22/10	Sun	514	307	247	164	101	239	516	947	1391	1841	2502	2753	3080	3192	3265	3113	3047	3034	2434	1902	1591	1172	757	463	 38572
08/23/10	Mon	286	135	110	122	259	840	2286	3939	3390	2823	2473	2926	2965	2986	3439	4214	4697	4286	3644	2337	1719	1475	988	477	 52816
08/24/10	Tue	246	110	100	118	233	815	2199	3940	3640	2806	2608	2897	2876	2923	3506	4415	4943	4554	3872	2647	2098	1763	1008	509	 54826
08/25/10	Wed	288	158	106	111	219	774	2299	3913	3590	2889	2640	2914	3059	3033	3533	4288	4965	4570	3131	2703	2242	1701	1006	529	 54661
08/26/10	Thu	329	146	137	121	227	828	2293	3878	3623	2952	2719	3085	3056	3219	3720	4435	4966	4814	3872	2807	2260	1838	1085	632	 57042
08/27/10	Fri	341	152	152	119	242	788	2272	3920	3598	3055	2919	3392	3466	3682	4299	4949	4865	4469	3699	2702	2104	1897	1430	967	 59479
08/28/10	Sat	523	332	265	174	164	363	956	1654	2438	2738	3272	3515	3508	3627	3604	3890	3691	3583	2781	2164	1975	1819	1568	1086	 49690
08/29/10	Sun	543	358	242	162	147	304	512	983	1430	1790	2450	2688	3157	3311	3212	3309	3191	3037	3342	1736	1432	1365	884	472	 40057
08/30/10	Mon	242	107	92	133	240	829	2340	3840	3530	2736	2636	2837	2886	2865	3238	4318	4754	4438	3812	2275	1756	1319	767	446	 52436
08/31/10	Tue	221	100	105	106	236	842	2365	4056	3560	2848	2597	2870	2946	2952	3479	4209	4847	4294	3932	2596	2023	1601	900	461	 54146
09/01/10	Wed	289	166	113	113	238	816	2348	3937	3606	2879	2637	2861	2934	3095	3504	4321	4950	4739	4203	2699	2232	1746	1023	534	 55983
09/02/10	Thu	316	177	117	130	250	836	2295	3920	3501	2961	2635	3029	3138	3362	3714	4519	4833	4470	3223	2750	2331	1971	1159	598	 56235
09/03/10	Fri	380	195	154	137	220	703	1988	3564	3312	2886	2928	3408	3668	3997	4616	5076	4609	4273	3677	2675	2245	1982	1447	792	 58932
09/04/10	Sat	515	307	187	166	171	341	784	1556	2192	2588	3064	3333	3349	3344	3326	3636	3334	3108	2477	2096	1818	1697	1202	776	 45367
09/05/10	Sun	480	274	209	148	105	188	453	756	1196	1732	2416	2944	3367	3297	3761	3336	4202	3140	2410	1762	1579	1436	1103	625	 40919
09/06/10	Mon	349	198	160	119	126	232	551	797	1179	1667	2037	2583	2838	2839	3157	2906	2950	2703	2270	1969	1672	1276	735	360	 35673
09/07/10	Tue	222	110	89	113	204	803	2297	3809	3658	2848	2601	2894	2995	3085	3554	4471	4975	4648	3839	2533	1879	1588	914	471	 54600
09/08/10	Wed	263	145	97	114	203	776	2251	3897	3658	3131	2629	2966	3015	2971	3483	4413	4989	4619	3857	2504	2034	1695	1012	449	 55171
09/09/10	Thu	244	148	95	138	222	809	2246	3845	3542	2985	2643	3013	3115	3270	3738	4541	5394	5029	4258	2896	2252	1750	1070	518	 57761
09/10/10	Fri	263	164	137	128	235	769	2173	3753	3589	2983	2897	3230	3349	3648	4148	4727	4283	4551	4044	2910	2135	1930	1413	860	 58319
09/11/10	Sat	493	315	235	159	159	362	839	1801	2441	2788	3183	3429	3585	3529	3407	3881	3568	3520	2999	2503	1919	1788	1417	820	 49140
09/12/10	Sun	508	298	215	146	135	213	503	931	1461	1746	2514	2649	2803	2820	2910	3143	3126	3084	2597	1820	1457	1053	702	387	 37221
09/13/10	Mon	207	97	106	124	234	773	2228	3867	3869	2677	2377	2723	2906	3022	3396	4137	4783	4822	3602	2392	1719	1471	835	502	 52869
09/14/10	Tue	289	127	114	117	214	761	2344	3860	3579	2770	2623	2723	2911	3122	3383	4246	4656	4477	3615	2532	2088	1779	1339	704	 54373
09/15/10	Wed	260	161	106	126	237	758	2240	3911	3662	2855	2660	2880	2886	2978	3432	4272	4855	4250	3898	2748	2187	1848	1051	510	 54771
09/16/10	Thu	304	171	138	139	267	862	2210	3928	3617	2984	2699	3027	3067	3142	3703	4558	4911	4731	4072	2989	2353	1947	1239	642	 57700
09/17/10	Fri	351	204	145	152	233	673	2049	3588	3455	3014	2902	3329	3584	3635	4234	4852	4738	4610	4056	2807	2244	2041	1384	873	 59153
09/18/10	Sat	524	295	227	180	178	327	836	1670	2431	2786	3259	3798	3697	4048	3754	3714	3366	3457	3094	2336	2002	1892	1404	916	 50191
09/19/10	Sun	578	324	238	167	114	222	450	908	1435	1911	2571	2846	3074	3231	2984	2958	2895	2949	2796	1847	1464	1111	680	429	 38182
09/20/10	Mon	257	121	76	127	267	805	2235	3854	3536	2790	2551	2818	2865	2928	3300	4080	4374	4361	3589	2358	1704	1359	818	393	 51566
09/21/10	Tue	230	116	92	112	236	817	2255	3819	3606	2975	2584	2834	3035	3066	3478	4419	5166	4702	3899	2523	2045	1700	936	490	 55135
09/22/10	Wed	264	153	89	138	227	798	2259	3835	3516	2894	2678	2850	2858	2965	3512	4292	4352	4248	3876	2711	2060	1681	1026	485	 53767
09/23/10	Thu	281	152	134	109	227	862	2296	3926	3660	2996	2648	3039	3187	3366	3669	4645	5078	4735	4582	2909	2237	1932	1068	559	 58297
09/24/10	Fri	300	189	136	138	227	752	2180	3743	3553	2896	3077	3318	3545	3734	4329	4492	4430	4344	3847	3089	2177	1994	1589	962	 59041
09/25/10	Sat	511	296	230	135	156	313	824	1703	2609	2870	3512	3785	3698	3947	3637	3788	3630	3526	2886	2326	2025	1739	1507	1207	 50860
09/26/10	Sun	578	382	295	161	134	199	576	1025	1562	2111	2758	2890	3062	3252	2972	2798	2669	2695	2605	1868	1468	1116	757	409	 38342
09/27/10	Mon	221	112	90	133	241	744	2232	3745	3602	2769	2563	2802	2865	2878	3390	4219	4688	4483	3674	2363	1749	1418	928	456	 52365
09/28/10	Tue	224	130	91	120	220	817	2339	3787	3870	2816	2534	2842	3189	3041	3483	4372	4639	4424	4282	2724	1977	1755	1114	493	 55283
09/29/10	Wed	238	159	97	110	250	776	2233	3944	3522	2910	2611	2910	3001	2997	3410	4273	4787	4321	3859	2841	2207	1777	1021	491	 54745
09/30/10	Thu	326	149	99	124	247	808	2301	3899	3494	2885	2659	2958	3160	3208	3706	4504	4832	4381	4127	1890	2186	1920	1138	664	 55665
10/01/10	Fri	324	210	141	159	213	683	2070	3653	3346	2987	2884	3324	3432	3735	4259	4841	4760	4679	3927	2846	2178	1971	1358	831	 58811
10/02/10	Sat	527	312	207	147	162	297	732	1663	2553	2901	3173	3529	3707	3602	3492	3693	3786	3643	3154	2448	1935	1843	1365	881	 49752
10/03/10	Sun	566	292	236	156	139	269	505	847	1403	1798	2642	2694	2916	2941	3033	3227	2992	2983	2544	1782	1434	1113	655	396	 37563
10/04/10	Mon	250	107	82	122	229	733	2050	3939	3377	2820	2532	2790	2888	2944	3405	4750	4437	4646	3891	2352	1665	1350	772	421	 52552
10/05/10	Tue	225	132	103	103	241	751	2270	3884	3503	2879	2485	2721	3055	3059	3490	4375	4761	4582	3899	2550	1896	1593	875	429	 53861
10/06/10	Wed	255	139	84	120	227	797	2253	3914	3467	2826	2529	2864	2930	3011	3561	4196	4788	4585	4084	2801	2073	1728	978	520	 54730
10/07/10	Thu	277	136	110	129	242	761	2262	3807	3566	2963	2689	3203	3261	3212	3567	4614	4943	4639	3983	2781	2074	1983	1105	725	 57032
10/08/10	Fri	354	213	149	135	231	717	2062	3519	3489	2931	2848	3336	3500	3667	4108	4697	4658	4427	3732	2797	2204	1992	1354	899	 58019
10/09/10	Sat	555	353	204	150	118	291	734	1669	2546	3147	3309	3812	3905	3976	3901	4030	3627	3557	2912	2157	1800	1873	1301	860	 50787
10/10/10	Sun	497	338	262	160	105	167	416	890	1495	1767	2447	2577	2758	2761	2933	3105	2960	2701	2351	1666	1278	1003	705	415	 35757
10/11/10	Mon	286	125	80	110	228	722	2131	3672	3336	2785	2530	2891	3017	2987	3434	4241	4728	4306	3962	2306	1772	1429	759	454	 52291
10/12/10	Tue	234	149	89	120	209	739	2151	3627	3370	2738	2314	2589	2870	2950	3281	4161	4587	4240	3876	2576	1941	1574	871	475	 51731
10/13/10	Wed	267	160	100	91	243	740	2184	3927	3613	3027	2502	2972	3036	3014	3651	4336	4759	4320	3907	2769	2125	1689	1058	525	 55015
10/15/10	Fri	326	179	137	128	258	789	2102	3565	3251	2918	3004	3250	3593	4083	4170	4809	4695	4177	3764	2889	2128	2065	1497	861	 58638
10/16/10	Sat	567	304	242	153	157	335	891	1718	2416	2600	3335	3555	3833	3851	3799	3791	3681	3424	2970	2295	1877	1759	1348	855	 49756
10/17/10	Sun	546	341	251	132	141	200	508	838	1295	1709	2485	2760	3093	3082	2918	2801	2725	2914	2597	1839	1405	1042	691	438	 36751
10/18/10	Mon	257	127	84	132	250	829	2211	3570	3233	2679	2487	2800	2991	2953	3326	4100	4675	4316	3387	2147	1681	1352	758	530	 50875
10/19/10	Tue	240	135	99	114	231	809	2333	3675	3254	2950	2568	2933	3017	3144	3575	4332	4616	4212	3747	2595	1975	1639	901	437	 53531
10/20/10	Wed	238	153	121	107	236	805	2313	3723	3371	2799	2677	2911	3003	3206	3603	4237	4844	4414	3772	2694	2065	1707	887	515	 54401
10/21/10	Thu	315	151	119	117	246	834	2323	3835	3478	2843	2786	2957	3181	3528	3894	4442	4813	4562	3874	2615	2072	1808	1109	690	 56592
10/22/10	Fri	352	211	136	145	246	748	2125	3501	3244	2810	2909	3358	3574	3796	4087	4675	4761	4283	3416	2548	2090	1830	1402	875	 57122
10/23/10	Sat	534	287	225	135	153	298	713	1471	2236	2607	2961	3532	3641	3851	3766	3924	3978	3506	3058	2278	1819	1820	1580	1053	 49426
10/24/10	Sun	622	360	245	182	107	218	418	802	1283	1596	2448	2709	3154	3462	3004	2670	2791	2814	2360	1649	1324	1011	616	416	 36261
10/25/10	Mon	240	116	96	124	240	783	2339	3739	3254	2424	2408	2596	2772	2714	3246	3938	4498	4310	3509	2140	1612	1322	755	395	 49570
10/26/10	Tue	251	122	111	114	226	812	2359	3964	3433	2701	2480	2862	2865	3046	3500	4028	4793	4388	3863	2408	1881	1484	848	528	 53067
10/27/10	Wed	315	191	84	108	258	823	2312	3924	3448	2713	2569	2891	2976	3141	3425	4236	4641	4401	4068	2471	1892	1639	1036	589	 54151
10/28/10	Thu	322	178	115	118	254	784	2326	3891	3421	2911	2682	2953	3028	3165	3615	4557	4726	4466	4463	2724	2111	1834	1111	559	 56314
10/29/10	Fri	322	146	147	100	223	729	2124	3526	3353	2945	2904	3319	3543	3740	4247	4673	4605	4540	3865	2811	2177	2072	1352	867	 58330
10/30/10	Sat	555	324	224	164	152	320	782	1544	2306	2641	3130	3595	3814	3870	3842	3728	3592	3415	2892	2237	1825	1855	1414	911	 49132
10/31/10	Sun	663	468	346	220	143	205	402	770	1303	1677	2280	2364	2565	2788	2865	2983	3026	2606	1884	1390	1352	1169	676	326	 34471
11/01/10	Mon	221	135	128	126	263	819	2263	3687	3479	2732	2523	2693	2828	2862	3270	4138	4521	4404	3601	2141	1619	1292	756	366	 50867
11/02/10	Tue	219	132	111	115	243	814	2309	3925	3570	2837	2462	2887	2981	3076	3463	4406	4631	4493	3705	2379	1857	1595	856	497	 53563
11/03/10	Wed	284	140	104	117	236	819	2448	3872	3630	2846	2519	2832	2943	3039	3385	4224	4631	4456	3856	2464	2030	1672	916	546	 54009
11/04/10	Thu	305	154	127	128	234	864	2352	3940	3691	2883	2556	2879	2921	3087	3662	4543	4766	4475	4004	2690	2099	1792	1124	580	 55856
11/05/10	Fri	312	196	127	125	259	801	2336	3877	3460	2970	2892	3308	3396	3748	4218	4774	4829	4359	3988	2659	1773	1945	1368	882	 58602
11/06/10	Sat	521	314	230	152	150	308	877	1769	2516	2695	3269	3597	3780	3787	3819	3821	3729	3519	3073	2204	1921	1845	1395	905	 50196
11/07/10	Sun	356	343	214	146	128	100	217	544	982	1378	1833	2445	2678	3085	3205	3117	3202	3090	2763	2104	1692	1324	956	636	 36538
11/08/10	Mon	193	99	95	119	244	837	2470	3976	3343	2764	2515	2866	2963	2944	3442	4093	4472	4306	3646	2061	1598	1271	781	379	 51477
11/09/10	Tue	250	121	78	99	238	856	2423	3966	3446	2701	2451	2796	2932	3023	3308	3590	3415	3256	2945	2058	1632	1207	874	403	 48068
11/10/10	Wed	211	129	85	103	231	783	2374	3831	3475	2711	2463	2884	2907	3110	3559	4306	4897	4354	3838	2396	1960	1905	931	457	 53900
11/11/10	Thu	283	143	99	124	237	854	2276	3526	3095	2648	2383	2781	2907	2884	3519	4282	4745	4350	3471	2454	1792	1695	904	575	 52027
11/12/10	Fri	354	148	153	116	213	697	2099	3558	3333	2927	2904	3497	3515	3669	4216	4784	4639	4571	3815	2549	1990	2257	1506	904	 58414
11/13/10	Sat	572	300	259	157	140	275	853	1572	2228	2618	3086	3445	3564	3629	3704	3667	3206	3505	2845	2029	1769	1762	1366	868	 47419
11/14/10	Sun	568	334	259	159	93	197	464	861	1301	1698	2366	2522	2982	3180	2988	2992	2970	2819	2333	1726	1314	1007	672	340	 36145
11/15/10	Mon	240	116	80	117	231	841	2275	3652	3133	2491	2218	2599	2647	2762	3318	4039	4744	4282	3431	2054	1572	1409	750	400	 49401
11/16/10	Tue	231	128	97	97	223	817	2380	3917	3552	2872	2515	2968	2977	3018	3630	4360	4191	4143	3303	2291	1851	1459	893	425	 52338
11/17/10	Wed	225	145	104	97	234	762	2198	3747	3500	2981	2574	2879	2920	3149	3616	4397	4510	4857	3781	2481	2062	1671	1077	511	 54478
11/18/10	Thu	299	144	97	131	237	832	2375	3930	3469	2961	2589	3027	3035	3206	3748	4455	4543	4559	3980	2720	2150	1987	1212	566	 56252
11/19/10	Fri	318	155	204	185	220	802	2283	3897	3620	2907	2733	3297	3451	3563	4135	4370	3979	4120	3837	2729	2063	2045	1535	804	 57252
11/20/10	Sat	590	329	251	150	153	332	979	1755	2322	2664	3039	3384	3484	3660	3596	3722	3734	3496	2905	2142	1829	1811	1430	906	 48663
11/21/10	Sun	533	353	221	152	124	208	520	939	1351	1747	2311	2561	2900	2965	3032	3082	3026	2739	2121	1602	1193	981	661	376	 35698
11/22/10	Mon	256	134	110	115	234	802	2285	3713	3323	2692	2669	2994	3165	3216	3724	4470	4704	4507	3585	2198	1671	1458	845	482	 53352
11/23/10	Tue	278	154	127	124	209	861	2267	3785	3420	2991	2847	3252	3364	3552	3966	4440	4459	4218	3470	2806	2060	1723	1038	652	 56063
11/24/10	Wed	332	227	128	132	226	745	1916	2901	2988	2813	3031	3420	3790	3962	4385	4765	4395	3674	2825	2116	1846	1490	1016	668	 53791
11/25/10	Thu	478	266	182	104	109	207	421	652	912	1262	1813	2540	2969	3106	2510	2178	1856	1928	2122	2200	2011	1566	1008	574	 32974
11/26/10	Fri	360	270	287	322	381	716	1390	2071	2324	2707	3172	3483	3540	3440	3310	3449	3476	3086	2358	1956	1657	1532	1131	654	 47072
11/27/10	Sat	449	289	201	145	135	285	807	1389	1783	2117	2741	3011	3066	3109	3166	3521	3407	3262	2586	2064	1736	1592	1224	741	 42826
11/28/10	Sun	492	309	211	159	103	299	566	978	1210	1651	2281	2459	2794	2922	2658	2725	2789	2584	2074	1584	1205	951	560	339	 33903
11/29/10	Mon	258	141	68	117	248	820	2079	3381	3192	2445	2363	2723	2658	2779	3298	4039	4385	4416	3614	2115	1537	1327	762	400	 49165
11/30/10	Tue	232	138	91	102	220	833	2310	3860	3437	3008	2551	2858	2903	3060	3473	4393	4526	4515	3723	2385	1900	1573	879	494	 53464
12/01/10	Wed	269	129	104	94	256	812	2205	3897	3301	2890	2617	2953	3081	3041	3482	4306	4542	4255	3590	2551	2086	1747	1009	509	 53726
12/02/10	Thu	295	163	114	120	257	843	2280	3944	3434	2989	2607	3091	3028	3085	3686	4540	4377	4273	3934	2507	2225	2072	1252	619	 55735
12/03/10	Fri	313	189	142	140	238	856	2267	3862	3415	2887	2614	3316	3236	3625	4035	4727	4710	4393	3820	2634	2157	2171	1638	952	 58337
12/04/10	Sat	589	324	227	157	144	311	933	1708	2415	2618	2962	3401	3741	3645	3696	3657	3752	3707	2758	2195	1956	1929	1510	925	 49260
12/05/10	Sun	612	365	222	129	104	187	536	917	1336	1775	2311	2443	2766	2809	3021	3269	3129	2848	2178	1732	1308	1186	657	329	 36169
12/06/10	Mon	236	121	91	116	249	761	2204	3691	3395	2733	2435	2850	2950	2834	3391	4231	4466	4182	3730	2344	1740	1517	795	390	 51452
12/07/10	Tue	252	131	86	107	202	798	2278	3884	3441	2744	2514	2693	3007	3047	3500	4198	4628	4753	3532	2582	2067	1699	958	491	 53592
12/08/10	Wed	278	146	118	97	219	754	2237	3847	3591	2885	2557	2990	3040	3095	3640	4341	4655	3438	2627	2568	2109	1864	1013	511	 52620
12/09/10	Thu	282	146	86	116	260	788	2284	3825	3456	2842	2588	2946	3071	3274	3797	4566	4693	4253	3826	2622	2245	2105	1280	698	 56049
12/10/10	Fri	314	169	142	144	206	645	2083	3651	3318	2827	2864	3343	3573	3662	4319	4920	4501	4257	3969	2772	2166	2227	1703	1054	 58829
12/11/10	Sat	636	339	243	145	144	375	910	1476	2159	2482	3117	3401	3630	3790	3939	3894	3946	3929	3185	2310	1876	2006	1827	1146	 50905
12/12/10	Sun	682	370	231	154	97	191	621	972	1274	1785	2307	2611	3073	3253	3060	3067	3073	3103	2227	1775	1512	1230	760	403	 37831
12/13/10	Mon	254	128	100	118	235	796	2219	3647	3295	2757	2515	2877	3017	3123	3619	4207	4527	3840	3640	2351	1917	1530	1038	439	 52189
12/14/10	Tue	254	136	95	110	239	804	2196	3746	3511	3022	2743	3010	3045	3337	3725	4497	4749	4373	3916	2600	2234	1728	1152	542	 55764
12/15/10	Wed	268	174	109	114	278	781	2265	3939	3561	2836	2802	3168	3231	3573	4071	4555	4683	4207	3563	2559	2162	1819	1136	543	 56397
12/16/10	Thu	275	192	92	128	249	780	2144	3570	3204	2806	2678	3101	3267	3353	3875	4709	4993	4674	4462	2862	2308	2194	1419	767	 58102
12/17/10	Fri	497	234	183	156	240	716	2014	3539	3475	2879	2961	3572	3806	3966	4491	5133	4939	4258	3812	3005	2364	2406	1926	1037	 61609
12/18/10	Sat	667	391	221	168	166	344	1030	1617	2186	2565	3145	3715	3780	3938	4037	4111	4181	3892	3264	2535	2035	2117	1998	1162	 53265
12/19/10	Sun	687	398	278	146	132	229	568	954	1377	1769	2507	2710	3272	3417	3183	3135	3324	3039	2518	1991	1770	1476	936	532	 40348
12/20/10	Mon	382	177	106	128	234	748	1992	3364	3172	2834	3012	3364	3443	3892	3976	4571	4986	4591	3712	2653	2112	1887	1175	595	 57106
12/21/10	Tue	380	240	152	114	229	711	2048	3352	3253	2970	3043	3583	3718	3807	4086	4691	4936	4421	3506	2888	2290	2038	1454	775	 58685
12/22/10	Wed	434	243	149	130	239	747	1905	3194	3194	3020	3150	3571	3831	3962	4406	4857	6386	6276	4900	3750	3119	2855	1819	1145	 67282
12/23/10	Thu	703	445	235	214	311	998	2755	4402	4395	4273	3310	3865	4092	4287	4701	5874	5779	5266	4427	3242	2712	2683	2120	1150	 72239
12/24/10	Fri	752	463	293	208	247	461	1239	1957	2319	2244	2716	3278	3471	3628	3702	3941	4895	4314	3690	2477	2620	2754	2319	1303	 55291
12/25/10	Sat	614	329	192	88	55	112	310	566	1190	1422	1637	1904	2311	2354	2278	1987	1972	2500	2668	2587	2486	2152	1417	852	 33983
12/26/10	Sun	489	290	152	178	156	403	859	1265	1468	1951	2317	2775	3055	3192	3197	3056	2984	4004	3455	2589	2027	1868	1232	642	 43604
12/27/10	Mon	491	269	197	184	325	949	2680	4210	4137	3746	3526	3147	3348	3661	3952	4419	6062	5702	4193	2871	2371	2052	1504	748	 64744
12/28/10	Tue	536	251	190	179	292	976	2998	4618	4648	4015	4174	3814	3371	3623	3865	4429	4683	6254	4679	3086	2522	2335	1540	809	 67887
12/29/10	Wed	510	276	178	161	295	948	2934	4631	4552	3502	2968	3343	3456	3747	3938	4652	4776	4576	5065	3383	2737	2374	1643	953	 65598
12/30/10	Thu	605	339	249	203	283	893	2511	4025	4078	3906	4397	4754	4649	4038	2939	3035	2301	1890	1486	1020	879	824	603	425	 50332
12/31/10	Fri	299	182	164	121	188	357	716	1056	1211	1274	1542	1900	2116	2481	2693	2917	2736	2309	2079	1722	1226	965	795	573	 31622