01/01/10	Fri	395	372	217	103	142	281	626	1115	1164	1309	1610	1758	1882	1884	1784	1791	1730	1381	1209	819	666	503	379	248	 23368
01/02/10	Sat	143	63	54	73	137	333	1058	1580	1697	1895	2147	2265	2273	2073	2049	1848	1851	1721	1313	928	794	685	513	300	 27793
01/03/10	Sun	189	121	86	84	125	295	797	1229	1214	1633	1828	1986	1967	2007	1611	1518	1523	1471	1175	779	581	439	264	142	 23064
01/04/10	Mon	90	57	41	122	336	1125	3333	4487	3074	2558	1886	1724	1890	1827	2000	2285	2490	2386	1528	783	575	508	342	175	 35622
01/05/10	Tue	106	52	46	108	311	1175	3465	4632	4111	2475	1985	1947	1909	1822	1979	2372	2583	2621	1769	922	673	589	329	182	 38163
01/06/10	Wed	125	65	47	95	307	1138	3363	4471	3592	2131	1575	1391	1437	1469	1578	1888	1952	1721	1016	625	379	336	243	120	 31064
01/07/10	Thu	81	52	53	99	298	974	2166	2967	2999	2153	1627	1537	1550	1483	1638	2088	2230	2348	1563	767	586	579	395	149	 30382
01/08/10	Fri	114	69	57	101	262	976	3015	4270	3924	2550	1916	1969	1934	1853	2202	2751	3057	3010	2425	1446	1053	749	510	299	 40512
01/09/10	Sat	175	95	86	79	153	466	1714	1918	2032	2194	2274	2298	2353	2166	2156	2038	2240	2024	1598	998	774	718	576	305	 31430
01/10/10	Sun	197	148	102	67	127	307	926	1388	1437	1741	1862	1952	2046	1937	1806	1696	1746	1479	1108	834	632	538	311	127	 24514
01/11/10	Mon	86	47	44	118	360	1144	3509	4375	4090	2456	1966	1760	1750	1778	1909	2314	2485	2482	1616	795	574	504	338	141	 36641
01/12/10	Tue	83	52	47	107	314	1135	3572	4605	4072	2624	1861	1775	1717	1732	1773	2380	2646	2651	1778	831	707	589	325	167	 37543
01/13/10	Wed	95	58	42	103	311	1158	3467	4686	4029	2490	1895	1949	1759	1753	1975	2414	2739	2569	1795	864	676	568	362	161	 37918
01/14/10	Thu	85	64	57	111	303	1152	3419	4747	3816	2356	1908	1833	1833	1749	1981	2451	2682	2594	1810	963	738	632	365	187	 37836
01/15/10	Fri	94	70	37	112	291	1075	3170	4711	3802	2575	2098	2115	2042	2238	2473	3217	3510	3337	2711	1569	1069	870	596	322	 44104
01/16/10	Sat	206	90	76	79	146	415	1607	1920	2154	2432	2577	2563	2658	2368	2304	2228	2308	2198	1677	1070	831	686	564	358	 33515
01/17/10	Sun	206	107	96	64	118	280	816	1351	1530	1820	1983	1992	1991	1998	1906	1900	1890	1529	1325	883	690	518	382	148	 25523
01/18/10	Mon	96	48	44	106	355	984	2767	3970	3365	2648	2257	2265	2194	2026	2072	2365	2514	2394	1519	817	589	477	306	146	 36324
01/19/10	Tue	77	48	49	111	328	1219	3595	4837	3979	2537	1955	1825	1749	1652	1861	2282	2476	2598	1573	780	627	522	304	133	 37117
01/20/10	Wed	77	51	48	91	302	1153	3485	4768	3842	2477	1873	1767	1711	1711	1850	2328	2585	2623	1682	787	709	580	337	149	 36986
01/21/10	Thu	92	56	55	108	319	1164	3521	4807	3898	2420	1947	1745	1858	1813	2072	2426	2631	2859	1734	922	813	617	384	169	 38430
01/22/10	Fri	80	59	55	101	286	1035	3271	4820	4168	2589	2131	2065	2057	2084	2363	2833	3140	3196	2345	1361	990	910	532	305	 42776
01/23/10	Sat	180	117	54	83	154	432	1634	1756	2135	2162	2195	2118	2308	2098	2216	2038	2110	1978	1549	996	775	726	587	333	 30734
01/24/10	Sun	185	116	68	71	111	291	902	1022	1210	1531	1647	1722	1904	1611	1577	1429	1549	1260	954	696	726	526	295	120	 21523
01/25/10	Mon	69	60	38	88	368	1194	3593	4513	3919	2430	1877	1727	1658	1633	1789	2292	2368	2416	1485	762	561	467	283	142	 35732
01/26/10	Tue	74	53	45	105	319	1215	3557	4695	3909	2486	1932	1758	1755	1668	1775	2335	2476	2555	1571	860	686	561	321	157	 36868
01/27/10	Wed	104	41	35	90	322	1169	3479	4691	3777	2402	1797	1737	1657	1647	1975	2538	2972	2746	1643	788	627	469	322	142	 37170
01/28/10	Thu	93	54	46	103	302	1110	3154	4020	3452	2328	1745	1560	1526	1533	1780	2210	2482	2605	1542	878	650	564	383	167	 34287
01/29/10	Fri	100	57	47	91	286	1030	3191	4562	4023	2710	2116	2082	2023	2165	2430	3055	3426	3335	2662	1475	1077	854	598	337	 43732
01/30/10	Sat	207	115	88	98	144	413	1826	2066	2460	2490	2560	2406	2339	2350	2244	2220	2308	2302	1678	1113	827	770	565	418	 34007
01/31/10	Sun	217	119	76	60	119	266	948	1275	1528	1805	1972	1946	2204	2035	1976	1994	1875	1711	1194	843	691	483	299	160	 25796
02/01/10	Mon	76	52	50	110	367	1226	3562	4639	3814	2430	1934	1686	1695	1631	1894	2258	2498	2473	1497	771	555	487	264	135	 36104
02/02/10	Tue	67	58	36	105	334	1164	3619	4667	3919	2583	1954	1790	1749	1720	1829	2486	2600	2705	1608	844	574	521	345	153	 37430
02/03/10	Wed	84	50	49	105	330	1159	3573	4855	3885	2536	1989	1796	1778	1764	1860	2377	2690	2766	1708	896	651	548	323	163	 37935
02/04/10	Thu	80	60	57	91	333	1131	3445	4713	3903	2369	1864	1774	1804	1737	1817	2281	2640	2724	1714	952	709	598	367	179	 37342
02/05/10	Fri	90	67	56	101	289	1079	3394	4694	4101	2748	2188	1972	2028	2065	2317	2955	3346	3310	2413	1321	943	826	522	315	 43140
02/06/10	Sat	185	108	81	80	135	415	1647	2067	2144	2341	2286	2351	2492	2259	2175	2085	2259	2038	1692	1063	772	688	515	346	 32224
02/07/10	Sun	175	105	71	68	104	266	868	1114	1116	1242	1233	1238	1343	1305	1388	1605	1013	560	587	409	1453	649	317	135	 18364
02/08/10	Mon	52	63	54	105	359	1069	2729	3081	2713	2192	1320	1190	1222	1153	1297	1707	1711	1641	1007	490	355	346	195	125	 26176
02/09/10	Tue	54	49	37	120	342	1098	3125	3728	3149	2576	1742	1708	1631	1660	1653	2134	2291	2534	1630	809	596	485	310	157	 33618
02/10/10	Wed	89	50	47	107	331	1135	3546	4379	3971	2416	1930	1691	1658	1640	1825	2246	2544	2607	1693	890	685	526	351	162	 36519
02/11/10	Thu	85	42	50	121	332	1131	3589	4635	3765	2498	1860	1871	1890	1789	2019	2424	2710	2753	1812	1083	844	702	414	198	 38617
02/12/10	Fri	135	64	66	121	289	1066	3155	4568	3781	2587	2180	2227	2098	2292	2429	2996	3279	3093	2519	1413	1061	904	566	348	 43237
02/13/10	Sat	196	118	67	86	142	398	1426	1862	2011	2218	2365	2469	2565	2386	2300	2244	2284	2123	1711	1058	809	656	577	333	 32404
02/14/10	Sun	224	121	74	66	100	271	763	940	1110	1289	1434	1528	1828	1745	1621	1603	1690	1423	1098	769	652	475	394	191	 21409
02/15/10	Mon	99	70	44	94	291	921	2755	3900	3012	2495	2205	2109	2070	2050	2082	2173	2356	2348	1443	876	601	488	283	148	 34913
02/16/10	Tue	77	66	46	104	373	1188	3698	4751	3979	2584	1948	1765	1722	1786	1903	2248	2534	2663	1700	812	711	541	316	176	 37691
02/17/10	Wed	103	56	56	120	327	1219	3635	4605	4058	2529	2047	1754	1768	1750	1891	2367	2586	2651	1686	864	700	530	337	174	 37813
02/18/10	Thu	94	59	39	106	312	1149	3643	4880	3717	2412	1924	1829	1766	1743	2027	2269	2583	2409	1451	786	583	489	280	132	 36682
02/19/10	Fri	90	49	50	107	243	944	2537	3512	3532	2276	1791	1741	1808	1785	2085	2570	2970	2762	1829	1061	857	704	437	247	 35987
02/20/10	Sat	139	91	70	87	138	489	1891	1779	1680	1802	1771	1819	1771	1825	1706	1734	1823	1801	1348	889	685	598	526	289	 26751
02/21/10	Sun	129	102	83	56	108	298	1058	1102	1073	1304	1448	1509	1683	1469	1453	1365	1250	1130	805	560	478	336	257	98	 19154
02/22/10	Mon	66	51	37	100	309	1070	2804	3343	3113	2159	1717	1520	1556	1528	1658	1965	2285	2437	1457	712	568	439	260	146	 31300
02/23/10	Tue	80	42	52	106	323	1188	3663	4671	3930	2487	1922	1718	1707	1641	1833	2209	2637	2659	1693	887	705	593	359	174	 37279
02/24/10	Wed	85	50	49	99	340	1189	3708	4704	3975	2580	2024	1727	1709	1618	1865	2288	2631	2808	1741	908	715	547	365	178	 37903
02/25/10	Thu	87	51	49	104	337	1179	3615	4739	3740	2420	1897	1811	1723	1744	1919	2303	2457	2295	1419	797	613	522	293	166	 36280
02/26/10	Fri	89	56	67	102	274	1012	2961	3646	3739	2590	2061	1973	2032	2100	2316	3010	3411	3215	2615	1529	1098	830	599	345	 41670
02/27/10	Sat	157	90	71	85	152	506	1992	2006	2233	2377	2409	2459	2414	2433	2213	2244	2235	2253	1696	1182	904	863	649	368	 33991
02/28/10	Sun	190	106	74	68	116	319	1048	1213	1277	1603	1819	1845	2037	1815	1784	1628	1799	1466	1030	740	617	435	264	143	 23436
03/01/10	Mon	94	47	53	119	344	1178	3483	4318	3497	2305	1726	1580	1678	1572	1814	2176	2397	2454	1545	715	562	477	304	150	 34588
03/02/10	Tue	76	63	54	105	324	1223	3756	4848	3994	2585	2075	1751	1767	1700	1889	2306	2567	2575	1745	891	647	565	311	162	 37979
03/03/10	Wed	100	63	48	100	348	1186	3690	4671	4046	2582	1992	1742	1737	1660	1849	2276	2642	2838	1862	898	694	605	349	153	 38131
03/04/10	Thu	86	60	40	97	338	1234	3762	4913	3928	2578	1958	1928	1856	1767	1988	2458	2707	2739	2056	1110	788	695	367	209	 39662
03/05/10	Fri	116	76	62	103	307	1076	3557	4617	4092	2593	2162	2093	2014	2131	2422	3182	3548	3343	2741	1467	936	792	566	309	 44305
03/06/10	Sat	186	88	78	78	159	510	1957	2082	2343	2446	2492	2521	2541	2339	2393	2256	2358	2310	1893	1080	849	776	608	352	 34695
03/07/10	Sun	211	128	94	72	114	282	1026	1313	1475	1753	1954	1974	2077	1995	1914	1865	1851	1628	1250	894	736	443	364	150	 25563
03/08/10	Mon	100	46	47	100	360	1178	3593	4745	3657	2367	1815	1599	1661	1595	1761	2225	2444	2397	1449	731	538	472	299	134	 35313
03/09/10	Tue	88	62	65	124	332	1210	3743	4612	3846	2395	1910	1755	1792	1695	1848	2394	2619	2659	1658	807	626	517	341	155	 37253
03/10/10	Wed	83	54	65	107	302	1197	3686	4915	3775	2398	1920	1699	1735	1738	2020	2431	2544	2634	1522	804	598	527	292	156	 37202
03/11/10	Thu	83	47	64	98	309	1150	3596	4615	3804	2496	1911	1772	1761	1730	1949	2511	2782	2942	2067	1054	845	617	380	200	 38783
03/12/10	Fri	94	67	55	115	331	1132	3695	4656	4332	2727	2218	2018	2154	2135	2457	3005	3298	3277	2509	1445	1057	816	539	317	 44449
03/13/10	Sat	192	112	70	89	152	447	1870	1983	2208	2632	2595	2493	2580	2614	2567	2531	2527	2338	1877	1217	916	767	570	322	 35669
03/15/10	Mon	84	64	49	102	328	1017	2702	3400	3175	2134	1679	1610	1807	1744	1818	2286	2676	2577	1607	949	654	566	363	176	 33567
03/16/10	Tue	94	65	64	107	327	1178	3609	4649	4074	2564	1981	1775	1902	1704	2058	2442	2696	2785	1936	953	787	664	397	170	 38981
03/17/10	Wed	92	68	61	101	336	1237	3477	4633	4133	2725	2139	2021	1883	1936	2105	2446	3077	2953	1966	1121	853	686	404	223	 40676
03/18/10	Thu	119	76	82	106	366	1176	3481	4797	4082	2692	2190	2024	2075	2025	2206	2701	2999	3049	2226	1332	943	823	503	264	 42337
03/19/10	Fri	123	84	72	107	270	915	2266	2614	1711	1301	1112	1182	1021	1196	1331	1432	1218	1153	997	554	421	317	234	146	 21777
03/20/10	Sat	70	59	48	86	123	442	1195	1119	1219	1425	1893	2061	2227	2241	2128	2058	2108	2047	1690	1153	841	750	567	402	 27952
03/21/10	Sun	184	108	99	75	145	313	1105	1320	1451	1728	2011	2132	2266	2059	2060	2013	1989	1761	1300	1046	748	616	376	167	 27072
03/22/10	Mon	80	60	42	96	373	1185	3628	4733	3900	2723	2104	1923	1977	1854	2112	2492	2675	2779	1617	988	656	584	347	175	 39103
03/23/10	Tue	80	64	64	108	343	1242	3543	4055	3920	2481	1961	1863	1801	1905	1998	2355	2534	2233	925	330	231	123	70	62	 34291
03/24/10	Wed	46	20	37	57	160	491	1016	1010	949	1268	1073	979	1209	1253	1264	1406	1559	1708	1147	642	518	455	289	119	 18675
03/25/10	Thu	100	65	58	123	357	1125	3271	4318	4331	2738	2199	1964	1841	1833	2038	2338	2810	2903	1937	1103	839	662	419	192	 39564
03/26/10	Fri	93	57	55	103	317	1119	3422	4636	3685	2683	2281	2283	2073	2122	2412	2901	2884	2654	1826	980	711	589	432	272	 40590
03/27/10	Sat	159	93	67	82	156	433	1273	1402	1620	1729	1871	2164	2125	1997	1950	1985	2016	1887	1465	1090	855	719	585	409	 28132
03/28/10	Sun	214	120	97	85	129	312	994	1369	1473	1709	1975	2062	2144	2110	2082	1943	1959	1717	1337	1074	850	591	346	181	 26873
03/30/10	Tue	90	65	57	106	334	1171	3254	4399	3549	2463	2025	1882	1809	1883	1961	2347	2636	2674	1689	1082	716	572	378	180	 37322
03/31/10	Wed	93	63	69	109	311	1125	3252	4450	3560	2532	2036	1967	1964	1898	2011	2429	2748	2661	1840	1113	751	580	375	184	 38121
04/01/10	Thu	96	51	63	89	324	1144	3143	4377	3509	2491	2126	1954	1968	1952	1966	2464	2629	2776	1884	1112	784	630	424	199	 38155
04/02/10	Fri	111	68	66	87	253	865	2645	3858	3179	2300	2119	2203	2175	2152	2300	2687	2858	2660	2138	1199	966	693	536	307	 38425
04/03/10	Sat	155	110	77	84	146	364	1127	1580	1898	2197	2277	2334	2411	2197	2061	2103	2089	1870	1648	1123	819	722	563	305	 30260
04/04/10	Sun	180	104	61	63	117	267	559	1080	1367	1736	2077	2054	2419	2173	2185	2179	2360	2245	2067	1782	1305	779	431	169	 29759
04/05/10	Mon	79	50	43	113	391	1254	3611	4878	3710	2538	2077	1860	1893	1782	1944	2370	2599	2645	1659	952	629	521	358	146	 38102
04/06/10	Tue	83	43	49	105	345	1264	3647	4889	3715	2378	1800	1727	1773	1711	1867	2282	2614	2781	1717	889	676	503	357	153	 37368
04/07/10	Wed	97	62	48	101	286	979	2643	3195	2657	1916	1498	1414	1494	1576	1755	2190	2550	2594	1727	994	726	618	351	175	 31646
04/08/10	Thu	79	53	49	111	343	1212	3692	4660	4291	2706	2123	1937	1875	1866	2109	2616	2956	3025	2017	1316	870	727	446	196	 41275
04/09/10	Fri	115	76	74	111	311	1123	3304	4245	3470	2561	2104	2244	2224	2162	2360	3065	3177	3364	2421	1504	1005	824	619	336	 42799
04/10/10	Sat	169	103	70	87	153	352	1151	1760	1944	2192	2090	2352	2427	2388	2374	2334	2493	2331	1926	1345	1028	799	558	357	 32783
04/11/10	Sun	224	115	83	69	121	238	686	1107	1416	1646	1827	2099	2319	2193	2000	2062	2033	1856	1357	1152	813	558	333	140	 26447
04/12/10	Mon	78	58	52	103	342	1061	3180	4084	3119	2083	1743	1735	1826	1718	1985	2458	2608	2671	1637	977	622	504	317	175	 35136
04/13/10	Tue	72	60	48	113	336	1066	3182	4078	3225	2301	1819	1747	1761	1771	1962	2473	2764	2807	1832	992	700	587	357	151	 36204
04/14/10	Wed	98	53	43	94	294	1052	3185	3932	3275	2296	1611	1467	1677	1704	1980	2436	2920	2806	2006	1144	841	643	388	180	 36125
04/15/10	Thu	89	56	62	85	298	1038	3049	4202	3208	2217	1755	1827	1876	1795	2133	2693	2931	2942	1997	1307	860	727	425	175	 37747
04/16/10	Fri	114	91	62	97	318	964	3080	4267	3256	2221	1676	1714	1845	1975	2232	2710	3048	2949	2201	1380	958	788	578	299	 38823
04/17/10	Sat	180	82	75	89	153	378	966	1449	1731	2025	2008	2038	2177	2130	1981	1927	1958	1882	1575	1158	839	726	539	311	 28377
04/18/10	Sun	210	91	71	64	93	254	673	1029	1250	1615	1801	1991	2145	2209	2120	2112	2137	1926	1512	1126	848	565	342	154	 26338
04/19/10	Mon	90	46	42	90	300	1095	3077	3919	3048	2116	1634	1467	1711	1691	1969	2349	2710	2744	1672	996	727	516	295	164	 34468
04/20/10	Tue	83	46	48	108	291	1052	3131	3992	2960	2065	1702	1608	1516	1582	1676	2126	2328	2505	1709	890	668	455	351	167	 33059
04/21/10	Wed	90	49	35	100	302	1080	3110	3982	3136	2331	1882	1749	1855	1770	1825	2151	2495	2576	1591	880	713	500	296	154	 34652
04/22/10	Thu	62	43	38	92	306	1023	3032	3922	2997	2171	1671	1592	1571	1647	1701	2016	2323	2337	1423	816	610	536	346	173	 32448
04/23/10	Fri	80	36	45	98	248	884	2470	3414	2576	1982	1592	1361	1414	1613	1595	1901	2144	2035	1521	870	585	545	382	287	 29678
04/24/10	Sat	160	78	67	83	129	323	761	1112	1402	1539	1684	1793	1837	1828	1828	1770	1808	1826	1516	1055	818	719	581	373	 25090
04/25/10	Sun	181	118	84	63	124	308	542	800	1191	1487	1600	1757	1856	1789	1682	1648	1634	1469	1178	869	615	396	264	96	 21751
04/26/10	Mon	70	42	33	105	306	1021	3046	3664	3133	1985	1682	1583	1510	1460	1620	2072	2181	2230	1394	769	547	417	267	144	 31281
04/27/10	Tue	65	48	39	98	306	1122	3259	4038	3127	2124	1699	1573	1604	1501	1634	2191	2533	2577	1543	991	666	493	318	153	 33702
04/28/10	Wed	86	52	44	94	303	1087	3117	3887	3071	2138	1709	1607	1801	1867	2074	2594	2608	2458	1733	1127	915	553	369	136	 35430
04/29/10	Thu	93	54	55	101	276	1074	2940	3365	3051	1973	1546	1474	1418	1472	1646	2023	2282	2378	1412	874	688	557	368	160	 31280
04/30/10	Fri	91	57	44	102	263	947	2845	3797	2947	2114	1843	1717	1714	1902	2115	2561	2666	2714	2007	1207	865	821	533	347	 36219
05/01/10	Sat	158	70	49	76	142	364	825	1357	1817	2029	2261	2338	2379	2379	2329	2340	2240	2236	1693	1300	1010	890	701	391	 31374
05/02/10	Sun	267	130	62	83	112	244	485	809	1235	1672	1909	2071	2226	2069	1936	1858	1742	1310	1241	784	641	466	340	123	 23815
05/03/10	Mon	75	39	52	126	317	1088	3170	4144	3415	2422	1866	1713	1813	1735	1836	2266	2574	2667	1619	1060	786	589	372	161	 35905
05/04/10	Tue	91	52	52	99	316	1211	3686	4522	3430	2320	1896	1772	1790	1712	1860	2548	2608	2684	1931	1133	876	651	355	175	 37770
05/05/10	Wed	77	46	54	105	288	1127	3171	3995	3100	2127	1704	1793	1721	1693	2069	2450	2759	2836	1905	1164	925	687	360	140	 36296
05/06/10	Thu	76	55	65	102	278	1060	3165	3970	3153	2178	1703	1701	1737	1761	2031	2489	2885	2839	1759	1033	724	654	368	168	 35954
05/07/10	Fri	85	60	69	104	281	1020	2929	3843	3006	2291	1878	1866	1852	1935	2190	2619	2987	3170	2298	1470	920	832	646	380	 38731
05/08/10	Sat	194	103	90	73	165	385	851	1429	1957	2274	2334	2373	2386	2470	2452	2296	2242	2161	1791	1400	1127	852	579	368	 32352
05/09/10	Sun	178	93	63	76	120	257	448	719	1149	1694	2051	2143	2305	2269	2214	2172	2062	1911	1673	1431	1125	700	401	170	 27424
05/10/10	Mon	72	53	50	122	330	1162	3112	4054	3048	2151	1713	1623	1588	1561	1735	2160	2586	2635	1658	943	790	526	326	154	 34152
05/11/10	Tue	76	72	52	117	300	1114	3172	3974	3200	2135	1699	1598	1658	1500	1752	2086	2253	2346	1454	753	541	462	281	149	 32744
05/12/10	Wed	58	45	54	85	279	1023	2875	3430	2668	1793	1297	1369	1373	1344	1576	1851	2210	2246	1289	676	554	454	313	149	 29011
05/13/10	Thu	82	75	47	97	295	882	2890	3780	2948	2142	1701	1636	1603	1571	1810	2281	2466	2455	1784	941	681	547	389	200	 33303
05/14/10	Fri	118	63	63	117	266	971	2796	3821	3108	2181	1890	1916	1829	1887	2063	2626	2653	2483	1898	1205	864	695	456	288	 36257
05/15/10	Sat	143	87	79	70	137	362	779	1340	1685	2023	1965	2008	2138	2059	2035	1929	2163	2070	1656	1187	1140	996	1006	448	 29505
05/16/10	Sun	220	104	94	66	132	330	578	890	1318	1644	1961	2071	2088	2043	1950	1921	2133	1799	1394	1134	903	655	399	161	 25988
05/17/10	Mon	92	64	58	118	351	1165	3244	4005	3034	2173	1652	1648	1726	1599	2115	2427	2467	2454	1495	943	730	604	338	166	 34668
05/18/10	Tue	105	65	53	109	336	1180	3158	3973	3129	2077	1815	1636	1589	1679	1718	2158	2450	2533	1559	957	826	581	342	188	 34216
05/19/10	Wed	98	50	57	105	303	1109	3162	3942	3106	2096	1808	1728	1692	1577	1747	2205	2442	2573	1712	1060	766	715	394	152	 34599
05/20/10	Thu	88	66	59	102	304	1133	3167	3979	3068	2188	1691	1733	1354	1652	1814	2142	2788	2645	1961	1185	949	728	438	216	 35450
05/21/10	Fri	134	81	78	103	292	1017	2802	3688	3002	2245	2031	1925	2082	2581	2679	2836	2943	2819	2195	1431	1176	1025	728	434	 40327
05/22/10	Sat	197	118	67	72	145	441	893	1495	1795	1940	2233	2288	2450	2482	2404	2255	2341	2359	1784	1340	1128	842	608	366	 32043
05/23/10	Sun	185	99	73	61	141	279	572	850	1323	1652	1979	2181	2457	2334	2080	1985	2423	2040	1436	1171	916	643	429	200	 27509
05/24/10	Mon	107	63	67	120	394	1171	3172	3914	3117	2108	1734	1631	1839	1821	1968	2415	2717	2733	1485	919	685	543	367	176	 35266
05/25/10	Tue	97	63	62	132	314	1143	3236	4037	3236	2222	1789	1921	1841	1875	1983	2503	2822	2808	1752	1065	846	631	417	181	 36976
05/26/10	Wed	108	55	57	105	328	1165	3196	4094	3082	2196	1727	1972	1961	1951	2007	2542	2966	2788	1931	1070	874	748	415	201	 37539
05/27/10	Thu	125	73	73	122	364	1144	3153	3900	3036	2219	2020	1928	1858	1847	2310	2894	3152	2937	2084	1275	1035	808	493	255	 39105
05/28/10	Fri	137	82	86	118	324	992	2629	3490	2881	2351	2095	2299	2290	2380	2454	3118	3092	3068	2372	1356	1209	934	601	317	 40675
05/29/10	Sat	182	114	86	98	138	417	834	1348	1940	2340	2565	2729	2422	2405	2452	2372	2279	2128	1801	1242	860	759	599	352	 32462
05/30/10	Sun	190	134	123	65	108	246	492	860	1238	1797	2204	2313	2479	2434	2232	2039	2152	1932	1584	1367	1145	870	538	479	 29021
05/31/10	Mon	159	90	56	67	177	620	891	972	1184	1648	2000	2495	2541	2478	2349	2522	2239	2071	1724	1565	1286	828	524	205	 30691
06/01/10	Tue	101	67	51	118	374	1256	3285	4062	3134	2243	1920	1781	1995	1980	2092	2303	2885	2807	1823	1070	935	682	429	380	 37773
06/02/10	Wed	276	90	55	127	359	1235	3154	4099	3105	2183	1799	1876	1939	1989	1970	2349	2647	2731	2072	1285	1042	826	622	274	 38104
06/03/10	Thu	127	89	75	127	322	1232	3175	4065	3336	2332	1928	1817	1774	1767	2064	2422	2878	3097	2071	1252	987	829	517	395	 38678
06/04/10	Fri	275	101	76	132	333	1164	2843	3784	3265	2601	2353	2274	2370	2481	2654	2870	3451	3448	2574	1698	1275	1060	755	426	 44263
06/05/10	Sat	380	161	91	118	194	495	1114	1724	2191	2267	2636	2690	2747	2487	2410	2436	2652	2495	1969	1565	1140	894	657	423	 35936
06/06/10	Sun	296	100	68	87	109	345	735	1154	1434	1961	2277	2350	2444	2386	2292	2446	2227	1973	1575	1198	1054	784	445	194	 29934
06/07/10	Mon	115	67	57	121	376	1284	3166	3994	3386	2488	2059	2040	1964	1902	2139	2459	2892	2825	1824	1120	873	709	455	183	 38498
06/08/10	Tue	114	89	54	142	345	1183	3176	3988	3174	2184	1809	1717	1816	1739	1872	2337	3022	2982	1767	1086	869	757	559	417	 37198
06/09/10	Wed	101	68	58	114	345	1237	3115	4110	3252	2305	1866	1974	1955	1905	2142	2607	3086	3138	2173	1256	1101	749	498	433	 39588
06/10/10	Thu	133	93	85	118	329	1224	3097	3510	3381	2249	1949	2011	2053	2070	2329	2545	3096	3135	2146	1141	868	794	510	347	 39213
06/11/10	Fri	146	79	88	110	316	1071	2666	3688	2860	2269	2100	2114	2170	2462	2711	2707	2688	2731	2090	1290	884	770	746	405	 39161
06/12/10	Sat	175	93	76	77	150	409	756	1090	1527	1733	1955	2062	1977	1934	1738	1879	1935	1691	1431	1060	857	791	596	417	 26409
06/13/10	Sun	183	94	75	83	142	293	438	598	948	1362	1671	1826	1929	1821	1712	1767	1757	1377	1296	866	719	563	352	177	 22049
06/14/10	Mon	107	59	67	119	359	1235	3035	3999	3044	2158	1904	1840	1919	1759	1820	1997	2398	2360	1558	973	765	624	378	280	 34757
06/15/10	Tue	126	73	56	88	366	1276	3312	4244	3467	2551	2035	1974	2019	1712	1808	2338	2748	2832	1892	1071	994	786	538	345	 38651
06/16/10	Wed	127	62	73	102	383	1252	3089	4118	3165	2432	2028	1920	1911	2008	1988	2280	2904	3032	1793	1223	1086	811	439	218	 38444
06/17/10	Thu	127	82	76	122	343	1213	3115	3908	3235	2393	2080	2190	2049	2258	2327	2741	2900	2609	2126	1260	997	851	600	242	 39844
06/18/10	Fri	149	105	80	110	321	1137	2837	3750	2978	2446	2273	2270	2357	2388	2505	2585	2716	3302	2503	1532	1080	931	640	329	 41324
06/19/10	Sat	190	112	73	85	212	604	1132	1554	1970	2275	2398	2594	2419	2303	2188	2281	2812	2360	1769	1380	1129	986	773	442	 34041
06/20/10	Sun	243	122	75	64	150	371	620	918	1334	1997	2353	2670	2715	2548	2402	2372	2440	2345	1771	1513	1286	972	531	266	 32078
06/21/10	Mon	122	80	68	128	379	1216	3154	4019	3188	2441	2022	2028	1970	1805	1985	2243	2665	2628	1760	1120	788	687	443	227	 37166
06/22/10	Tue	126	80	55	114	352	1255	3259	4072	3194	2318	1955	1822	1906	1681	1853	2395	2921	2994	1995	1230	997	768	536	382	 38260
06/23/10	Wed	123	89	57	123	344	1262	3054	4078	3301	2326	2136	2188	2151	1849	2027	2570	3120	3154	2075	1235	1083	944	548	265	 40102
06/24/10	Thu	102	83	73	121	376	1197	3058	3947	3294	2594	2404	2237	2101	2096	2506	2922	3207	3262	2148	1378	1067	920	527	292	 41912
06/25/10	Fri	161	78	87	111	371	1144	2858	3804	3163	2596	2469	2529	2633	2841	2843	3115	3460	3344	2337	1629	1199	1061	728	650	 45211
06/26/10	Sat	284	132	91	103	277	671	1181	1729	2093	2358	2614	2583	2504	2226	2194	2280	2386	2278	1851	1278	942	908	754	547	 34264
06/27/10	Sun	236	125	93	65	152	373	635	923	1374	1797	2180	2359	2360	2555	2327	2578	2347	2210	1672	1391	1261	1036	522	249	 30820
06/28/10	Mon	107	60	52	127	392	1262	3135	4020	3267	2323	1957	1918	1970	2153	2357	2583	3074	2988	1901	1147	976	775	502	578	 39624
06/29/10	Tue	268	111	78	137	433	1425	3653	4696	3826	2659	2219	2077	2246	2203	2199	2737	3065	3058	2156	1289	1039	842	551	631	 43598
06/30/10	Wed	243	83	116	149	409	1288	3202	4246	3375	2399	2288	2131	2115	2064	2258	2798	3232	3164	2375	1427	1106	949	705	496	 42618
07/01/10	Thu	185	112	90	139	374	1286	3275	4190	3488	2626	2399	2286	2361	2344	2490	2999	3476	3289	2258	1465	1255	911	559	247	 44104
07/02/10	Fri	140	97	85	129	339	1076	2538	3410	2860	2502	2522	2596	2569	3160	2938	3180	3293	2931	2273	1646	1171	964	693	371	 43483
07/03/10	Sat	199	108	84	115	208	533	966	1271	1818	2263	2712	2614	2718	2452	2355	2381	2552	2315	1824	1501	1200	1118	1199	1018	 35524
07/04/10	Sun	368	190	100	68	135	305	539	711	1153	1547	1941	2089	2149	2335	2073	2201	2025	2042	1723	1129	1111	885	923	475	 28217
07/05/10	Mon	209	92	50	85	162	397	691	967	1313	1737	2133	2357	2415	2159	2334	2236	2238	2272	1767	1404	1126	978	745	290	 30157
07/06/10	Tue	132	70	83	118	456	1408	3525	4625	3752	2742	2388	2246	2116	2116	2132	2563	3116	3030	1922	1079	1078	749	618	239	 42303
07/07/10	Wed	136	72	66	114	316	1162	2912	3349	3127	2227	1956	1897	1877	1844	1870	2268	2564	2581	1755	1008	764	638	402	199	 35104
07/08/10	Thu	106	71	76	109	330	1223	3060	3988	3152	2382	2002	2073	2003	2021	2165	2392	2755	2786	1972	1093	923	809	494	280	 38265
07/09/10	Fri	139	99	76	117	326	1168	2921	3908	3174	2715	2512	2693	2574	2620	2765	3069	3439	3502	2728	1688	1265	1051	871	410	 45830
07/10/10	Sat	203	153	110	114	435	743	1226	1744	2345	2604	2741	2833	2606	2551	2669	2495	2626	2418	2008	1526	1264	1221	819	529	 37983
07/11/10	Sun	488	148	118	94	194	390	690	1029	1457	2067	2392	2657	2607	2482	2417	2646	2567	2181	1906	1351	1008	820	509	230	 32448
07/12/10	Mon	142	74	62	110	431	1434	3595	4428	3606	2506	2211	2145	2186	2085	2209	2495	2824	2920	1900	1180	907	741	456	366	 41013
07/13/10	Tue	146	113	61	146	367	1338	3396	4216	3448	2493	2087	2162	2130	2124	2123	2484	2879	2991	1999	1236	944	755	555	420	 40613
07/14/10	Wed	141	94	71	122	334	1317	3103	3979	3322	2776	2272	2204	2227	2104	2229	2568	3204	3041	2174	1384	1120	804	529	254	 41373
07/15/10	Thu	142	81	60	121	334	1259	3174	3877	3193	2374	1607	1635	2135	2065	2265	2835	3273	3295	2354	1432	1183	1029	644	543	 40910
07/16/10	Fri	167	114	88	133	362	1326	3267	4359	3413	2882	2728	2703	2613	2792	2975	3518	3564	3164	2823	1816	1345	1161	831	438	 48582
07/17/10	Sat	272	276	295	166	227	580	1135	1601	2080	2781	2785	2848	2775	2686	2631	2620	2613	2423	2004	1556	1272	1185	824	505	 38140
07/18/10	Sun	305	291	163	97	186	416	666	912	1389	1813	2485	2541	2622	2552	2478	2363	2295	2132	1870	1544	1170	816	540	251	 31897
07/19/10	Mon	149	95	66	122	386	1262	3080	4007	3036	2400	2173	1894	2045	2161	2025	2303	2672	2592	1987	1062	915	759	580	321	 38092
07/20/10	Tue	106	87	75	129	388	1300	3140	3837	3111	2291	1919	1859	1827	1748	1951	2359	2729	2450	1743	1069	795	639	445	435	 36432
07/21/10	Wed	135	72	73	124	372	1217	3021	3989	3211	2440	2094	2119	2043	1882	2097	2339	2716	2764	1805	1120	914	745	456	346	 38094
07/22/10	Thu	175	83	86	111	369	1305	3114	3998	3236	2558	2107	2060	2332	2154	2165	2554	3065	3116	2309	1207	952	812	529	270	 40667
07/23/10	Fri	150	100	69	117	355	1138	2813	3761	3116	2691	2571	2467	2397	2520	2675	3339	3395	3362	2600	1784	1595	1642	1067	608	 46332
07/24/10	Sat	521	134	93	98	211	533	1159	1578	2237	2676	2650	2886	2543	2614	2667	2694	2873	2630	2409	1648	1336	1152	790	505	 38637
07/25/10	Sun	557	160	102	74	206	338	597	994	1454	2152	2514	2422	2710	2674	2804	2433	3045	2362	1912	1607	1224	955	525	308	 34129
07/26/10	Mon	499	100	81	130	406	1351	3533	4271	3538	2619	2300	2169	2220	2195	2302	2566	2887	2909	1833	1145	1011	756	436	243	 41500
07/27/10	Tue	135	99	84	116	401	1286	3168	3988	3237	2482	2224	2060	2232	2053	2261	2474	3236	3127	2079	1199	876	771	509	228	 40325
07/28/10	Wed	111	99	73	115	387	1281	3190	4001	3251	2455	2218	2035	1908	1991	2215	2776	2818	3089	2202	1260	1032	752	513	235	 40007
07/29/10	Thu	161	93	85	115	346	1290	3260	4148	3350	2533	2320	2133	2092	2178	2401	2741	3394	3231	2244	1329	1094	887	615	282	 42322
07/30/10	Fri	147	78	78	135	323	1068	2748	3854	3155	2693	2709	2519	2616	2648	3089	3160	3606	3378	2715	1658	1241	978	641	442	 45679
07/31/10	Sat	213	131	95	95	235	558	985	1469	2016	2376	2572	2655	2389	2419	2578	2607	2342	2376	1895	1480	1262	1194	849	802	 35593
08/01/10	Sun	321	141	110	113	183	429	669	959	1443	2053	2283	2629	2838	2530	2504	2363	2395	1946	1598	1186	1012	780	443	241	 31169
08/02/10	Mon	109	63	62	134	377	1291	3150	4018	3089	2436	2074	2001	2032	1887	2040	2393	2349	2110	1346	1001	663	543	343	192	 35703
08/03/10	Tue	87	67	68	121	378	1230	3151	3827	3431	2611	2371	2176	2017	2104	2260	2554	3007	3078	1950	1142	1009	794	667	246	 40346
08/04/10	Wed	143	102	86	138	403	1461	3624	4554	3689	2720	2363	2284	2179	2166	2342	2805	3112	3038	2119	1299	1120	786	470	267	 43270
08/05/10	Thu	146	97	81	137	436	1421	3592	4699	3712	2917	2366	2316	2299	2345	2445	2838	3404	3231	2234	1378	1118	917	600	348	 45077
08/06/10	Fri	128	77	79	110	332	1141	2888	3922	3159	2921	2781	2865	2861	2901	3182	3537	3546	3492	2766	1713	1324	1035	691	398	 47849
08/07/10	Sat	210	123	108	118	306	651	1229	1779	2344	2655	2986	3115	2934	2814	2688	2678	2752	2652	1987	1574	1433	1134	792	493	 39555
08/08/10	Sun	296	307	116	82	189	338	683	959	1365	2009	2475	2638	2810	2693	2627	2549	2665	2229	1834	1458	1112	708	381	239	 32762
08/09/10	Mon	99	71	59	130	454	1421	3512	4610	3573	2547	2262	2256	2177	2123	2411	2644	3042	2827	1850	1046	840	626	447	220	 41247
08/10/10	Tue	139	70	62	131	420	1472	3714	4831	3642	2664	2391	2213	2117	2100	2214	2648	3225	3112	2066	1256	988	767	530	404	 43176
08/11/10	Wed	169	100	86	109	390	1491	3659	4808	3650	2828	2328	2252	2135	2183	2368	2790	3192	3238	2304	1384	1103	936	538	528	 44569
08/12/10	Thu	275	118	83	143	427	1467	3630	4815	3769	2895	2489	2324	2296	2283	2479	2939	3382	3213	2271	1358	1160	955	594	401	 45766
08/13/10	Fri	461	141	100	135	372	1297	3155	4482	3402	2847	2513	2478	2176	2376	2859	3516	3858	3516	2754	1851	1434	1093	731	421	 47968
08/14/10	Sat	229	135	82	117	245	811	1224	1663	2328	2882	2913	3083	2792	2712	2679	2675	2772	2525	2001	1605	1455	1238	1158	576	 39900
08/15/10	Sun	260	120	81	89	159	426	639	950	1485	2098	2455	2792	2863	2604	2498	2405	2476	2194	1742	1414	1196	858	524	202	 32530
08/16/10	Mon	122	80	76	158	433	1463	3818	4841	3530	2561	2186	2123	2228	2071	2203	2641	2940	2872	1934	1121	881	665	422	512	 41881
08/17/10	Tue	227	110	81	149	424	1513	3777	4883	3995	2829	2431	2301	2225	2077	2215	2734	3198	3117	1966	1265	1061	750	518	237	 44083
08/18/10	Wed	150	91	87	148	387	1454	3745	4625	3565	2705	2285	2210	2172	2180	2270	2781	3170	3077	2263	1376	1192	857	458	502	 43750
08/19/10	Thu	214	87	76	136	422	1408	3776	4836	3864	2788	2448	2421	2306	2241	2413	2817	3207	3073	2274	1392	1103	864	659	300	 45125
08/20/10	Fri	131	87	72	132	386	1318	3434	4390	3649	2929	2637	2670	2745	2902	2974	3595	3789	3467	2774	1924	1307	1037	775	565	 49689
08/21/10	Sat	403	151	91	104	232	569	1168	1792	2382	3059	3142	3388	3186	2880	2948	2903	2880	2985	2296	1600	1412	1183	1033	510	 42297
08/22/10	Sun	221	139	82	89	134	377	619	993	1572	2280	2633	2816	3021	2947	2742	2690	2708	2459	1909	1516	1272	778	431	199	 34627
08/23/10	Mon	103	73	55	142	425	1425	3921	5011	3802	2680	2139	1991	2015	1918	2320	2610	2883	2593	1655	1056	742	547	356	177	 40639
08/24/10	Tue	98	58	79	131	377	1435	3713	3254	3891	2455	1890	1901	1780	1800	2083	2533	2982	2907	1882	1208	1001	717	438	353	 38966
08/25/10	Wed	127	60	79	125	360	1495	4078	4943	3982	2703	2116	2051	2029	1919	2251	2767	3107	3037	2014	1265	1062	776	425	373	 43144
08/26/10	Thu	172	72	72	143	370	1474	3916	4641	4135	2709	2295	2110	2159	1987	2286	2827	3185	3220	2107	1402	1055	779	469	213	 43798
08/27/10	Fri	117	71	86	147	390	1443	3718	4595	3581	2747	2500	2414	2532	2593	2855	3393	3664	3370	2823	1683	1213	970	759	491	 48155
08/28/10	Sat	289	307	93	124	232	544	1130	1794	2306	2868	3114	3168	2844	2796	2616	2858	2799	2484	1963	1428	1246	997	823	578	 39401
08/29/10	Sun	244	140	69	87	136	380	592	902	1464	2154	2450	2687	2739	2545	2506	2561	2700	2416	1709	1366	1347	825	410	174	 32603
08/30/10	Mon	86	66	52	129	413	1507	3993	4851	3837	2564	2092	1929	2023	1949	2046	2579	2835	2765	1781	1028	777	644	454	452	 40852
08/31/10	Tue	106	73	65	128	359	1473	4000	4770	4097	2601	2124	1994	2005	1920	2074	2815	2923	3038	1919	1165	912	677	501	276	 42015
09/01/10	Wed	104	62	67	144	378	1534	3975	4694	3944	2644	2128	2006	1953	1945	2245	2778	3112	2999	2195	1316	1079	767	504	490	 43063
09/02/10	Thu	115	79	65	123	377	1444	3889	4717	3953	2606	2266	2178	2146	2104	2407	3016	3289	3115	2305	1395	1034	771	506	217	 44117
09/03/10	Fri	95	83	86	144	384	1223	3425	4442	3498	2770	2633	2484	2695	2762	3103	3679	3676	3351	2626	1863	1318	965	780	546	 48631
09/04/10	Sat	215	129	95	97	211	505	937	1525	2053	2759	3137	3105	2819	2686	2562	2617	2622	2462	1958	1423	1240	956	710	491	 37314
09/05/10	Sun	217	127	73	80	139	317	501	861	1384	2134	2550	2713	2645	2493	2400	2394	2276	2008	1700	1527	1336	937	639	527	 31978
09/06/10	Mon	163	98	66	92	143	409	584	918	1296	1961	2335	2623	2647	2428	2408	2506	2344	2103	1808	1646	1229	809	393	167	 31176
09/07/10	Tue	97	61	73	151	425	1453	3950	4542	4182	2657	2162	2046	2100	2003	2241	2687	3014	2993	1864	1101	807	644	356	161	 41770
09/08/10	Wed	79	54	71	135	396	1466	4107	4822	3981	2633	2125	1909	2020	1916	2240	2676	3003	2975	1938	1254	945	602	359	160	 41866
09/09/10	Thu	105	56	68	137	373	1468	3914	4665	4078	2635	2267	2083	2103	2068	2276	2755	3075	3102	2127	1270	999	771	415	188	 42998
09/10/10	Fri	107	76	78	127	372	1402	3751	4521	3813	2767	2318	2385	2375	2418	2765	3448	3679	3444	2794	1621	1127	1011	711	359	 47469
09/11/10	Sat	215	344	128	130	218	576	1208	1995	2244	2695	2900	2915	2820	2741	2585	2525	2626	2476	1944	1444	1121	927	630	396	 37803
09/12/10	Sun	238	326	118	86	154	362	584	1053	1502	1948	2255	2209	2312	2119	2224	2371	2351	2101	1712	1306	1003	676	526	172	 29708
09/13/10	Mon	82	59	51	150	424	1441	4020	4870	3789	2632	2081	1918	1947	1920	2103	2601	3014	2991	1784	1069	761	572	340	313	 40932
09/14/10	Tue	129	72	82	121	371	1484	4061	4792	3900	2602	2208	1919	1905	1962	2183	2737	2992	3082	1974	1212	759	644	373	214	 41778
09/15/10	Wed	93	68	65	133	377	1504	3925	4597	3992	2516	2213	2117	1958	1927	2183	2710	3124	3088	2066	1276	909	681	329	171	 42022
09/16/10	Thu	96	71	68	107	360	1498	3993	4571	4021	2644	2292	2176	2094	2099	2398	2873	3355	3141	2352	1412	1022	820	439	225	 44127
09/17/10	Fri	115	93	88	130	349	1329	3514	4351	3767	2859	2596	2556	2417	2469	3009	3497	3511	3247	2877	1802	1167	939	681	427	 47790
09/18/10	Sat	212	105	113	127	208	529	992	1742	2407	2841	3050	3060	2856	2700	2650	2699	2689	2653	2065	1503	1182	908	666	369	 38326
09/19/10	Sun	225	119	86	90	138	368	558	1023	1615	2228	2685	2842	2773	2538	2285	2247	2289	2356	1830	1417	1049	695	512	422	 32390
09/20/10	Mon	86	75	62	152	433	1478	4083	4593	4029	2519	2186	2019	1910	1842	2070	2297	2831	2825	1744	985	694	537	324	170	 39944
09/21/10	Tue	105	60	55	116	412	1503	4053	4697	4041	2632	2083	1960	1974	1914	2185	2747	3080	3173	2054	1170	813	586	391	187	 41991
09/22/10	Wed	75	56	68	132	389	1492	4092	4604	4015	2612	2211	2158	1936	2013	2226	2657	2966	2852	1908	1043	755	604	331	207	 41402
09/23/10	Thu	105	59	65	137	366	1493	4055	4809	3735	2799	2175	2147	2032	2083	2290	2884	3204	3143	2219	1348	975	809	436	221	 43589
09/24/10	Fri	106	73	77	140	362	1415	3727	4625	3666	2907	2636	2540	2452	2583	3090	3624	3729	3622	2734	1790	1216	1056	722	579	 49471
09/25/10	Sat	391	170	110	113	198	515	1093	1896	2728	3149	3211	3361	3032	2914	3030	2825	2874	2725	2158	1546	1223	948	802	609	 41621
09/26/10	Sun	558	197	130	87	139	361	721	1252	1853	2423	2746	2636	3055	2737	2389	2210	2335	2588	2093	1615	1059	895	511	166	 34756
09/27/10	Mon	95	71	72	141	397	1517	4057	4494	3987	2663	2253	2022	1979	1819	2263	2649	2951	2831	1863	989	737	587	351	178	 40966
09/28/10	Tue	94	69	64	123	390	1531	4124	4550	3896	2583	2155	1880	1926	1967	2163	2716	3139	3183	2151	1189	797	575	312	156	 41733
09/29/10	Wed	99	60	60	121	380	1509	3927	4552	3190	2416	1269	1527	1921	1904	2141	2753	3209	3085	2120	1219	852	723	333	175	 39545
09/30/10	Thu	100	65	70	117	375	1468	4034	4513	3984	2669	2061	2059	2107	2019	2293	2842	3233	3099	2109	1245	921	778	438	248	 42847
10/01/10	Fri	124	74	72	126	337	1378	3602	4390	3563	2175	1278	1950	2139	2407	2719	3391	3761	3477	2878	1628	1080	986	623	337	 44495
10/02/10	Sat	164	112	91	105	174	486	983	1769	2471	2650	2957	3072	3074	3023	3007	2885	2670	2595	1997	1359	1087	951	648	393	 38723
10/03/10	Sun	205	105	79	68	113	374	643	1033	1496	2134	2464	2364	2196	2203	2535	2438	2083	1937	1541	1265	884	625	339	157	 29281
10/04/10	Mon	79	48	57	119	420	1483	4049	4567	3780	2565	2075	1959	1916	1829	2129	2673	2842	2718	1787	1017	654	509	389	294	 39958
10/05/10	Tue	93	71	67	120	399	1446	4131	4816	3732	2619	2088	1878	1951	1841	2139	2735	3043	3135	1974	1071	709	546	355	141	 41100
10/06/10	Wed	83	70	70	137	374	1471	3937	4728	3747	2518	2091	1934	1908	1874	2125	2706	3045	2900	1920	1151	786	584	342	160	 40661
10/07/10	Thu	110	72	67	141	389	1457	3989	4760	3736	2682	2170	2102	1966	2010	2283	2725	3270	3177	2181	1228	916	716	379	193	 42719
10/08/10	Fri	114	74	76	141	353	1353	3578	2772	3372	2701	2330	2381	2312	2369	2842	3467	3606	3308	2480	1461	977	818	531	353	 43769
10/09/10	Sat	182	91	70	98	149	506	886	1655	2341	2645	2812	2934	2794	2825	2628	2632	2637	2587	1802	1314	1017	859	587	345	 36396
10/10/10	Sun	176	115	95	82	133	311	533	870	1332	1822	2127	2176	2094	1999	2164	2168	2016	1832	1375	1087	759	548	318	132	 26264
10/11/10	Mon	106	43	51	126	420	1373	3635	4343	3559	2505	2101	1974	2059	1846	2133	2657	2927	2527	1786	1004	671	483	317	182	 38828
10/12/10	Tue	110	61	64	125	380	1457	3813	3996	3919	2446	1866	1787	1813	1755	1911	2405	2713	2715	1657	918	745	527	344	152	 37679
10/13/10	Wed	105	68	51	121	412	1405	3971	4607	3917	2713	2190	1929	2023	1842	2192	2738	3093	2815	1950	1060	838	598	325	233	 41196
10/15/10	Fri	131	90	84	135	294	1114	3052	4496	3667	2955	2625	2583	2469	2535	2832	3226	3425	3344	2885	1637	1057	889	661	332	 46518
10/16/10	Sat	204	149	84	108	160	428	786	1497	2060	2503	2739	3004	2908	2771	2830	2803	2603	2559	2043	1374	1038	883	732	410	 36676
10/17/10	Sun	207	132	88	88	121	351	466	735	1199	1767	2114	2420	2695	2583	2184	2152	1965	2104	1723	1198	804	568	360	186	 28210
10/18/10	Mon	99	61	47	120	371	1219	3467	4549	3292	2540	1861	1830	1960	1845	1943	2447	2753	2684	1768	894	609	544	345	157	 37405
10/19/10	Tue	120	71	62	106	317	1211	3529	4535	3876	2584	2057	2021	1938	1870	2085	2661	2943	2875	2158	1061	877	654	365	187	 40163
10/20/10	Wed	100	71	63	121	304	1196	3575	4686	4010	2746	2193	2054	2014	1946	2093	2640	3003	2932	2093	1159	828	623	371	181	 41002
10/21/10	Thu	122	65	62	109	349	1186	3554	4667	4026	2877	2173	2224	2076	2073	2087	2672	3127	3210	2188	1156	776	723	450	227	 42179
10/22/10	Fri	123	75	75	117	295	1101	3171	4523	3738	2660	2400	2400	2241	2378	2607	3122	3350	3378	2463	1428	930	787	585	351	 44298
10/23/10	Sat	210	130	85	103	159	408	709	1310	1904	2166	2468	2607	2573	2349	2367	2416	2478	2553	1885	1223	939	826	701	446	 33015
10/24/10	Sun	263	161	109	77	114	261	415	711	1206	1660	2198	2403	2605	2521	2166	1818	1897	1926	1527	1095	775	541	333	158	 26940
10/25/10	Mon	80	68	59	117	319	1192	3463	4634	3459	2629	1871	1674	1795	1633	1766	2194	2420	2532	1608	823	568	488	278	157	 35827
10/26/10	Tue	82	61	46	104	280	1088	3343	4412	3491	2855	1995	1870	1732	1173	1688	2214	2574	2779	2002	867	709	556	337	197	 36455
10/27/10	Wed	107	54	72	112	301	1127	3432	4679	3838	2517	1877	1999	1894	1813	1978	2533	2805	2959	2111	982	790	670	393	223	 39266
10/28/10	Thu	122	91	68	115	335	1135	3485	4536	3965	2752	2075	2103	1995	2023	2161	2665	3055	3164	2338	1186	875	778	497	240	 41759
10/29/10	Fri	134	111	83	136	292	1086	3087	4569	3726	2822	2243	2313	2189	2325	2548	3074	3203	3123	2608	1513	1069	920	658	355	 44187
10/30/10	Sat	245	149	104	88	144	392	852	1516	1918	2419	2432	2800	2788	2421	2485	2577	2509	2416	2064	1446	1057	974	665	478	 34939
10/31/10	Sun	302	182	114	110	111	221	413	688	1073	1622	1849	1839	1783	1863	1946	1933	1947	1575	1112	936	1060	828	465	180	 24152
11/01/10	Mon	90	80	63	125	353	1239	3498	4803	3955	2775	1992	1935	1860	1816	1974	2439	2729	2737	1799	892	714	542	341	182	 38933
11/02/10	Tue	128	99	85	131	341	1186	3479	4710	3969	2744	2020	1899	1903	1816	2054	2461	2873	2892	1998	972	729	625	402	190	 39706
11/03/10	Wed	138	83	95	113	345	1251	3512	4680	4216	2706	2041	1952	1839	1809	2040	2534	2709	3003	2083	995	758	630	380	214	 40126
11/04/10	Thu	117	90	67	108	330	1196	3488	4627	4210	2782	2129	1959	1926	1934	2153	2588	3150	3158	2367	1151	812	673	448	222	 41685
11/05/10	Fri	127	94	89	113	329	1163	3292	4617	3942	2903	2300	2311	2285	2279	2570	3278	3451	3319	2755	1521	1023	847	629	313	 45550
11/06/10	Sat	195	118	80	108	194	417	854	1506	2339	2266	2557	2744	2774	2666	2480	2631	2580	2561	1994	1335	960	909	633	393	 35294
11/07/10	Sun	219	111	66	58	140	267	585	939	1316	1933	2197	2291	2462	2238	2095	1998	2162	1748	1284	915	703	528	297	156	 26708
11/08/10	Mon	64	61	52	117	347	1288	3931	4785	3995	2612	2087	1887	1879	1870	2009	2595	2851	2665	1599	783	660	510	345	149	 39141
11/09/10	Tue	105	75	49	110	323	1208	3763	4730	3993	2500	1895	1768	1817	1710	1847	2316	2435	2456	1441	694	619	437	314	154	 36759
11/10/10	Wed	78	44	36	106	314	1181	3655	4642	3974	2566	1885	1815	1839	1795	2004	2500	2815	2857	1812	924	724	575	346	202	 38689
11/11/10	Thu	95	81	57	110	317	1051	3007	4024	3102	2238	1809	1652	1598	1493	1707	2172	2488	2434	1501	800	639	583	355	182	 33495
11/12/10	Fri	110	55	66	111	255	1058	3175	4668	3721	2679	2246	2249	2101	2108	2443	2975	3235	3152	2460	1300	882	786	566	343	 42744
11/13/10	Sat	179	113	75	110	180	385	887	1655	2040	2503	2494	2587	2383	2362	2134	2145	2175	2181	1679	1035	858	832	574	359	 31925
11/14/10	Sun	181	107	75	80	106	235	492	910	1208	1666	1939	2018	2177	2006	1808	1693	1663	1519	1233	900	645	551	320	122	 23654
11/15/10	Mon	75	56	51	114	330	1262	3641	3926	3381	2612	1678	1658	1675	1635	1862	2217	2478	2411	1521	750	582	451	319	137	 34822
11/16/10	Tue	95	73	57	102	308	1244	3731	4948	3937	2654	1988	1795	1796	1733	2095	2464	2707	2544	1592	752	608	493	301	149	 38166
11/17/10	Wed	85	76	55	121	349	1169	3546	4697	4143	2629	2055	1941	1814	1730	2074	2306	2772	2894	1784	963	765	640	379	191	 39178
11/18/10	Thu	87	65	55	111	360	1203	3681	4873	3921	2806	2078	2033	1900	1851	2042	2658	2926	3053	2031	1003	778	715	450	221	 40901
11/19/10	Fri	95	87	73	155	301	1143	3359	4658	3863	2733	2122	2210	2046	2092	2387	2968	3243	3276	2430	1395	936	776	627	307	 43282
11/20/10	Sat	205	132	75	105	204	459	1184	1910	2284	2595	2793	2516	2363	2211	2189	2075	2391	2212	1590	1151	847	798	603	408	 33300
11/21/10	Sun	216	132	87	89	123	267	699	1137	1322	1704	1853	1919	1893	1893	1769	1642	1696	1500	1037	772	621	456	307	150	 23284
11/22/10	Mon	72	55	50	125	335	1157	3453	4735	3861	2560	2057	1883	1917	1790	2021	2433	2686	2544	1409	789	557	527	319	180	 37515
11/23/10	Tue	99	75	65	135	316	1198	3447	4596	3920	2795	2226	2199	2122	2100	2334	2777	3086	2963	1907	1157	852	681	454	236	 41740
11/24/10	Wed	120	84	68	121	307	1061	2731	3808	3003	2316	2125	2231	2334	2259	2355	2509	2473	2167	1469	931	667	653	423	236	 36451
11/25/10	Thu	158	88	56	77	115	251	463	737	846	1182	1649	2172	2289	2235	1845	1601	1632	1770	2000	1909	1698	1273	723	325	 27094
11/26/10	Fri	173	102	110	179	295	583	1365	2206	2224	2368	2530	2528	2464	2404	2303	2184	2107	1897	1465	989	793	665	470	270	 32674
11/27/10	Sat	184	81	62	87	148	387	950	1607	1765	2012	2265	2432	2448	2287	2305	2171	2178	2016	1541	1069	830	683	556	312	 30376
11/28/10	Sun	184	119	69	105	152	271	617	980	1173	1721	1952	2122	2270	2238	1979	1866	1820	1422	1194	827	588	458	297	120	 24544
11/29/10	Mon	84	61	56	132	320	1195	3180	4076	3796	2314	1793	1643	1673	1484	1706	2123	2340	2298	1455	698	539	468	273	155	 33862
11/30/10	Tue	85	70	54	114	308	1263	3537	4515	4002	2674	1950	1747	1808	1744	1902	2301	2696	2631	1742	859	649	531	361	152	 37695
12/01/10	Wed	90	58	64	123	307	1217	3532	4667	4036	2527	1975	1787	1793	1722	1980	2321	2800	2895	1789	922	690	610	322	189	 38416
12/02/10	Thu	92	66	57	118	312	1232	3557	4612	4130	2756	2040	1952	1855	1883	2080	2417	2906	2949	2029	995	843	787	468	220	 40356
12/03/10	Fri	118	79	75	132	280	1160	3356	4736	3761	2692	2116	2058	1949	2072	2378	3031	3409	3471	2600	1459	1022	858	627	388	 43827
12/04/10	Sat	190	104	65	106	155	410	1368	2041	2217	2397	2439	2389	2350	2404	2354	2365	2574	2381	1739	1038	880	876	769	408	 34019
12/05/10	Sun	246	131	84	71	118	271	744	1114	1325	1705	1914	1769	1861	1748	1923	1796	1862	1558	1102	797	699	539	302	132	 23811
12/06/10	Mon	88	48	52	112	356	1236	3542	4518	4071	2522	1866	1784	1776	1700	1858	2343	2702	2657	1559	792	623	533	360	153	 37251
12/07/10	Tue	98	50	73	105	315	1220	3592	4851	3877	2585	2041	1851	1728	1652	1892	2414	2752	2780	1784	857	764	611	380	169	 38441
12/08/10	Wed	115	68	56	102	334	1220	3557	4575	4173	2737	2055	1830	1919	1864	2004	2427	2962	2827	1800	939	741	666	356	206	 39533
12/09/10	Thu	92	68	59	109	298	1218	3564	4788	4090	2723	2088	2019	1901	1872	2077	2667	3047	3031	1878	993	827	796	391	218	 40814
12/10/10	Fri	101	76	58	109	288	1073	3209	4126	2936	2987	2289	2156	2125	2138	2415	2972	3336	3259	2395	1258	894	922	773	433	 42328
12/11/10	Sat	188	119	69	88	141	491	1518	1748	1898	2234	2349	2428	2331	2256	2289	2070	2246	2347	1798	1064	890	961	865	507	 32895
12/12/10	Sun	231	153	92	79	109	250	827	1167	1285	1697	2023	2014	2104	1974	1920	1820	1922	1670	1169	891	691	571	386	152	 25197
12/13/10	Mon	76	66	54	97	350	1230	3150	4554	4050	2637	1925	1860	1888	1749	1965	2448	2677	2665	1758	873	661	538	347	197	 37815
12/14/10	Tue	104	76	66	114	331	1255	3594	4842	4068	2684	2016	1907	1942	1806	2111	2602	2859	2769	2027	1012	790	623	423	202	 40223
12/15/10	Wed	106	83	50	116	332	1272	3522	4937	3885	2557	2051	2044	1924	1872	2053	2522	2809	2601	1917	894	747	584	358	192	 39428
12/16/10	Thu	104	72	62	100	315	1210	3363	4441	3659	2432	1879	1932	1836	1960	2033	2510	2867	2852	1862	1045	936	734	460	259	 38923
12/17/10	Fri	115	68	80	121	281	1045	2780	4019	3800	2644	2236	2144	2223	2163	2315	2884	3224	3143	2417	1408	1127	934	778	430	 42379
12/18/10	Sat	219	155	91	104	147	463	1588	1813	1812	2150	2294	2420	2476	2567	2481	2265	2324	2369	1885	1256	1036	1021	855	485	 34276
12/19/10	Sun	236	145	98	81	113	309	921	1062	1307	1741	2010	2075	2293	2165	2033	1860	2075	1796	1204	986	977	699	462	205	 26853
12/20/10	Mon	117	78	53	106	371	1182	3284	4637	3612	2594	2223	2240	2103	2048	2146	2357	2621	2539	1739	878	711	692	453	248	 39032
12/21/10	Tue	138	120	75	117	294	1204	3235	4674	3661	2725	2324	2302	2174	2160	2224	2409	2793	2569	1784	1073	803	718	497	266	 40339
12/22/10	Wed	114	77	65	128	328	1173	3095	4465	3676	2677	2423	2321	2266	2249	2458	2612	2830	2582	1872	1068	823	837	531	282	 40952
12/23/10	Thu	152	99	78	131	250	992	2629	3861	3145	2486	2334	2390	2464	2472	2454	2528	2523	2224	1649	1019	823	831	592	332	 38458
12/24/10	Fri	179	104	71	90	153	367	1060	1566	1577	1723	1987	2101	2104	2149	2012	2235	2238	1991	1403	1029	1203	1279	1056	521	 30198
12/25/10	Sat	242	108	45	45	73	139	414	705	859	1198	1567	1819	2128	2138	1938	2009	1762	1739	1551	1606	1439	1230	737	329	 25820
12/26/10	Sun	162	84	58	80	141	330	819	1153	1282	1680	2315	2599	2649	2529	2326	2059	1917	1861	1488	1078	891	579	392	214	 28686
12/27/10	Mon	130	93	74	125	283	931	2432	3869	3259	2674	2560	2585	2457	2339	2359	2486	2564	2250	1536	847	738	595	403	193	 37782
12/28/10	Tue	105	78	59	133	328	1034	2706	4332	3549	2833	2529	2464	2432	2239	2217	2524	2576	2406	1604	941	757	652	413	226	 39137
12/29/10	Wed	115	86	64	134	308	1006	2736	4477	3699	2796	2433	2561	2358	2358	2346	2626	2750	2511	1829	1061	867	732	455	273	 40581
12/30/10	Thu	133	97	64	124	272	876	2436	3630	2804	2326	2136	1818	1549	1334	1267	1246	1247	1032	697	434	318	303	243	145	 26531
12/31/10	Fri	89	77	60	88	134	338	748	1006	924	932	1158	1411	1535	1631	1554	1619	1657	1101	1253	938	688	471	391	247	 20050