01/01/10	Fri	735	490	245	139	111	144	518	767	887	1070	1349	1625	1851	1958	1861	1737	1652	1525	1302	941	775	681	507	305	 23175
01/02/10	Sat	253	110	63	73	89	258	692	1137	1217	1589	1738	1939	2072	2108	2113	2056	2092	1953	1587	1129	998	939	661	460	 27326
01/03/10	Sun	296	214	100	87	79	197	543	800	1057	1191	1529	1572	1903	1821	1639	1513	1537	1571	1196	867	716	573	346	196	 21543
01/04/10	Mon	144	91	58	84	224	821	2216	3115	2235	1566	1490	1624	1720	1713	2064	2780	3419	3455	2147	1201	878	786	424	252	 34507
01/05/10	Tue	159	82	49	73	213	817	2175	3188	2273	1670	1575	1685	1799	1812	2155	2874	3513	3542	2454	1361	1095	888	436	253	 36141
01/06/10	Wed	164	75	50	79	215	807	2120	3055	2288	1528	1363	1464	1462	1577	1977	2470	3147	2459	1786	1048	692	540	364	187	 30917
01/07/10	Thu	107	81	83	89	220	735	1886	2596	2154	1581	1275	1395	1523	1626	1928	2705	3218	3332	2245	1245	1003	848	567	253	 32695
01/08/10	Fri	151	123	80	85	141	502	1640	2582	2230	1721	1535	1755	1757	1994	2632	3090	3441	3542	2579	1581	1204	1137	719	419	 36640
01/09/10	Sat	331	181	92	72	106	416	1117	1306	1520	1734	1914	2116	2274	2242	2259	2267	2322	2147	1610	1140	1027	1098	786	494	 30571
01/10/10	Sun	332	210	103	80	88	223	698	943	1157	1348	1636	1708	1949	1924	1793	1816	1819	1563	1301	903	785	584	306	178	 23447
01/11/10	Mon	115	71	47	81	234	759	2244	3121	2395	1594	1447	1562	1617	1741	2112	2797	3440	3447	2185	1169	957	766	378	235	 34514
01/12/10	Tue	135	81	50	71	239	799	2178	3119	2424	1647	1444	1656	1761	1760	2259	2896	3481	3570	2242	1311	1013	870	433	222	 35661
01/13/10	Wed	140	65	39	68	216	833	2129	3162	2387	1672	1562	1698	1711	1881	2230	2946	3421	3410	2319	1321	1117	954	454	234	 35969
01/14/10	Thu	141	66	61	94	230	790	2089	3141	2434	1650	1515	1617	1700	1801	2197	2939	3612	3552	2376	1429	1113	963	524	242	 36276
01/15/10	Fri	126	71	79	88	237	764	2026	3120	2288	1810	1698	1952	2004	2177	2734	3358	3619	3671	2878	1700	1255	1154	733	473	 40015
01/16/10	Sat	283	167	83	90	108	373	1054	1359	1775	1988	2158	2262	2258	2398	2216	2312	2194	2151	1560	1261	995	1050	762	471	 31328
01/17/10	Sun	316	221	87	60	85	228	640	1004	1310	1354	1750	1718	2049	1897	1960	1876	1800	1524	1285	917	751	653	415	211	 24111
01/18/10	Mon	171	75	52	82	242	686	1998	2794	2183	1817	1889	2020	1989	2118	2336	2700	3127	2993	1896	1138	875	759	356	185	 34481
01/19/10	Tue	119	60	55	74	225	830	2265	3170	2314	1597	1462	1585	1611	1799	2119	2903	3482	3337	2204	1217	1008	812	422	204	 34874
01/20/10	Wed	119	49	43	78	222	850	2187	3200	2302	1579	1434	1590	1652	1695	2109	2938	3425	3447	2231	1338	1054	811	436	221	 35010
01/21/10	Thu	131	83	63	95	218	813	2145	3094	2446	1622	1426	1588	1788	1916	2227	2964	3724	3573	2364	1414	1143	962	478	230	 36507
01/22/10	Fri	137	90	67	77	154	567	1760	2782	2395	1646	1737	1948	1993	2197	2660	3313	3761	3570	2352	1486	1118	1035	705	409	 37959
01/23/10	Sat	248	179	100	92	106	414	963	1199	1470	1657	1863	1944	2108	2155	2266	2269	2170	2005	1583	1171	995	1049	782	442	 29230
01/24/10	Sun	336	200	96	78	93	215	602	663	1040	1121	1374	1467	1831	1614	1530	1601	1686	1391	1157	816	927	626	302	165	 20931
01/25/10	Mon	112	50	41	77	268	853	2239	3051	2304	1565	1482	1562	1647	1664	2001	2818	3295	3359	2054	1139	937	724	347	215	 33804
01/26/10	Tue	103	61	51	61	252	812	2299	3082	2297	1596	1462	1618	1677	1776	2123	2851	3495	3443	2149	1339	1072	794	375	189	 34977
01/27/10	Wed	116	41	43	81	235	826	2209	3123	2385	1615	1454	1588	1626	1730	2311	3107	3852	3291	2117	1316	1039	818	367	204	 35494
01/28/10	Thu	142	67	60	90	228	805	2111	3046	2350	1561	1362	1429	1521	1601	2081	2815	3572	3281	2060	1272	1118	878	437	268	 34155
01/29/10	Fri	136	73	67	84	200	741	2183	3174	2560	1835	1709	1859	2016	2084	2723	3380	3624	3569	2744	1681	1256	1206	808	477	 40189
01/30/10	Sat	283	174	89	87	102	413	1304	1557	1923	2035	2071	2247	2281	2406	2179	2812	2793	2411	1722	1210	1100	1016	794	475	 33484
01/31/10	Sun	294	160	79	65	103	236	751	933	1394	1391	1627	1741	2033	2002	1909	1872	1875	1655	1131	914	743	606	316	162	 23992
02/01/10	Mon	100	59	45	81	260	835	2298	3107	2240	1593	1486	1539	1676	1725	2127	2872	3383	3400	2115	1123	872	739	356	185	 34216
02/02/10	Tue	91	60	56	69	239	849	2263	3139	2448	1659	1473	1680	1679	1804	2136	2934	3673	3407	2170	1273	1055	832	412	205	 35606
02/03/10	Wed	99	58	48	76	242	858	2252	3169	2404	1646	1541	1653	1768	1732	2145	2951	3702	3341	2171	1281	1134	881	420	221	 35793
02/04/10	Thu	108	95	55	76	218	821	2181	3158	2426	1715	1474	1608	1750	1782	2227	2862	3509	3589	2324	1325	1046	909	469	245	 35972
02/05/10	Fri	134	111	74	75	152	606	1810	2819	2290	1803	1807	1846	2050	2094	2719	3392	3784	3658	2543	1552	1214	1087	666	407	 38693
02/06/10	Sat	271	152	89	81	101	383	1110	1377	1594	1835	2014	2217	2164	2241	2317	2219	2293	2117	1682	1176	1029	999	732	491	 30684
02/07/10	Sun	294	163	101	73	88	181	633	727	999	960	1267	1179	1404	1346	1495	1903	1120	673	603	634	1602	751	300	151	 18647
02/08/10	Mon	125	49	43	95	237	791	1952	2442	1974	1435	1116	1195	1210	1297	1576	2440	3007	2636	1539	832	669	568	337	157	 27722
02/09/10	Tue	97	54	47	92	244	831	2233	3044	2244	1523	1489	1449	1622	1685	2029	2748	3390	3377	2224	1204	1141	803	409	195	 34174
02/10/10	Wed	125	73	51	90	230	835	2254	3110	2183	1671	1504	1589	1660	1776	2179	3013	3489	3317	2176	1326	1194	899	372	256	 35372
02/11/10	Thu	126	63	58	88	231	819	2271	3116	2389	1657	1519	1725	1809	1905	2278	3024	3578	3308	2327	1429	1236	939	489	258	 36642
02/12/10	Fri	164	80	84	94	199	746	2084	3115	2386	1838	1889	1984	2140	2219	2682	3447	3666	3484	2605	1553	1243	1092	766	503	 40063
02/13/10	Sat	241	165	79	66	103	330	944	1280	1508	1749	1994	2265	2467	2309	2380	2438	2251	2061	1611	1205	991	1003	724	475	 30639
02/14/10	Sun	308	183	85	61	72	211	516	669	838	1038	1216	1338	1757	1683	1575	1623	1689	1476	1199	901	740	637	427	282	 20524
02/15/10	Mon	121	97	66	76	220	682	2050	2640	2047	1760	1831	1900	2034	2004	2216	2670	3059	2781	1856	1136	857	687	317	198	 33305
02/16/10	Tue	100	54	53	88	238	858	2316	3207	2448	1656	1516	1603	1772	1775	2244	2973	3497	3468	2123	1252	1057	792	406	209	 35705
02/17/10	Wed	114	79	36	100	241	861	2268	3260	2349	1708	1600	1614	1711	1783	2141	3060	3661	3228	2195	1314	1187	791	401	206	 35908
02/18/10	Thu	110	66	38	84	232	805	2306	3179	2293	1585	1535	1646	1680	1779	2279	3136	3679	3184	1923	1154	940	825	374	195	 35027
02/19/10	Fri	117	81	82	130	170	584	1733	2484	2032	1553	1536	1594	1740	1899	2459	3247	3839	3281	2163	1339	1073	989	657	385	 35167
02/20/10	Sat	249	153	94	86	114	470	1131	1210	1336	1446	1590	1860	1939	1853	1994	1945	1920	1877	1405	934	882	895	683	426	 26492
02/21/10	Sun	220	180	92	75	102	306	676	721	940	991	1224	1371	1604	1557	1510	1458	1435	1302	917	719	615	471	255	140	 18881
02/22/10	Mon	115	74	58	103	243	769	2073	2717	2187	1442	1325	1416	1477	1478	1923	2712	3289	3198	1890	1118	875	620	320	237	 31659
02/23/10	Tue	103	44	40	93	236	843	2367	3166	2365	1685	1508	1595	1678	1746	2133	3016	3442	3216	2431	1380	1022	819	406	217	 35551
02/24/10	Wed	126	61	48	91	255	890	2407	3209	2341	1701	1556	1628	1692	1741	2238	2884	3107	3613	2263	1304	1167	907	454	249	 35932
02/25/10	Thu	119	84	41	94	238	844	2298	3156	2340	1575	1484	1636	1715	1859	2293	3082	3565	3072	2188	1246	1030	770	419	238	 35386
02/26/10	Fri	123	101	92	92	228	776	2222	3040	2462	1808	1693	1857	1995	2279	2702	3352	3956	3351	2700	1666	1250	1182	723	467	 40117
02/27/10	Sat	260	149	100	81	121	533	1307	1447	1854	1971	2080	2272	2340	2461	2289	2414	2346	2276	1651	1257	1132	1053	788	474	 32656
02/28/10	Sun	303	179	106	61	89	298	738	829	1137	1247	1585	1641	2110	1798	1753	1764	1945	1510	1156	870	591	483	284	156	 22633
03/01/10	Mon	111	55	33	99	245	830	2408	2908	2164	1500	1381	1513	1556	1676	2120	2875	3522	3190	2069	1156	879	700	350	179	 33519
03/03/10	Wed	97	52	51	88	237	925	2430	3196	2396	1724	1568	1688	1772	1870	2245	2947	3662	3450	2419	1378	1052	844	386	224	 36701
03/04/10	Thu	97	92	47	85	236	897	2391	3302	2437	1759	1670	1816	1779	1915	2311	3032	3602	3464	2459	1453	1200	980	479	252	 37755
03/05/10	Fri	129	104	161	80	164	619	1994	2797	2205	1866	1749	1898	2022	2208	2805	3537	3884	3443	2762	1567	1280	1142	755	487	 39658
03/06/10	Sat	326	160	90	91	124	473	1281	1390	1709	1947	2089	2170	2448	2245	2182	2235	2270	2230	1676	1199	1071	1096	824	539	 31865
03/07/10	Sun	324	187	114	66	98	249	766	900	1312	1333	1700	1687	2129	2043	1997	2017	2008	1704	1271	995	745	528	390	208	 24771
03/08/10	Mon	107	60	30	108	255	870	2350	3060	2227	1479	1449	1520	1605	1642	2073	2808	3515	3276	1971	1102	964	665	309	221	 33666
03/09/10	Tue	123	61	46	88	255	914	2369	3154	2336	1745	1501	1643	1711	1881	2291	3100	3684	3361	2173	1333	1088	861	395	213	 36326
03/10/10	Wed	129	55	50	83	217	927	2367	3198	2355	1607	1467	1697	1720	1879	2352	3035	3704	3427	2040	1331	1129	775	411	230	 36185
03/11/10	Thu	147	73	49	80	248	845	2388	3172	2350	1625	1482	1663	1677	1864	2378	3133	3755	3567	2449	1426	1240	1016	494	256	 37377
03/12/10	Fri	137	76	62	90	229	811	2551	3378	2665	1936	1882	2036	2193	2417	2792	3445	3742	3503	2696	1585	1249	1087	773	466	 41801
03/13/10	Sat	249	163	75	90	136	444	1277	1504	1748	2125	2333	2506	2672	2659	2543	2555	2341	2333	1756	1333	1149	1111	769	498	 34369
03/15/10	Mon	140	64	38	90	237	813	2248	2931	2333	1592	1499	1501	1746	1628	2166	2956	3551	3394	2154	1271	1003	831	407	227	 34820
03/16/10	Tue	134	66	30	91	226	858	2319	3214	2350	1774	1684	1706	1769	1922	2479	3121	3817	3577	2371	1535	1152	892	492	216	 37795
03/17/10	Wed	146	70	45	74	237	895	2288	3334	2579	1699	1732	1897	1968	2060	2367	2866	3957	3499	2229	1504	1251	924	518	280	 38419
03/18/10	Thu	150	82	58	93	233	852	2225	3214	2530	1869	1754	1891	1926	2081	2503	3153	3644	3735	2562	1735	1298	1086	564	301	 39539
03/19/10	Fri	155	96	64	86	158	561	1376	1999	1555	1155	1198	1257	1380	1774	1960	1840	1616	1796	1280	733	560	517	349	228	 23693
03/20/10	Sat	157	83	64	91	100	402	740	863	1004	1328	1535	1902	2255	2264	2245	2297	2161	2121	1697	1341	1161	1103	728	508	 28150
03/21/10	Sun	293	173	107	83	102	262	858	897	1182	1325	1712	1732	2205	2165	2061	2027	1978	1740	1375	1026	876	673	397	192	 25441
03/22/10	Mon	130	71	36	100	245	829	2345	3056	2350	1794	1738	1830	1951	1920	2388	2970	3574	3235	2156	1335	1005	750	366	247	 36421
03/23/10	Tue	122	82	31	99	247	842	2267	3038	2290	1717	1738	1744	1887	1984	2450	3046	3572	2879	1269	377	550	322	146	98	 32797
03/24/10	Wed	62	68	35	80	150	437	806	968	938	988	898	1043	1111	1187	1416	1834	2330	2175	1421	960	841	659	369	211	 20987
03/25/10	Thu	110	72	46	106	231	792	2424	3182	2582	1864	1768	1888	1851	2035	2353	3018	3717	3548	2448	1532	1152	909	501	249	 38378
03/26/10	Fri	144	98	58	109	219	804	2215	3009	2441	1854	1925	2052	2120	2323	2799	3323	3752	2979	1991	1133	955	897	554	347	 38101
03/27/10	Sat	248	143	86	76	108	326	715	995	1183	1403	1718	1981	2093	2121	2184	2261	2147	1999	1655	1244	1034	1042	729	517	 28008
03/28/10	Sun	269	193	119	74	89	282	775	933	1197	1325	1686	1852	2180	2077	1986	2006	2045	1622	1366	1078	850	609	369	203	 25185
03/29/10	Mon	109	51	40	101	248	851	2167	2927	2274	1632	1564	1699	1753	1929	2106	2887	3467	3156	2068	1227	941	727	389	239	 34552
03/30/10	Tue	142	54	43	89	245	873	2196	2966	2331	1757	1728	1840	1973	1981	2310	2998	3701	3769	2168	1413	1181	1016	561	292	 37627
03/31/10	Wed	144	73	38	85	252	835	2224	3041	2309	1830	1658	1885	1956	2049	2317	3023	3788	3261	2183	1422	1168	934	480	242	 37197
04/01/10	Thu	161	84	62	94	222	862	2104	2877	2381	1802	1763	1813	1903	1998	2430	3113	3635	3410	2317	1466	1212	961	518	275	 37463
04/02/10	Fri	178	130	72	97	148	575	1587	2445	2096	1846	1913	2182	2183	2299	2813	3408	3721	3018	2203	1501	1238	1021	758	461	 37893
04/03/10	Sat	253	175	91	93	107	279	862	1398	1697	1924	2213	2309	2429	2199	2326	2235	2114	1905	1611	1281	1096	960	690	490	 30737
04/04/10	Sun	246	156	81	101	432	434	464	711	1192	1356	2122	2218	2526	2312	2153	1980	1978	1848	1759	1658	1132	662	362	201	 28084
04/05/10	Mon	97	46	46	92	266	884	2323	3053	2326	1768	1638	1763	1823	1795	2205	2964	3666	3476	2270	1305	964	752	408	207	 36137
04/06/10	Tue	128	59	34	85	237	861	2332	3220	2268	1639	1563	1734	1734	1807	2260	2969	3792	3488	2199	1415	1130	823	411	207	 36395
04/07/10	Wed	108	71	50	93	213	813	2138	2924	2113	1496	1400	1546	1556	1666	2087	2944	3668	3326	2278	1362	1237	908	426	232	 34655
04/08/10	Thu	148	76	41	96	238	894	2481	3317	2661	1735	1759	1784	1928	2043	2359	3206	3942	3651	2456	1581	1312	1104	523	284	 39619
04/09/10	Fri	153	67	59	84	234	783	2256	3181	2482	1925	1923	1967	2108	2236	2714	3531	3848	3502	2340	1695	1401	1309	842	529	 41169
04/10/10	Sat	260	178	108	112	117	384	1151	1699	1897	2052	2179	2175	2269	2448	2407	2317	2445	2434	1811	1501	1174	1160	847	551	 33676
04/11/10	Sun	294	171	105	90	104	217	676	1255	1583	1760	2021	2196	2062	2003	1920	1964	1959	1860	1397	1072	875	571	361	178	 26694
04/12/10	Mon	83	56	58	85	265	902	2363	3115	2285	1643	1591	1722	1673	1716	2217	3006	3688	3460	2001	1316	995	748	395	200	 35583
04/13/10	Tue	111	51	42	84	246	898	2399	3113	2309	1645	1581	1694	1736	1916	2285	3012	3680	3532	2145	1467	1161	887	431	189	 36614
04/14/10	Wed	117	65	42	105	248	892	2342	3165	2500	1791	1635	1776	1854	1878	2435	3095	3782	3546	2312	1517	1206	942	400	240	 37885
04/15/10	Thu	119	79	48	86	260	889	2330	3208	2502	1876	1740	1809	1916	1945	2467	3204	3780	3690	2502	1613	1201	1059	512	263	 39098
04/16/10	Fri	152	81	72	96	173	611	1759	2696	2166	1887	1901	1985	2162	2301	2838	3455	3965	3435	2462	1574	1287	1125	679	499	 39361
04/17/10	Sat	249	128	98	70	113	281	667	1314	1557	1699	1772	1935	2002	2153	2075	2140	2080	2073	1622	1309	1044	995	665	472	 28513
04/18/10	Sun	291	159	84	62	118	212	543	1044	1445	1722	2054	2164	2199	2004	2059	2060	1927	1646	1417	1041	839	581	357	206	 26234
04/19/10	Mon	102	43	48	88	255	897	2413	3035	2265	1687	1745	1734	1833	1855	2214	3045	3850	3409	2079	1238	1045	727	335	229	 36171
04/20/10	Tue	157	62	39	81	257	913	2382	3086	2315	1743	1658	1836	1928	1920	2324	3120	3764	3531	2123	1394	1138	821	407	253	 37252
04/21/10	Wed	148	51	42	87	287	944	2370	3125	2304	1708	1585	1705	1851	1828	2337	2984	3813	3609	2262	1408	1256	829	390	255	 37178
04/22/10	Thu	117	73	34	89	263	860	2293	3140	2423	1759	1644	1798	1849	1906	2347	3070	3596	3371	2160	1334	1156	919	461	270	 36932
04/23/10	Fri	136	75	59	90	199	761	1941	2771	2059	1614	1419	1315	1751	1894	2276	2818	3198	2698	1819	1194	938	881	571	328	 32805
04/24/10	Sat	200	112	73	66	112	253	606	947	1234	1501	1745	1929	2164	2164	2143	2300	2280	2081	1621	1365	1239	1120	772	510	 28537
04/25/10	Sun	276	207	87	86	105	225	446	905	1328	1348	1647	1762	1999	1990	1972	1966	1955	1585	1353	957	675	496	311	146	 23827
04/26/10	Mon	100	51	46	92	242	883	2384	3100	2182	1602	1625	1798	1747	1783	2249	3072	3770	3437	2124	1319	998	728	348	209	 35889
04/27/10	Tue	94	53	38	103	265	928	2507	3190	2294	1778	1632	1752	1848	1954	2368	3244	3772	3530	2227	1461	1148	851	433	222	 37692
04/28/10	Wed	124	69	58	95	258	955	2394	3233	2390	1820	1667	1820	1910	1978	2359	3319	3785	3543	2275	1562	1152	882	404	242	 38294
04/29/10	Thu	121	66	55	91	241	900	2375	3158	2276	1672	1522	1550	1745	1845	2325	3022	3706	3484	2214	1431	1178	910	493	237	 36617
04/30/10	Fri	138	90	63	90	169	674	1791	2569	2186	1875	1914	2056	2101	2332	2744	3398	3848	3615	2366	1715	1333	1199	727	492	 39485
05/01/10	Sat	274	150	78	91	113	357	712	1386	1833	2056	2189	2327	2439	2323	2308	2410	2298	2340	1947	1422	1179	1063	796	514	 32605
05/02/10	Sun	286	161	88	77	95	209	456	782	1281	1364	1748	1766	1858	1826	1765	1698	1970	1572	1250	975	752	569	321	175	 23044
05/03/10	Mon	98	53	44	99	267	975	2401	3078	2345	1720	1642	1750	1822	1817	2293	3199	3754	3450	2144	1325	1073	786	397	212	 36744
05/04/10	Tue	111	51	42	93	251	1033	2490	3175	2359	1827	1767	1792	1816	1846	2409	3140	3697	3600	2246	1572	1174	895	425	227	 38038
05/05/10	Wed	119	41	55	103	263	995	2515	3110	2461	1753	1774	1897	1949	1964	2488	3264	3898	3590	2225	1567	1232	912	443	208	 38826
05/06/10	Thu	148	70	54	95	285	953	2423	3088	2498	1910	1728	1851	1899	2021	2502	3253	3612	3856	2298	1560	1230	994	489	250	 39067
05/07/10	Fri	108	83	194	96	236	927	2324	2937	2380	1873	1967	2026	2166	2362	2931	3594	4044	3598	2514	1582	1331	1190	735	500	 41698
05/08/10	Sat	308	157	94	82	123	335	699	1385	1714	2004	2057	2116	2255	2328	2255	2201	2282	2114	1841	1338	1276	1082	811	527	 31384
05/09/10	Sun	301	151	85	95	86	223	302	687	1241	1741	2069	2169	2386	2275	2135	2063	1981	1781	1599	1369	1095	667	342	172	 27015
05/10/10	Mon	100	58	52	92	293	1000	2387	3227	2234	1760	1621	1759	1774	1792	2255	3049	3808	3589	2146	1345	1112	708	469	211	 36841
05/11/10	Tue	112	94	49	106	268	1009	2412	3210	2292	1711	1684	1798	1772	1830	2463	3267	3748	3477	2165	1240	967	710	348	179	 36911
05/12/10	Wed	113	55	48	107	237	950	2252	2910	2042	1458	1434	1517	1609	1736	2097	2915	3666	3173	2049	1226	1063	817	417	218	 34109
05/13/10	Thu	146	77	57	104	255	989	2374	2942	2237	1673	1677	1705	1795	1900	2455	3143	3670	3703	2465	1522	1242	897	466	263	 37757
05/14/10	Fri	141	71	76	90	171	669	1832	2694	2221	1882	1953	2107	2217	2426	2830	3258	3667	3599	2319	1564	1202	1169	729	493	 39380
05/15/10	Sat	242	156	103	97	139	311	677	1244	1523	1733	1805	2008	2022	2083	2094	2100	2159	2116	1804	1355	1255	1072	781	470	 29349
05/16/10	Sun	266	177	101	81	122	243	568	956	1572	1732	1998	1974	2018	1956	1873	1864	1944	1735	1471	1122	1080	730	373	227	 26183
05/17/10	Mon	126	51	46	103	299	965	2506	2900	2312	1878	1788	1952	1868	1950	2388	3169	3832	3612	2180	1382	1082	771	399	228	 37787
05/18/10	Tue	157	70	37	114	288	992	2394	3162	2300	1772	1730	1828	1889	1947	2377	3157	3783	3595	2282	1474	1193	894	439	252	 38126
05/19/10	Wed	147	95	61	108	261	1016	2386	3205	2379	1846	1783	1940	1996	2123	2471	3214	3829	3606	2314	1639	1207	986	542	249	 39403
05/20/10	Thu	154	89	52	103	277	972	2439	3125	2500	1863	1474	1383	1481	1422	1356	2637	3771	3943	2614	1750	1510	1173	589	323	 37000
05/21/10	Fri	199	120	81	111	254	886	2138	3039	2452	2046	2051	2194	2443	2523	2955	3584	3881	3723	2564	1793	1556	1299	855	545	 43292
05/22/10	Sat	285	169	85	95	127	363	793	1454	1748	1860	1870	1948	1917	1879	1860	1901	1814	1740	1691	1418	1293	1139	745	475	 28669
05/23/10	Sun	229	180	79	73	130	232	528	988	1392	1696	1942	1825	1918	1995	2050	1836	1857	1838	1515	1210	978	690	403	260	 25844
05/24/10	Mon	124	81	59	126	304	999	2478	3088	2371	1760	1683	1794	1881	1811	2235	3091	3705	3444	2152	1320	1039	804	464	271	 37084
05/25/10	Tue	145	72	53	122	277	1025	2463	3072	2328	1810	1819	1873	1999	2099	2539	3258	3769	3580	2331	1569	1246	951	529	269	 39198
05/26/10	Wed	141	79	70	115	289	1036	2513	3125	2161	2010	1820	1890	2065	2182	2515	3214	3833	3627	2348	1558	1268	1042	513	290	 39704
05/27/10	Thu	212	105	94	118	276	1010	2419	2909	2452	1978	1988	2048	2205	2264	2591	3354	3794	3709	2602	1692	1438	1376	720	361	 41715
05/28/10	Fri	210	120	94	103	223	684	1717	2487	2273	2022	2242	2467	2679	2409	3123	3403	3749	3162	2249	1671	1372	1232	772	403	 40866
05/29/10	Sat	239	123	93	99	166	363	847	1515	1895	2318	2510	2727	2367	2353	2333	2269	2199	2087	1645	1256	1003	1011	674	432	 32524
05/30/10	Sun	242	148	102	83	97	254	484	924	1471	1790	2251	2125	2289	2171	2180	2083	2234	2221	1580	1194	1173	909	584	328	 28917
05/31/10	Mon	185	104	63	86	159	403	635	829	1277	1759	2027	2185	2217	2067	2008	2046	1788	1618	1393	1252	1078	819	404	236	 26638
06/01/10	Tue	118	50	45	117	311	1060	2507	3058	2373	1861	1811	1977	1943	2098	2431	3151	3936	3785	2373	1466	1153	891	460	234	 39209
06/02/10	Wed	159	80	46	117	343	1052	2451	3072	2399	1810	1814	1855	2104	2037	2378	3242	3845	3824	2493	1645	1281	981	549	263	 39840
06/03/10	Thu	182	91	54	130	339	1020	2339	2988	2373	2017	1856	2022	2037	2153	2546	3186	3853	3834	2777	1635	1402	1077	558	323	 40792
06/04/10	Fri	171	114	88	106	319	1021	2251	3000	2391	2085	2224	2224	2302	2654	2906	3547	3830	3758	2764	1731	1359	1225	796	508	 43374
06/05/10	Sat	321	152	108	109	154	410	992	1727	1699	2092	2113	2006	2341	2048	2013	2129	2314	2266	1914	1378	1185	1014	776	427	 31688
06/06/10	Sun	267	193	114	86	115	314	683	1085	1518	1764	2006	2127	2266	2003	2250	2062	1883	1726	1430	1135	1021	790	484	246	 27568
06/07/10	Mon	138	60	76	103	340	1057	2417	3055	2380	1904	2215	1913	1950	2003	2231	3008	3779	3498	2206	1353	1140	886	587	236	 38535
06/08/10	Tue	159	99	55	125	334	1089	2403	3095	2488	1874	1784	1936	1994	1981	2464	3161	3808	3784	2408	1516	1168	959	548	267	 39499
06/09/10	Wed	144	89	62	111	338	1061	2425	3014	2443	1940	1965	1951	2036	2155	2617	3462	3837	3858	2921	1655	1161	965	692	295	 41197
06/10/10	Thu	189	92	88	97	326	1065	2380	3114	2506	1977	2027	2018	2168	2235	2479	3222	3730	3783	2858	1732	1209	1091	671	332	 41389
06/11/10	Fri	166	85	135	119	234	821	1936	2512	2325	2062	2250	2242	2414	2606	3000	3457	3660	3561	2304	1601	1267	1099	778	475	 41109
06/12/10	Sat	272	183	102	86	138	349	590	1089	1367	1725	1915	1955	2141	1937	1183	2243	2176	1974	1555	1279	1054	979	806	468	 27566
06/13/10	Sun	281	183	104	91	116	238	361	556	946	1212	1518	1711	2050	2020	1847	1967	2066	1765	1300	1032	882	719	420	271	 23656
06/14/10	Mon	123	86	59	123	300	1035	2412	2961	2320	1896	1885	1996	2002	1978	2313	3136	3762	3430	2154	1381	1123	841	632	334	 38282
06/15/10	Tue	130	86	68	94	329	1101	2398	3135	2649	2022	1985	2154	2083	2159	2462	3257	3864	3750	2509	1627	1230	1004	550	291	 40937
06/16/10	Wed	164	109	72	115	334	1137	2566	3036	2625	2086	2017	2051	2120	2146	2535	3218	3945	3716	2355	1598	1338	1054	622	304	 41263
06/17/10	Thu	171	86	82	97	320	1129	2474	3100	2517	2028	2070	2232	2256	2251	2670	3324	2766	3445	2520	1753	1283	1142	698	355	 40769
06/18/10	Fri	191	155	126	113	320	1005	2254	2929	2449	2324	2436	2414	2526	2728	3121	3608	2827	2860	2698	1661	1368	1208	765	504	 42590
06/19/10	Sat	313	173	118	108	190	508	1060	1764	2128	2310	2484	2517	2468	2372	2410	2424	2362	2216	1805	1454	1263	1109	820	561	 34937
06/20/10	Sun	283	180	95	103	133	342	605	1081	1711	1976	2305	2341	2494	2213	2144	2004	1963	1716	1518	1448	1204	928	514	221	 29522
06/21/10	Mon	159	66	60	115	322	1085	2430	3143	2483	2004	2031	2066	2001	2044	2423	3193	3859	3665	2155	1429	1103	897	527	289	 39549
06/22/10	Tue	153	79	71	96	301	1153	2444	3016	2578	1947	2014	2183	2104	2099	2495	3174	3772	3748	2461	1525	1261	991	567	331	 40563
06/23/10	Wed	192	119	102	105	312	1118	2414	3090	2388	2090	2062	2247	2017	2065	2605	3319	3826	3750	2345	1619	1313	1104	741	314	 41257
06/24/10	Thu	171	105	88	107	317	1146	2410	3111	2580	2146	2092	2245	2216	2388	2715	3447	3808	3765	2556	1703	1229	1099	712	313	 42469
06/25/10	Fri	231	131	78	104	252	888	1880	2565	2421	2171	2469	2519	2711	2776	3140	3638	3850	3612	2377	1661	1351	1154	804	483	 43266
06/26/10	Sat	306	175	112	130	212	601	1068	1752	2009	2342	2586	2562	2373	2327	2301	2442	2226	2247	1822	1271	1112	1048	773	492	 34289
06/27/10	Sun	302	169	82	78	135	354	634	1042	1521	1914	2244	2160	2385	2227	2134	2043	1901	1765	1517	1306	1083	765	446	255	 28462
06/28/10	Mon	150	83	67	101	342	1132	2508	2972	2370	1929	1985	2048	2088	2064	2515	3191	3716	3687	2407	1553	1223	927	531	259	 39848
06/29/10	Tue	172	105	82	124	343	1146	2473	3150	2478	2044	1984	2112	2125	2184	2481	3284	3282	3907	2641	1725	1354	1027	635	338	 41196
06/30/10	Wed	161	103	388	110	348	1142	2502	3132	2474	2056	1986	2039	2252	2225	2611	3322	3818	3776	2715	1664	1443	1175	590	351	 42383
07/01/10	Thu	219	176	89	124	316	1127	2437	3006	2443	2132	2092	2291	2370	2451	2878	3346	3818	3793	2601	1755	1453	1075	694	352	 43038
07/02/10	Fri	195	100	98	120	300	974	2179	2846	2424	2406	2440	2601	2896	3054	3293	3409	3770	3023	2155	1564	1300	1149	792	480	 43568
07/03/10	Sat	247	157	113	123	203	477	1018	1525	1794	2400	2623	2531	2368	2302	2259	2496	2373	2160	1649	1209	990	892	826	533	 33268
07/04/10	Sun	266	164	88	88	110	270	577	917	1285	1443	1832	1869	2109	2019	1814	1867	1848	1561	1116	940	930	1484	930	435	 25962
07/05/10	Mon	226	100	67	83	149	304	597	1034	1347	1855	2039	2204	2217	2196	2093	2084	2109	1942	1481	1195	1044	1315	711	251	 28643
07/06/10	Tue	150	63	64	98	295	1040	2309	2945	2407	1962	2003	1876	2074	2088	2336	3140	3697	3703	2227	1423	1145	941	519	264	 38769
07/07/10	Wed	174	90	74	95	291	1038	2274	2893	2257	1864	1906	1962	2053	2158	2597	3259	3630	3520	2354	1524	1173	942	536	273	 38937
07/08/10	Thu	163	72	69	98	304	1043	2354	2878	2359	1944	1996	2115	2152	2214	2660	3174	3662	3806	2502	1618	1354	1135	562	303	 40537
07/09/10	Fri	162	156	84	112	240	822	1862	2543	2268	2204	2321	2441	2602	2810	3055	3606	3894	3725	2673	1776	1417	1201	756	552	 43282
07/10/10	Sat	282	155	84	154	340	522	1031	1597	2049	2342	2583	2640	2489	2429	2426	2535	2495	2390	2015	1462	1249	1132	814	461	 35676
07/11/10	Sun	305	151	90	102	137	352	619	1014	1609	2069	2249	2331	2363	2059	2043	2134	2051	1639	1502	1207	985	754	459	254	 28478
07/12/10	Mon	145	83	63	103	346	1092	2508	3108	2328	1997	1936	2056	2006	1979	2376	3330	3766	3637	2386	1540	1104	975	511	256	 39631
07/13/10	Tue	154	70	79	101	328	1136	2567	3175	2455	1979	2025	2051	2010	2213	2539	3307	3834	3779	2424	1679	1375	966	711	285	 41242
07/14/10	Wed	171	92	76	102	337	1158	2588	3104	2432	2057	2001	2173	2151	2194	2574	3276	3802	3614	2494	1645	1252	1028	663	321	 41305
07/15/10	Thu	155	94	58	122	326	1164	2635	3089	2516	2091	2112	2198	2263	2257	2719	3270	3752	3661	3095	1815	1496	1126	655	379	 43048
07/16/10	Fri	198	94	175	120	317	1043	2473	2946	2376	2251	2375	2359	2577	2775	3138	3635	3675	3729	2773	1836	1507	1319	790	520	 45001
07/17/10	Sat	302	186	119	127	232	544	1144	1699	2035	2453	2562	2485	2749	2593	2419	2476	2439	2363	1793	1404	1268	1157	771	512	 35832
07/18/10	Sun	339	201	103	102	143	393	690	1017	1501	1767	2030	2134	2312	2048	2047	2030	1993	1668	1539	1218	971	802	512	400	 27960
07/19/10	Mon	159	86	62	115	349	1090	2497	2875	2342	2055	2011	1993	1984	2092	2368	3244	3811	3558	2352	1439	1206	812	476	262	 39238
07/20/10	Tue	136	81	69	106	325	1158	2462	3085	2411	2010	1945	2037	2097	2249	2630	3452	3563	3397	2629	1579	1221	817	575	381	 40415
07/21/10	Wed	139	91	70	102	316	1110	2498	2989	2479	2025	2084	2028	2085	2198	2527	3361	3882	3727	2617	1563	1217	1065	616	390	 41179
07/22/10	Thu	237	123	86	135	331	1114	2550	3034	2454	2064	1990	2257	2240	2265	2643	3324	3843	3721	2603	1621	1336	1357	767	448	 42543
07/23/10	Fri	213	168	103	116	247	865	1948	2557	2367	2357	2525	2635	2697	2935	3404	3822	3852	3714	2547	1669	1484	1161	859	516	 44761
07/24/10	Sat	264	161	96	126	190	606	1248	1960	2411	2548	2373	2287	2184	2192	2198	2416	2416	2192	1695	1487	1247	1123	848	511	 34779
07/25/10	Sun	271	162	117	112	155	359	589	1171	1881	2132	2170	2224	2389	2257	2116	2084	2054	1876	1509	1263	1068	848	459	256	 29522
07/26/10	Mon	141	94	63	124	348	1152	2511	3021	2303	2049	1983	2022	2097	2049	2356	3097	3694	3645	2211	1405	1232	911	489	287	 39284
07/27/10	Tue	187	91	91	115	357	1147	2552	3102	2360	2059	2054	2047	2172	2169	2578	3224	3877	3724	2324	1601	1254	962	524	271	 40842
07/28/10	Wed	170	84	83	114	364	1164	2520	2823	2544	2087	1998	2061	2123	2321	2568	3325	3780	3776	2241	1503	1243	1107	534	304	 40837
07/29/10	Thu	187	119	95	101	336	1148	2499	3025	2437	2130	2108	2133	2288	2396	2715	3320	3903	3758	2751	1693	1199	1076	590	331	 42338
07/30/10	Fri	170	109	106	124	328	1079	2304	2955	2485	2395	2401	2606	2618	2903	3290	3708	3900	3486	2442	1723	1418	1165	832	473	 45020
07/31/10	Sat	281	166	109	111	186	555	1023	1632	2072	2368	2502	2515	2403	2316	2520	2361	2378	2237	1832	1467	1281	1170	931	623	 35039
08/01/10	Sun	323	194	112	83	170	398	661	1013	1563	1871	2252	2248	2430	2272	2149	2173	2121	1745	1456	1242	1268	819	439	271	 29273
08/02/10	Mon	146	76	50	102	353	1141	2507	2980	2334	1948	1992	2106	2054	2093	2488	3141	3566	3146	2046	1339	1008	739	447	242	 38044
08/03/10	Tue	125	77	74	106	309	1127	2485	3077	2306	2047	2084	2124	2156	2159	2484	3209	3868	3657	2256	1495	1462	1114	640	356	 40797
08/04/10	Wed	185	117	86	126	329	1117	2512	3128	2482	1996	1972	2100	2196	2145	2600	3389	3802	3417	2332	1552	1363	1011	553	314	 40824
08/05/10	Thu	155	90	74	103	312	1177	2602	3038	2488	2094	2000	2152	2155	2317	2687	3363	3947	3855	2595	1779	1383	1020	629	335	 42350
08/06/10	Fri	153	117	87	91	262	813	2010	2552	2366	2268	2416	2482	2595	2849	3262	3598	3845	3590	2482	1711	1454	1172	767	446	 43388
08/07/10	Sat	247	129	113	142	300	527	1029	1531	1776	2064	2217	2519	2365	2346	1861	2231	2331	2208	1592	1224	1162	983	813	524	 32234
08/08/10	Sun	290	182	101	90	158	317	611	1043	1476	1811	2147	2188	2220	2142	2108	2051	2015	1662	1354	1164	1019	675	401	247	 27472
08/09/10	Mon	133	72	69	100	338	1104	2462	2983	2285	1899	1901	1935	2037	1993	2469	3251	3933	3322	2085	1308	1092	789	441	244	 38245
08/10/10	Tue	140	61	50	96	307	1231	2518	3058	2445	1950	1940	2013	1995	2081	2391	3384	3947	3613	2452	1521	1207	957	498	257	 40112
08/11/10	Wed	150	92	74	124	315	1254	2631	3129	2486	1993	1951	2049	2090	2098	2536	3446	3961	3852	2375	1599	1305	1157	626	341	 41634
08/12/10	Thu	220	119	99	153	362	1160	2557	3125	2403	2020	1967	2141	2089	2177	2650	3523	3851	3769	2749	1787	1638	1260	680	365	 42864
08/13/10	Fri	236	139	107	132	325	1042	2404	2992	2463	2184	2307	2358	2457	2534	3026	3658	3812	3683	2542	1671	1423	1180	802	634	 44111
08/14/10	Sat	321	202	127	133	278	634	955	1641	2049	2420	2705	2720	2590	2561	2460	2516	2392	2162	1738	1413	1230	1125	797	485	 35654
08/15/10	Sun	283	151	97	100	123	332	551	849	1471	1784	2155	2236	2227	2190	2139	2211	2025	1745	1461	1242	1144	709	375	210	 27810
08/16/10	Mon	137	65	71	113	328	1137	2649	3083	2315	1796	1833	1907	1921	1988	2408	3232	3877	3565	2381	1443	1154	884	544	269	 39100
08/17/10	Tue	159	72	82	127	321	1143	2570	3146	2482	1958	1973	1935	1982	2100	2503	3415	3939	3449	2252	1711	1439	1072	595	312	 40737
08/18/10	Wed	189	108	93	137	306	1181	2719	3249	2486	1936	1928	1969	2088	2174	2597	3333	3930	3777	2812	1626	1306	941	490	271	 41646
08/19/10	Thu	151	75	85	130	322	1172	2673	3279	2462	1922	1953	2081	2016	2230	2679	3460	3959	3842	2530	1701	1492	1125	610	249	 42198
08/20/10	Fri	174	105	66	121	260	904	2069	2745	2388	2217	2270	2319	2495	2500	3244	3810	3705	3794	2752	1770	1426	1178	777	447	 43536
08/21/10	Sat	270	146	101	105	222	469	1095	1780	2182	2608	2737	2874	2918	2682	2575	2614	2702	2423	1855	1293	1280	1170	842	489	 37432
08/22/10	Sun	256	150	84	71	141	311	669	1085	1615	1895	2353	2412	2514	2395	2292	2287	2295	1935	1528	1299	966	627	372	217	 29769
08/23/10	Mon	119	69	79	114	375	1123	2705	3150	2299	1820	1719	1798	1882	1987	2443	3178	3634	3223	1943	1332	968	686	457	211	 37314
08/24/10	Tue	96	68	80	105	319	1196	2656	3284	2415	1752	1686	1860	1832	1981	2508	3449	3884	3738	2408	1651	1258	845	421	238	 39730
08/25/10	Wed	119	55	63	108	300	1149	2723	3239	2437	1915	1852	1947	1961	2180	2628	3486	3994	3805	2315	1523	1272	866	398	267	 40602
08/26/10	Thu	114	71	67	118	331	1143	2824	3230	2489	1932	1903	2030	2034	2168	2694	3406	3976	3806	2270	1680	1303	894	502	261	 41246
08/27/10	Fri	150	80	81	102	354	1092	2689	3162	2530	2133	2167	2310	2398	2593	3069	3811	3736	3802	2413	1582	1295	1063	731	475	 43818
08/28/10	Sat	239	158	136	98	200	459	1103	1694	2067	2512	2656	2554	2529	2783	2596	2746	2531	2195	1673	1379	1336	1102	937	597	 36280
08/29/10	Sun	285	154	107	80	268	460	662	1088	1530	1839	2292	2219	2402	2251	2352	2475	2381	1827	1309	1156	956	702	350	185	 29330
08/30/10	Mon	80	56	61	102	326	1176	2796	3248	2341	1810	1823	1788	1824	1871	2466	3200	3879	3641	2119	1301	1025	656	331	168	 38088
08/31/10	Tue	105	64	61	94	317	1201	2827	3306	2466	1822	1749	1908	1837	1968	2532	3249	3988	3689	2445	1508	1174	791	390	214	 39705
09/01/10	Wed	128	68	71	99	334	1183	2782	3181	2526	1785	1820	1862	1995	2121	2576	3428	3876	3560	2942	1662	1297	877	426	218	 40817
09/02/10	Thu	141	75	80	111	333	1142	2781	3187	2397	1820	1862	1961	1978	2176	2774	3446	3882	3635	2168	1562	1183	1041	536	231	 40502
09/03/10	Fri	124	94	75	103	245	794	2044	2696	2248	2120	2305	2427	2596	2952	3476	3742	3536	3475	2598	1778	1432	1399	705	427	 43391
09/04/10	Sat	246	132	84	104	177	401	822	1342	2053	2560	2753	2678	2567	2471	2417	2539	2491	2207	1560	1290	1154	946	592	410	 33996
09/05/10	Sun	204	144	80	81	138	257	530	885	1507	1822	2306	2360	2455	2191	2009	2094	2112	1796	1414	1214	1068	799	574	300	 28340
09/06/10	Mon	160	83	57	69	133	306	498	846	1277	1697	1996	2142	2137	2071	2099	2075	2009	1675	1405	1182	914	609	279	178	 25897
09/07/10	Tue	100	48	63	105	329	1168	2718	3130	2411	1787	1743	1843	1931	1960	2516	3221	3784	3354	2151	1373	1109	776	369	186	 38175
09/08/10	Wed	102	60	75	99	308	1140	2833	3111	2468	1804	1779	1884	1901	2010	2521	3300	3839	3474	2163	1424	1157	753	389	198	 38792
09/09/10	Thu	94	57	63	108	323	1163	2720	3179	2421	1836	1802	1951	1992	2201	2625	3373	3881	3553	2517	1571	1342	947	411	227	 40357
09/10/10	Fri	131	86	72	104	302	1111	2548	3133	2526	2020	2063	2266	2258	2501	2959	3733	3760	3574	2758	1564	1285	1188	646	385	 42973
09/11/10	Sat	260	119	93	106	178	445	1020	1719	2104	2260	2541	2629	2583	2657	2577	2554	2481	2369	1866	1502	1081	1065	695	376	 35280
09/12/10	Sun	265	131	96	67	153	263	610	1005	1522	1755	2181	2091	2066	2008	2177	2116	2190	1939	1562	1089	832	542	278	161	 27099
09/13/10	Mon	81	57	61	103	335	1095	2770	2966	2486	1738	1645	1827	1817	1903	2395	3229	3898	3597	2001	1242	1021	673	371	191	 37502
09/14/10	Tue	102	60	69	105	330	1144	2748	3208	2365	1799	1815	1768	1811	1951	2474	3249	3710	3488	2120	1422	1166	813	529	245	 38491
09/15/10	Wed	113	67	66	93	370	1163	2721	3292	2373	1901	1732	1861	1846	2061	2515	3228	3820	3476	2356	1396	1254	811	400	202	 39117
09/16/10	Thu	121	62	63	104	323	1158	2688	3234	2490	1905	1787	1957	1918	2045	2659	3389	3933	3607	2426	1632	1271	1022	473	221	 40488
09/17/10	Fri	144	87	87	104	273	802	2103	2784	2358	2228	2232	2301	2386	2660	3093	3562	3663	3497	2857	1720	1413	1206	717	390	 42667
09/18/10	Sat	211	153	99	116	186	425	929	1502	2042	2466	2731	2833	2735	2757	2646	2662	2502	2261	1715	1335	1271	1068	742	423	 35810
09/19/10	Sun	222	149	98	78	126	259	615	1061	1598	1936	2406	2420	2361	2256	1995	2026	2125	2080	1479	1180	855	559	296	198	 28378
09/20/10	Mon	79	52	68	116	371	1177	2749	3198	2358	1738	1703	1814	1794	1828	2404	3250	3763	3269	2001	1174	959	628	338	178	 37009
09/21/10	Tue	103	54	50	94	334	1176	2799	3177	2352	1851	1766	1787	1970	2054	2734	3448	3869	3687	2149	1406	1094	778	405	200	 39337
09/22/10	Wed	101	53	61	133	329	1180	2794	3193	2455	1840	1788	1917	1825	1977	2561	3084	3617	3450	2071	1419	1218	811	403	193	 38473
09/23/10	Thu	96	60	67	117	345	1217	2766	3194	2433	1858	1896	1990	1959	2098	2751	3484	3625	3623	2446	1518	1229	935	501	209	 40417
09/24/10	Fri	112	72	66	108	333	1114	2584	3152	2412	2252	2401	2360	2562	2739	3300	3521	3922	3531	2599	1693	1330	1192	790	398	 44543
09/25/10	Sat	215	137	77	88	159	425	930	1690	2414	2806	2997	2946	2880	2876	2665	2785	2607	2385	1696	1405	1187	1092	877	633	 37972
09/26/10	Sun	264	180	91	82	138	280	758	1199	1782	2172	1759	2280	2440	2336	1962	1857	1847	1868	1472	1154	852	539	317	190	 27819
09/27/10	Mon	77	58	64	117	360	1218	2686	3128	2406	1885	1791	1810	1784	1993	2366	3282	3738	3532	2022	1164	969	682	344	189	 37665
09/28/10	Tue	101	63	57	112	342	1201	2837	2933	2631	1773	1758	1804	1907	1976	2561	3485	3756	3590	2396	1472	1079	776	403	210	 39223
09/29/10	Wed	111	44	63	106	334	1216	2768	3268	2472	1797	1891	1975	2022	1970	2505	3462	3835	3531	2314	1457	1187	749	411	222	 39710
10/01/10	Fri	211	103	86	112	145	535	1563	2897	2573	2293	2152	2317	2352	2691	3113	3958	4166	3838	3243	1973	1407	1330	856	504	 44418
10/02/10	Sat	286	182	108	91	116	259	606	1314	1970	2426	2702	2819	3002	3047	2891	2982	2697	2588	2177	1666	1305	1122	812	507	 37675
10/03/10	Sun	308	173	121	93	105	241	414	882	1363	1829	2249	2331	2446	2292	2317	2299	2082	1991	1636	1213	964	723	393	219	 28684
10/05/10	Tue	137	65	75	73	223	743	2172	3681	2861	2065	1749	1798	1976	2006	2356	3341	3943	4220	2945	1766	1208	993	509	232	 41137
10/06/10	Wed	123	79	64	99	198	783	2193	3662	2915	2072	1794	1855	1935	1971	2479	3189	3948	4130	2921	1855	1309	1081	559	290	 41504
10/07/10	Thu	138	94	55	94	219	743	2142	3675	2973	2168	1852	1950	1915	2100	2468	3175	4028	4062	3115	1853	1361	1132	605	353	 42270
10/08/10	Fri	195	96	81	103	203	679	1957	3235	2712	2168	2141	2284	2483	2540	3118	3744	3893	3767	3071	1889	1404	1262	997	587	 44609
10/09/10	Sat	337	189	114	88	90	254	582	1321	2099	2768	3028	3105	3149	3329	3008	3060	2820	2703	2252	1530	1249	1213	887	520	 39695
10/10/10	Sun	299	169	116	88	72	169	327	790	1457	1903	2230	2275	2105	1995	2252	2286	2112	1825	1526	1074	873	643	386	224	 27196
10/11/10	Mon	143	64	41	76	205	693	1874	3340	2692	1941	1819	1919	1959	2059	2391	3114	3882	3581	2763	1625	1115	866	460	240	 38862
10/12/10	Tue	143	74	61	74	205	729	2081	3475	2912	1916	1514	1709	1762	1892	2161	3015	3879	3954	2716	1650	1137	1031	490	273	 38853
10/13/10	Wed	150	70	76	83	219	786	2052	3633	2909	2193	1821	1965	2136	1993	2359	3210	3980	3834	2921	1713	1373	1065	567	289	 41397
10/15/10	Fri	189	105	155	86	172	555	1498	2893	2576	2202	2372	2366	2514	2732	3038	3735	3996	3526	3266	2025	1405	1293	920	579	 44198
10/16/10	Sat	353	180	122	98	123	261	530	1311	1854	2259	2624	2932	3076	2944	2929	3086	2818	2620	2088	1607	1252	1217	852	560	 37696
10/17/10	Sun	319	208	131	81	100	173	303	608	1146	1552	2000	2413	2638	2567	2273	2069	1923	1955	1742	1261	979	658	446	259	 27804
10/18/10	Mon	127	79	47	76	214	704	1986	3226	2664	1872	1666	1898	1890	1976	2272	2997	3799	3951	2467	1445	1032	878	469	293	 38028
10/19/10	Tue	119	74	66	81	191	731	2031	3426	2751	1974	1781	1952	1999	2172	2421	3227	3939	3777	3048	1680	1206	976	575	258	 40455
10/20/10	Wed	149	63	80	93	204	741	2128	3509	2839	2041	1867	2023	2081	2116	2519	3204	3906	3696	3006	1738	1334	1074	504	235	 41150
10/21/10	Thu	174	79	88	107	213	750	2037	3554	2880	2127	1940	2069	2141	2243	2494	3236	4074	4098	3012	1678	1313	1116	620	370	 42413
10/22/10	Fri	190	110	99	97	177	704	1797	3206	2715	2088	2092	2246	2384	2586	2930	3645	4149	4220	2988	1769	1350	1295	918	537	 44292
10/23/10	Sat	351	170	119	106	122	231	430	1048	1575	2027	2412	2596	2655	2749	2714	2776	2768	2689	2070	1565	1211	1155	1072	666	 35277
10/24/10	Sun	420	206	151	82	94	146	261	598	1106	1436	1937	2194	2587	2371	2215	1969	2109	1929	1606	1166	872	593	338	201	 26587
10/25/10	Mon	128	84	49	67	203	721	2041	3416	2590	1851	1526	1582	1766	1738	2011	2910	3734	3838	2485	1358	1040	829	427	220	 36614
10/26/10	Tue	130	70	70	63	186	737	2017	3457	2803	1927	1680	1808	1924	1914	2186	2946	3805	3829	2875	1539	1136	968	487	334	 38891
10/29/10	Fri	168	93	72	83	135	525	1486	2864	2490	2070	1942	2263	2390	2607	2834	3464	3915	3721	2936	1904	1409	1313	937	541	 42162
10/30/10	Sat	320	192	103	107	105	235	579	1243	1633	2113	2434	2754	2786	2807	2759	2764	2540	2468	2119	1550	1255	1245	902	643	 35656
10/31/10	Sun	407	227	163	107	106	167	264	608	1023	1414	1805	1788	1847	1950	1988	2009	2045	1634	1199	1020	1233	866	471	220	 24561
11/01/10	Mon	137	64	71	86	208	766	1945	3497	2807	1940	1728	1669	1807	1854	2130	2949	3816	3914	2629	1406	1051	797	397	219	 37887
11/02/10	Tue	127	66	58	79	208	738	2013	3383	2924	2101	1666	1842	1964	2047	2321	3053	3951	3891	2931	1434	1063	963	496	290	 39609
11/03/10	Wed	180	69	62	86	190	780	2120	3628	3009	1969	1738	1817	1824	1967	2343	3083	3870	3865	2905	1638	1194	1085	534	282	 40238
11/04/10	Thu	164	90	83	82	201	749	2107	3583	2969	2097	1684	1764	1892	2085	2445	3335	3997	4019	3256	1631	1278	1019	602	285	 41417
11/05/10	Fri	156	105	95	78	192	720	1939	3415	2945	2177	2011	2273	2411	2509	3010	3748	3744	3557	3233	1856	1304	1238	854	585	 44155
11/06/10	Sat	303	178	124	84	126	227	551	1155	1785	2195	2509	2739	2810	2875	2844	2775	2632	2528	1938	1492	1193	1162	927	522	 35674
11/07/10	Sun	361	170	76	67	110	149	399	768	1167	1619	1941	1999	2203	2172	1997	2049	2026	1845	1353	1061	833	583	354	210	 25512
11/08/10	Mon	104	61	61	76	227	778	2244	3587	2714	1924	1685	1803	1868	1916	2257	2945	3871	3908	2435	1291	995	766	447	210	 38173
11/09/10	Tue	133	62	53	65	212	779	2266	3620	2723	1817	1596	1723	1929	1899	2241	3022	3519	3398	2106	1244	939	783	421	235	 36785
11/10/10	Wed	128	59	46	65	207	756	2193	3553	2702	1793	1604	1738	1867	1982	2367	3085	4017	4054	2679	1497	1179	1034	477	295	 39377
11/11/10	Thu	142	83	64	94	200	663	1836	3176	2412	1806	1477	1681	1694	1817	2140	3038	3749	3627	2362	1419	1064	946	478	264	 36232
11/12/10	Fri	168	76	78	73	141	517	1516	2849	2554	1949	1920	2118	2214	2456	2859	3489	3891	3966	2913	1587	1231	1371	908	511	 41355
11/13/10	Sat	306	172	127	106	100	255	570	1230	1668	2021	2262	2368	2471	2433	2415	2500	2543	2357	1812	1266	1093	1169	810	493	 32547
11/14/10	Sun	278	183	108	86	77	140	351	641	1062	1313	1665	1753	2135	2175	1931	1881	1927	1746	1470	988	921	579	346	198	 23954
11/15/10	Mon	128	65	53	75	202	747	2103	3203	2731	1637	1434	1598	1570	1740	2047	2877	3630	3915	2285	1226	943	793	402	243	 35647
11/16/10	Tue	122	68	54	70	196	762	2164	3695	2786	1942	1675	1788	1942	1895	2468	3249	3668	3724	2751	1395	1092	834	351	153	 38844
11/17/10	Wed	93	60	48	80	207	728	2129	3529	2959	1950	1761	1855	1883	2031	2353	3119	3800	3960	2818	1558	1261	1035	583	272	 40072
11/18/10	Thu	183	73	75	93	210	754	2167	3635	2899	1971	1739	1934	1937	2082	2393	3205	3880	3915	2945	1652	1361	1111	636	303	 41153
11/19/10	Fri	142	80	275	170	191	662	2037	3423	2890	2067	1834	2047	2144	2368	2743	3007	3791	3938	3092	1659	1305	1267	955	538	 42625
11/20/10	Sat	336	206	126	114	114	269	764	1404	1754	2109	2368	2313	2385	2381	2387	2431	2551	2392	1738	1389	1175	1103	903	571	 33283
11/21/10	Sun	316	190	122	96	81	190	452	872	1126	1479	1697	1781	2046	1986	1854	1880	1902	1748	1291	1012	839	549	414	206	 24129
11/22/10	Mon	131	71	68	79	186	731	2072	3352	2728	1901	1702	1878	1910	2014	2297	3031	3788	3991	2408	1274	1007	865	476	270	 38230
11/23/10	Tue	173	81	74	97	184	776	2066	3327	2731	2046	1861	2043	2126	2219	2620	3216	3946	3887	2667	1676	1240	1083	548	396	 41083
11/24/10	Wed	194	94	86	72	176	657	1526	2515	2210	1821	1938	2236	2497	2546	3053	3443	3444	2822	1902	1292	1086	844	579	378	 37411
11/25/10	Thu	248	139	77	62	83	135	304	525	779	1084	1632	2117	2367	2532	1980	1722	1571	1719	1887	1968	1756	1292	834	386	 27199
11/26/10	Fri	197	157	181	202	219	363	997	1526	1681	2059	2362	2470	2507	2495	2370	2327	2465	2165	1597	1279	1031	983	669	419	 32721
11/27/10	Sat	258	149	99	103	94	228	725	1170	1404	1752	2083	2230	2278	2254	2242	2220	2211	2030	1647	1299	1091	918	776	469	 29730
11/28/10	Sun	281	169	99	101	76	180	413	732	1044	1331	1785	1818	2033	2006	1661	1810	1802	1518	1276	949	758	547	303	181	 22873
11/29/10	Mon	113	72	46	90	204	710	1965	3261	2449	1630	1422	1569	1656	1697	2104	2800	3630	3340	2503	1271	923	735	410	239	 34839
11/30/10	Tue	128	71	61	68	209	791	2113	3452	2786	1888	1652	1713	1807	1874	2246	2975	3726	3812	2696	1524	1045	931	471	260	 38299
12/01/10	Wed	151	84	59	79	214	791	2110	3647	2684	1936	1659	1751	1868	1961	2248	3030	3759	3894	2815	1549	1244	1001	503	262	 39299
12/02/10	Thu	133	86	59	69	204	830	2099	3660	2815	2042	1747	1874	1956	2027	2330	3088	3768	3888	3060	1581	1333	1191	625	337	 40802
12/03/10	Fri	175	83	72	93	190	809	2093	3405	2769	2024	1806	2086	2159	2285	2773	3519	4079	3987	3105	1786	1400	1296	951	596	 43541
12/04/10	Sat	322	180	93	98	105	294	934	1383	1734	2076	2163	2272	2506	2437	2451	2525	2505	2543	1980	1436	1243	1151	967	540	 33938
12/05/10	Sun	369	198	125	70	86	151	517	821	1119	1450	1622	1735	1908	1751	1973	1959	2004	1863	1374	1004	851	644	381	210	 24185
12/06/10	Mon	128	70	52	77	212	756	2087	3457	2790	1874	1568	1633	1791	1837	2224	2962	3846	3845	2449	1363	1039	873	481	224	 37638
12/07/10	Tue	127	67	37	80	195	790	2144	3571	2780	1855	1595	1730	1794	1871	2272	2999	3770	3878	2666	1531	1191	979	506	307	 38735
12/08/10	Wed	156	85	69	81	187	784	2139	3710	2818	1988	1703	1839	1978	1937	2206	3151	3866	3888	2471	1653	1249	1043	572	279	 39852
12/09/10	Thu	147	80	57	99	214	787	2152	3672	2875	1982	1755	1863	1910	2038	2432	3321	4040	4060	2654	1677	1375	1154	661	342	 41347
12/10/10	Fri	171	75	89	85	133	531	1654	2864	2364	2032	1908	2157	2238	2270	2830	3659	4092	3970	3057	1755	1351	1434	990	617	 42326
12/11/10	Sat	348	203	96	88	106	359	972	1183	1551	1913	2107	2326	2377	2404	2490	2492	2531	2666	2043	1399	1150	1331	1187	690	 34012
12/12/10	Sun	424	215	102	95	81	186	578	877	1116	1404	1697	1898	2171	2211	1964	1926	1899	1891	1451	1126	1072	741	467	238	 25830
12/13/10	Mon	147	58	67	84	191	794	2128	3435	2721	1948	1532	1771	1922	1986	2296	3100	3868	3872	2553	1435	1072	870	588	261	 38699
12/14/10	Tue	141	76	53	91	215	818	2149	3692	2777	2113	1811	1840	1979	2151	2433	3101	4001	4146	2791	1650	1290	1029	559	292	 41198
12/15/10	Wed	162	84	53	87	214	775	2239	3691	2728	2022	1687	1916	2092	2156	2666	3119	3731	3508	2973	1521	1199	974	565	283	 40445
12/16/10	Thu	148	88	67	95	203	793	2058	3372	2587	1827	1653	1885	2052	2132	2411	3094	4074	3796	2963	1732	1300	1197	675	344	 40546
12/17/10	Fri	231	100	149	106	184	679	1931	3342	2780	1943	1927	2213	2440	2555	3020	3434	3974	3744	2909	1958	1472	1431	1059	608	 44189
12/18/10	Sat	389	215	113	108	123	332	1102	1280	1435	1824	2108	2486	2421	2620	2590	2606	2748	2706	2135	1635	1305	1336	1265	711	 35593
12/19/10	Sun	425	239	138	94	96	219	568	842	1168	1452	1832	2031	2338	2428	2272	2121	2258	2031	1540	1283	1090	872	560	290	 28187
12/20/10	Mon	184	110	75	81	183	722	1926	3076	2537	2014	1948	2100	2193	2362	2561	3160	3935	3770	2625	1466	1196	1006	661	333	 40224
12/21/10	Tue	230	147	78	76	189	736	1931	3114	2621	2048	2055	2207	2290	2351	2615	3138	3887	3737	2463	1630	1251	1062	677	400	 40933
12/22/10	Wed	230	126	93	81	190	707	1824	2942	2518	2059	2016	2185	2357	2567	2883	3432	3859	3595	2577	1637	1272	1108	719	439	 41416
12/23/10	Thu	269	133	88	100	137	513	1539	2294	2045	1974	2184	2385	2592	2771	3023	3252	3384	2949	2121	1540	1267	1106	867	499	 39032
12/24/10	Fri	276	168	113	92	98	210	685	1047	1153	1593	1879	2124	2285	2388	2522	2681	2527	2269	1808	1142	1476	1564	1209	623	 31932
12/25/10	Sat	355	131	61	50	61	82	271	528	798	1083	1493	1746	2072	2178	2039	1863	1713	1566	1564	1537	1490	1238	737	420	 25076
12/26/10	Sun	200	107	49	72	99	207	573	807	972	1413	1922	2259	2298	2324	2268	2108	1899	1956	1528	1212	961	789	547	294	 26864
12/27/10	Mon	191	108	95	71	146	484	1402	2338	2124	1954	2104	2312	2352	2423	2659	3021	3428	3237	1985	1299	1024	822	554	323	 36456
12/28/10	Tue	193	114	68	62	140	515	1514	2589	2386	1997	2119	2294	2322	2427	2617	3191	3508	3664	2217	1405	1147	1019	640	341	 38489
12/29/10	Wed	185	109	70	73	152	534	1555	2709	2397	2060	2152	2273	2349	2406	2760	3207	3738	3462	2493	1653	1202	1000	654	363	 39556
12/30/10	Thu	237	117	85	85	115	444	1335	2019	1887	1837	2118	2137	1967	1812	1935	1957	2050	1465	1048	696	559	440	355	227	 26927
12/31/10	Fri	135	96	62	86	106	244	476	725	717	843	1130	1247	1509	1697	1774	1947	1917	1554	1416	1071	707	599	529	353	 20940