01/01/10	Fri	640	809	753	506	288	232	260	438	479	773	1213	1619	2249	2335	2575	2429	2597	2501	2384	2096	1700	1279	1045	832	 32032
01/02/10	Sat	550	353	252	129	112	198	323	591	965	1453	2085	2657	3126	3388	3616	3295	3238	3238	3251	2789	1995	1548	1466	1248	 41866
01/03/10	Sun	842	573	374	221	129	197	305	595	677	1089	1571	2403	2756	2994	2993	2595	2546	2391	2481	2203	1577	1039	933	621	 34105
01/04/10	Mon	358	227	150	96	126	384	1157	3374	4935	4612	3085	2474	2719	2785	2840	2921	3486	3830	4030	3070	1904	1271	941	687	 51462
01/05/10	Tue	355	219	147	90	138	334	1172	3480	5466	4701	3255	2757	2823	3048	2931	3084	3696	3914	3635	3538	1980	1351	1114	670	 53898
01/06/10	Wed	406	220	163	84	123	335	1049	3341	5112	4714	3198	2572	2588	2701	2563	2621	3083	3247	2962	2361	1424	967	747	509	 47090
01/07/10	Thu	308	215	110	126	118	335	971	2808	3353	3527	3171	2396	2429	2695	2797	2747	3354	3669	3749	3013	1888	1341	1220	850	 47190
01/08/10	Fri	426	193	133	139	133	293	932	2974	4826	4577	3395	2985	3178	3265	2953	3468	3749	4038	3876	3583	2429	1591	1510	1137	 55783
01/09/10	Sat	780	540	366	186	139	197	331	772	1272	1977	2472	2875	3349	3537	3571	3591	3579	3477	3621	3294	2242	1699	1526	1190	 46583
01/10/10	Sun	711	513	364	200	127	140	265	655	739	1241	1754	2351	2652	2988	3098	2989	2746	2858	2629	2102	1546	1211	898	526	 35303
01/11/10	Mon	269	206	129	101	130	371	1089	3511	4989	4781	3340	2692	2727	2752	2867	2818	3440	3780	3894	3040	1865	1323	1017	654	 51785
01/12/10	Tue	322	230	98	69	106	320	1137	3454	5091	4787	3385	2772	2849	2923	2921	2913	3534	3889	3869	3307	1944	1319	1212	617	 53068
01/13/10	Wed	357	192	139	89	116	290	1097	3433	5185	4896	3433	2729	2967	2985	2899	2983	3562	3850	3692	3462	1988	1522	1308	778	 53952
01/14/10	Thu	340	213	105	98	135	309	1122	3345	5265	4692	3386	2723	2912	2947	2951	2894	3619	4004	4042	3377	2018	1548	1195	794	 54034
01/15/10	Fri	448	216	169	147	117	301	988	2967	4790	4613	3487	2972	3286	3327	3364	3292	3885	4190	3976	3641	2369	1720	1582	1154	 57001
01/16/10	Sat	746	483	339	204	141	184	320	741	1184	1923	2195	2303	2487	2237	2220	2307	2334	3134	3453	3153	2061	1573	1440	1277	 38439
01/17/10	Sun	785	553	339	203	124	140	211	455	644	1110	1531	2098	2141	2350	2547	2647	2614	2585	2554	2189	1591	1168	1217	847	 32643
01/18/10	Mon	423	250	150	113	117	328	893	2529	3903	3691	3015	3113	3326	3359	3307	3356	3841	3912	4065	3187	1950	1281	1104	657	 51870
01/19/10	Tue	310	191	116	86	113	333	1159	3507	5528	4742	3341	2753	2727	2887	2627	2860	3494	3799	3913	3177	1948	1368	1167	675	 52821
01/20/10	Wed	318	206	117	85	108	308	1055	3421	5517	4653	3339	2636	2816	2742	2736	2872	3451	3717	4077	3156	1956	1456	1268	641	 52651
01/21/10	Thu	339	204	120	88	134	303	1049	3328	5246	4691	3285	2688	2848	2886	2954	3030	3520	3830	4085	3209	2166	1514	1270	773	 53560
01/22/10	Fri	426	226	120	132	135	297	939	2998	5158	4400	3303	2810	3174	3232	3203	3235	3789	3978	3987	3421	2230	1473	1406	1053	 55125
01/23/10	Sat	645	432	304	173	124	189	284	703	1300	1848	2273	2333	2411	2452	2509	2535	2998	3032	3494	3216	2044	1521	1322	1182	 39324
01/24/10	Sun	700	488	366	204	132	136	260	484	435	698	998	1478	1851	1851	1786	1825	2036	2416	2127	1697	1263	1314	1073	561	 26179
01/25/10	Mon	305	153	78	87	116	377	1147	3296	4921	4776	3275	2660	2645	2717	2787	2870	3410	3668	3691	3075	1711	1278	1033	560	 50636
01/26/10	Tue	336	172	100	94	115	309	1061	3445	5441	4608	3295	2668	2710	2781	2797	2863	3419	3860	3998	3136	2015	1392	1200	685	 52500
01/27/10	Wed	350	166	107	80	133	309	1042	3318	5061	4877	3345	2802	2888	2779	2855	2860	3430	3768	3942	3190	1905	1415	1120	666	 52408
01/28/10	Thu	353	182	122	122	117	262	1069	3214	4478	4652	3150	2515	2637	2764	2808	2735	3396	3723	3933	2963	1954	1449	1176	742	 50516
01/29/10	Fri	396	210	101	107	116	289	939	2970	4665	4753	3439	2852	3151	3245	3095	3136	3825	4180	3981	3398	2008	1029	1609	1255	 54749
01/30/10	Sat	834	448	282	198	120	164	306	683	1232	1820	1913	2141	2181	2342	2262	2190	2269	2401	2390	2208	1725	1431	1294	1079	 33913
01/31/10	Sun	701	531	342	222	110	142	216	534	707	1118	1528	2031	2217	2204	2353	2214	2353	2608	2463	2001	1602	1207	985	551	 30940
02/01/10	Mon	345	165	87	88	128	360	1124	3377	4901	4822	3327	2552	2569	2637	2821	2817	3363	3644	3748	2953	1755	1262	1016	608	 50469
02/02/10	Tue	319	196	98	87	134	309	1048	3453	4933	4914	3318	2630	2808	2876	2765	2893	3499	3873	3976	3167	1960	1401	1194	678	 52529
02/03/10	Wed	391	209	108	96	131	310	1050	3342	5059	4958	3432	2582	2802	2917	2945	2822	3514	3885	4028	3294	2011	1372	1286	704	 53248
02/04/10	Thu	424	213	126	112	136	307	1039	3300	5341	4753	3316	2729	2802	2908	2978	2797	3547	3878	3969	3174	2144	1529	1314	804	 53640
02/05/10	Fri	398	191	120	127	140	322	968	3025	4815	4671	3348	2917	3219	3282	3202	3257	3672	4029	4032	3540	2284	1384	1406	1128	 55477
02/06/10	Sat	683	435	304	193	166	191	309	695	1248	1820	1931	2058	2093	2146	2064	2015	2066	2118	2171	1860	1627	1356	1165	955	 31669
02/07/10	Sun	753	482	301	199	119	134	254	528	656	984	1256	1592	1762	1610	2240	2286	2626	2014	1064	908	735	2336	1229	585	 26653
02/08/10	Mon	255	136	99	81	138	372	1057	3184	3770	2935	2848	2065	2062	2145	2279	2307	2883	3059	3078	2302	1470	1005	859	501	 40890
02/09/10	Tue	270	163	86	77	131	311	1050	3240	4241	4673	3261	2555	2680	2786	2749	2834	3262	3647	3799	3051	1963	1419	1245	686	 50179
02/10/10	Wed	412	179	109	77	117	293	1017	3239	4769	4784	3494	2743	2817	2885	2879	2945	3502	3893	3988	3242	2085	1513	1136	645	 52763
02/11/10	Thu	377	175	98	110	128	322	1022	3197	5115	4711	3447	2731	2942	3033	2963	2935	3556	4056	4012	3161	2284	1593	1253	738	 53959
02/12/10	Fri	392	223	130	153	146	311	934	2963	4869	4420	3363	3092	3314	3473	3298	3429	3991	4107	3999	3412	2317	1403	920	823	 55482
02/14/10	Sun	254	259	118	117	49	74	161	225	266	424	686	924	742	1004	1272	1498	1646	2237	2172	1875	1424	1186	991	676	 20280
02/15/10	Mon	406	230	132	91	131	307	756	2157	3119	3561	2905	2958	3293	3209	3351	3366	3550	3826	3877	2977	2096	1256	1124	532	 49210
02/16/10	Tue	319	204	112	116	121	331	1104	3412	4936	4818	3377	2744	2779	2796	2795	2811	3462	3812	3995	3183	1996	1376	1194	592	 52385
02/17/10	Wed	348	174	141	85	114	305	1035	3355	5283	4712	3335	2753	2840	2878	2793	2788	3471	3827	4024	3181	1841	1527	1121	623	 52554
02/18/10	Thu	385	184	113	88	118	301	1042	3328	5217	4532	3319	2701	2870	3051	2998	2964	3553	3660	3504	2745	1687	1093	1117	571	 51141
02/19/10	Fri	413	183	130	123	145	331	886	2774	4386	3854	3150	2558	2710	2833	2905	3030	3536	3824	3670	3129	2088	1435	1328	1036	 50457
02/20/10	Sat	681	378	240	168	133	167	310	662	1164	1785	2071	2503	2792	3004	2969	2869	2978	2859	3200	2629	1874	1460	1312	1019	 39227
02/21/10	Sun	746	438	237	164	134	186	269	548	675	981	1323	1900	2213	2545	2624	2385	2284	2187	1976	1684	1253	1066	865	522	 29205
02/22/10	Mon	264	140	78	97	143	394	961	2884	3606	3746	3143	2484	2462	2600	2616	2721	3228	3567	3789	2889	1716	1202	975	570	 46275
02/23/10	Tue	327	198	98	77	116	292	1088	3475	5031	4737	3319	2654	2902	2817	2764	2917	3420	3867	3786	2686	2158	1400	1274	655	 52058
02/24/10	Wed	391	192	113	90	129	319	1040	3411	5195	4688	3460	2703	2884	2971	2848	2894	3538	3505	4021	3454	2102	1541	1224	720	 53433
02/25/10	Thu	412	195	129	89	137	298	1042	3346	5378	4612	3438	2829	2893	2968	2987	2890	3735	3718	3628	2938	1994	1500	1192	718	 53066
02/26/10	Fri	386	216	145	122	142	275	881	2782	4691	4506	3493	2933	3117	3230	3219	3384	3821	4090	3945	3771	2515	1548	982	780	 54974
02/27/10	Sat	520	357	215	140	102	144	240	513	830	1239	1293	1455	1354	1326	1230	1130	1147	1130	1145	1118	1135	944	861	701	 20269
02/28/10	Sun	464	326	202	118	96	129	144	320	445	672	880	1309	1422	1565	1706	2324	2231	2613	2450	1822	1369	1077	873	551	 25108
03/01/10	Mon	323	172	79	84	157	345	1039	3406	5197	4423	3168	2484	2588	2761	2715	2768	3249	3686	3757	3054	1901	1373	948	622	 50299
03/02/10	Tue	315	199	107	79	128	305	1073	3320	5133	4773	3407	2751	2814	2925	2832	2787	3445	3966	3927	3325	2131	1391	1357	720	 53210
03/03/10	Wed	409	200	112	99	125	301	1051	3378	5228	4809	3397	2684	2929	2942	2867	2883	3503	3898	4070	3473	2177	1506	1262	810	 54113
03/04/10	Thu	386	173	115	89	138	301	1080	3322	5426	4612	3376	2907	2917	2991	3002	3064	3674	4039	4080	3386	2222	1564	1293	703	 54860
03/05/10	Fri	422	217	121	163	123	290	943	2977	5214	4567	3412	3034	3247	3368	3182	3240	3807	4104	4016	3587	2431	1586	1327	1068	 56446
03/06/10	Sat	873	489	284	178	128	184	340	731	1382	1804	1800	1909	1975	1898	1841	1854	1906	2060	2096	2042	1675	1408	1184	1087	 31128
03/07/10	Sun	744	553	306	180	137	159	215	511	740	1152	1593	1912	2111	2176	2178	1987	2026	2255	2237	2097	1585	1063	885	652	 29454
03/08/10	Mon	314	209	100	67	120	320	1070	3351	5518	4549	3272	2551	2691	2816	2739	2721	3300	3578	3699	2980	1696	1212	992	497	 50362
03/09/10	Tue	312	227	103	77	110	304	1137	3418	5406	4711	3475	2703	2853	2886	2875	2887	3512	3800	4093	3185	2058	1306	1098	687	 53223
03/10/10	Wed	342	185	115	75	119	317	1101	3290	5543	4779	3414	2778	2966	2797	2855	2838	3652	3914	3919	3164	1981	1419	1218	678	 53459
03/11/10	Thu	347	191	94	85	126	305	1049	3281	5460	4738	3381	2762	3001	2977	2981	2854	3554	3984	4018	3390	2222	1530	1238	817	 54385
03/12/10	Fri	452	245	127	115	118	284	965	3036	4356	4542	3390	3071	3262	3385	3335	3489	3903	4088	4008	3631	2529	1631	1511	980	 56453
03/13/10	Sat	611	350	245	166	109	161	243	587	1152	1432	1313	1325	1238	1253	1039	953	1124	1163	1249	1428	1374	1010	1013	865	 21403
03/15/10	Mon	200	100	77	136	329	1015	2983	4998	4586	3332	2579	2553	2780	2777	2825	3372	3691	3759	3073	1994	1464	1118	661	389	 50791
03/16/10	Tue	250	126	85	119	290	1082	3218	5007	4825	3584	2875	2880	2929	3016	2948	3477	3912	4125	3460	2325	1624	1318	834	447	 54756
03/17/10	Wed	248	118	93	127	313	1018	3135	4932	4950	3699	2976	3183	3028	3062	3075	3556	3979	4079	3455	2354	1799	1335	890	447	 55851
03/18/10	Thu	251	158	121	141	320	1056	3090	5079	4801	3649	3052	3170	3115	3295	3216	3857	4261	4161	3626	2564	1787	1505	858	544	 57677
03/20/10	Sat	253	169	110	137	221	392	677	1035	1530	1737	2348	2804	3175	3047	3053	3217	3124	3112	2944	2020	1632	1444	1182	750	 40113
03/21/10	Sun	502	322	185	152	216	344	647	797	1227	1614	2293	2597	2969	2982	2841	2779	2821	2444	2109	1677	1206	1011	627	359	 34721
03/22/10	Mon	170	116	87	161	429	1219	3418	5131	4406	3189	2768	2917	2947	3040	2999	3549	3793	3916	2909	1972	1353	1117	590	366	 52562
03/25/10	Thu	189	133	105	139	355	1164	3315	4760	4560	3157	2928	3149	3159	3137	3110	3609	4018	3962	3335	2243	1618	1292	813	433	 54683
03/26/10	Fri	228	146	134	151	346	1106	3123	5022	4235	3381	3098	3372	3488	3480	3457	3793	3913	3655	2753	1812	1339	1136	903	597	 54668
03/27/10	Sat	354	235	142	117	181	318	682	1247	1851	2110	2574	2979	3302	3265	3126	3108	3010	3254	2888	2141	1585	1328	1088	830	 41715
03/28/10	Sun	537	299	204	151	170	254	537	749	1184	1773	2368	2720	3101	3059	3036	2906	2736	2678	2121	1788	1287	984	578	331	 35551
03/29/10	Mon	171	107	80	126	381	1230	3501	5203	4490	3198	2871	2933	3030	2960	3108	3499	3845	3917	2873	1847	1299	1061	659	402	 52791
03/30/10	Tue	199	112	75	138	362	1211	3583	5349	4584	3367	2980	3032	3075	3010	3089	3694	3958	3976	3251	2197	1494	1236	691	413	 55076
03/31/10	Wed	207	127	87	126	312	1183	3460	5346	4702	3440	2921	3191	3147	3083	3143	3845	4044	4018	3290	2200	1650	1238	774	423	 55957
04/01/10	Thu	186	138	93	139	351	1204	3404	5144	4658	3439	3014	3251	3192	3147	3144	3799	4059	3997	3030	2399	1726	1318	789	441	 56062
04/02/10	Fri	228	129	140	136	299	986	2787	4560	4114	3293	3094	3502	3653	3588	3549	3995	4057	3842	3361	2234	1819	1426	944	598	 56334
04/03/10	Sat	368	241	156	128	169	312	682	1273	1837	2229	2369	2677	2751	2762	2650	2569	2549	2628	2636	1864	1446	1247	1015	695	 37253
04/04/10	Sun	387	260	135	126	153	220	417	695	1236	1898	2091	2436	2774	2742	2537	2494	2764	2638	2436	2302	1795	1078	639	287	 34540
04/05/10	Mon	153	86	70	128	408	1261	3656	5565	4600	3342	2788	2924	2994	3013	3015	3500	4204	3944	3099	1954	1371	1066	630	326	 54097
04/06/10	Tue	192	100	95	138	383	1274	3755	5383	4805	3330	2683	2919	2953	2873	3122	3640	3889	4051	3209	2005	1480	1082	596	377	 54334
04/07/10	Wed	181	114	81	117	325	1090	3273	4324	4267	3178	2622	2722	2763	2804	2738	3540	3734	3915	3167	2096	1570	1186	714	389	 50910
04/15/10	Thu	195	132	86	143	357	1250	3675	5426	4711	3551	2977	3212	3099	3099	3123	3909	3984	3978	3233	2451	1776	1399	858	451	 57075
04/16/10	Fri	249	135	129	147	376	1095	3379	5442	4569	3443	3089	3387	3372	3375	3317	3928	4025	3932	3369	2438	1733	1614	1054	754	 58351
04/17/10	Sat	427	255	176	150	197	361	767	1135	1363	1289	1391	1175	2052	2292	2321	2204	2469	2523	2540	1958	1536	1252	1056	721	 31610
04/18/10	Sun	449	262	156	137	173	278	587	848	1297	1621	2072	2213	2119	2198	2134	2353	2541	2383	2073	1700	1319	1001	701	357	 30972
04/19/10	Mon	193	107	74	126	406	1261	3644	5278	4636	3303	2777	2922	3051	3060	3135	3562	3911	3800	2976	2106	1475	1064	611	348	 53826
04/20/10	Tue	203	102	80	120	331	1284	3731	4802	4726	3359	2900	3113	3037	2995	3086	3632	3950	3959	2888	2316	1723	1214	685	397	 54633
04/21/10	Wed	227	133	85	148	356	1240	3681	3591	4751	3236	2838	2990	3017	2956	3119	3447	3711	4101	3166	2248	1673	1296	665	361	 53036
04/22/10	Thu	173	119	110	149	379	1276	3628	5478	4642	3284	2829	3086	3095	3193	3107	3459	3988	3812	3005	1919	1490	1306	794	390	 54711
04/23/10	Fri	215	128	125	133	338	1061	3192	4729	3452	788	2580	2207	2052	2528	2510	2855	3206	3168	2632	1906	1367	1102	959	590	 43823
04/24/10	Sat	334	224	153	124	190	324	796	1308	1837	2137	2622	3103	3213	3166	3250	3079	3239	3273	2937	2241	1681	1421	1199	866	 42717
04/25/10	Sun	600	332	200	154	166	281	708	918	1437	1913	2210	2504	2620	2982	2740	2711	2733	2473	2186	1527	1166	865	530	272	 34228
04/26/10	Mon	133	81	80	129	379	1221	3689	5397	4713	3333	2778	2905	3071	2843	3038	3670	3879	3937	2914	1996	1403	1067	618	311	 53585
04/27/10	Tue	165	107	95	139	357	1257	3823	5523	4790	3420	2874	2955	3031	2941	3004	3679	4095	4193	3470	2355	1587	1179	693	356	 56088
04/28/10	Wed	189	91	95	156	345	1187	3781	5402	4903	3492	3055	3037	3045	3030	3112	3850	4049	4104	3368	2353	1776	1355	721	406	 56902
04/29/10	Thu	211	129	99	133	334	1252	3615	5445	4716	3442	2802	2993	3111	3053	3139	3682	4020	3916	3089	2191	1596	1255	802	418	 55443
05/01/10	Sat	472	287	177	141	198	385	912	1735	2291	2254	2360	2482	2509	2565	2481	2468	2472	2710	2913	2144	1698	1498	1250	830	 39232
05/08/10	Sat	423	280	187	144	211	413	888	1714	2440	2419	2478	2599	2592	2599	2529	2578	2443	2950	2634	2036	1607	1514	1131	865	 39674
05/09/10	Sun	465	321	170	137	153	264	509	798	1302	1887	2311	2340	2275	2357	2226	2288	2615	2516	2150	1937	1616	1170	672	349	 32828
05/10/10	Mon	177	99	91	150	441	1301	3790	5559	4808	3404	2779	2828	2997	3161	3071	3695	3863	3948	3051	2037	1457	1035	674	382	 54798
05/11/10	Tue	207	142	110	159	354	1296	3869	5618	4706	3518	2844	3084	3063	3013	3190	3654	4105	3865	2974	1847	1226	1050	606	277	 54777
05/12/10	Wed	160	95	100	136	344	1239	3612	4432	4462	3069	2496	2726	2738	2708	2717	3440	3778	3806	2905	1933	1443	1082	670	355	 50446
05/13/10	Thu	176	134	101	166	381	1203	3649	5420	4572	3436	2971	3083	3074	3014	3028	3757	4130	4031	3172	2205	1594	1273	821	470	 55861
05/14/10	Fri	253	146	126	137	402	1156	3344	5308	4606	3617	3261	3444	3534	3530	3507	4020	3931	3744	3266	2279	1867	1533	1141	773	 58925
05/15/10	Sat	440	279	172	170	237	444	885	1671	2523	2841	2994	3289	3477	3472	3390	3324	3325	3300	2867	2104	1699	1639	1305	899	 46746
05/16/10	Sun	530	301	222	136	216	391	635	884	1483	1920	2392	2734	3026	2936	2852	2819	2997	2793	2193	1840	1465	1021	730	359	 36875
05/17/10	Mon	220	96	104	152	425	1267	3828	5437	3816	3582	2813	2924	3033	2982	3052	3544	3881	4015	2974	2026	1521	931	554	308	 53485
05/18/10	Tue	163	99	73	123	369	1298	3837	5772	4632	3446	2939	3132	3123	2904	3089	3716	4137	4023	3339	2241	1663	1313	814	416	 56661
05/19/10	Wed	203	134	100	142	363	1238	3731	5539	5097	3480	2979	3293	3318	3219	3113	3619	4133	4150	3315	2304	1849	1475	893	463	 58150
05/20/10	Thu	235	126	128	146	413	1244	3783	5655	4671	3562	2958	3389	3401	3302	3379	3734	4111	3977	3381	2575	1829	1504	1188	516	 59207
05/21/10	Fri	285	196	145	166	364	1125	3366	5459	4676	3658	3227	3609	3651	3540	3666	4124	4286	3892	3431	2567	2088	1936	1552	904	 61913
05/22/10	Sat	508	303	170	159	248	565	1021	1711	2411	2694	2884	3054	3071	3133	3130	3051	3188	3068	2761	2262	1974	1679	1234	797	 45076
05/23/10	Sun	475	295	168	146	175	306	676	897	1484	1812	2499	2544	2757	2736	2605	2645	2796	2761	2330	1814	1561	1164	805	424	 35875
05/24/10	Mon	223	147	132	162	476	1234	3708	5534	4845	3391	2990	3293	3537	3885	4263	4383	4688	4685	3049	2040	1560	1239	735	421	 60620
05/25/10	Tue	201	120	99	127	415	1298	3801	5399	5030	3505	2972	3207	3317	3263	3268	3833	4170	4145	3367	2195	1650	1292	844	469	 57987
05/26/10	Wed	262	130	127	139	437	1307	3686	5392	4713	3575	3107	3320	3320	3308	3276	3779	4158	4167	3402	2270	1753	1517	964	531	 58640
05/27/10	Thu	307	169	174	180	438	1286	3689	5569	4832	3669	3328	3397	3470	3229	3351	3924	4125	4063	3548	2633	2044	1465	1057	610	 60557
05/28/10	Fri	337	219	157	203	354	1067	3106	5128	4530	3748	3606	3611	3852	3652	3568	3907	3880	3727	3259	2421	1936	1575	1227	784	 59854
05/29/10	Sat	471	275	181	132	231	442	1027	1623	2388	2744	3005	3119	3145	3074	3027	3066	3080	3042	2607	2011	1596	1409	988	846	 43529
05/30/10	Sun	463	243	181	151	186	270	702	928	1447	1973	2541	2803	2962	2824	2744	2687	2785	2522	2238	1869	1681	1468	1013	954	 37635
05/31/10	Mon	511	210	141	127	253	416	802	919	1294	1820	2335	2578	2832	2803	2809	2769	2692	2426	2098	1923	1661	1239	815	418	 35891
06/01/10	Tue	229	130	111	147	460	1394	3828	5429	4867	3534	3020	3104	3178	3182	3205	3698	4142	3976	3249	2241	1709	1407	851	514	 57605
06/02/10	Wed	572	171	111	165	401	1301	3769	5333	4908	3593	2995	3100	3231	3255	3263	3648	4090	3969	3372	2365	1865	1524	953	618	 58572
06/03/10	Thu	287	179	119	180	402	1245	3639	5575	4769	3683	3132	3314	3304	3289	3313	3658	4113	3950	3415	2419	1979	1620	1105	678	 59367
06/04/10	Fri	551	206	184	183	424	1163	3396	5214	4755	3579	3291	3557	3703	3548	3658	3856	3904	3885	3337	2618	1891	1929	1321	797	 60950
06/05/10	Sat	597	427	211	163	218	531	1353	1659	1831	1981	2417	2887	2716	2928	2770	2744	2787	2963	2661	2088	1707	1691	1279	905	 41514
06/06/10	Sun	604	323	239	167	225	542	828	1019	1421	1826	2118	2220	2173	2143	2013	2024	1933	1878	1933	1714	1469	1346	835	390	 31383
06/07/10	Mon	272	163	108	177	491	1278	3737	5217	4870	3462	2998	3082	3152	3100	3193	3460	3872	3963	3033	2226	1667	1332	835	466	 56154
06/08/10	Tue	242	146	130	157	413	1291	3727	5335	4784	3546	2950	3105	3221	3184	3184	3549	3957	4121	3357	2361	1644	1369	833	595	 57201
06/09/10	Wed	280	143	124	161	373	1290	3725	5289	4852	3632	3064	3238	3318	3079	3086	3580	4002	3919	3388	2286	1880	1515	958	752	 57934
06/10/10	Thu	445	181	139	159	429	1279	3494	5185	4871	3711	3193	3339	3281	3383	3281	3798	3949	3970	3474	2540	1772	1533	1045	746	 59197
06/11/10	Fri	429	178	148	158	347	1182	3262	5023	4615	3689	3379	3510	3644	3561	3680	3922	3901	3911	3170	2297	1772	1481	1266	861	 59386
06/12/10	Sat	506	292	171	141	182	410	865	1517	2012	2374	2913	3201	3055	3231	3136	3292	3174	3144	2813	1955	1612	1480	1232	824	 43532
06/13/10	Sun	488	314	200	139	226	317	601	800	1165	1659	2287	2715	3014	2904	2833	2919	2694	2483	1931	1608	1342	1000	718	401	 34758
06/14/10	Mon	221	127	102	136	450	1246	3552	5405	4761	3445	2924	2871	3026	3203	3189	3493	3834	3882	3109	2127	1583	1266	861	490	 55303
06/15/10	Tue	248	114	127	134	403	1299	3669	5248	4850	3579	3065	3175	3247	3244	3197	3594	4075	4125	3431	2431	1952	1495	1032	646	 58380
06/16/10	Wed	286	149	111	153	406	1251	3584	5129	4946	3546	3180	3219	3418	3309	3286	3746	3906	4054	3338	2355	1893	1597	1060	522	 58444
06/17/10	Thu	325	163	124	158	429	1256	3542	5344	4854	3705	3230	3340	3326	3344	3355	3708	4036	3945	3380	2491	1966	1523	1214	611	 59369
06/18/10	Fri	318	179	189	157	342	1138	3324	4868	4558	3614	3394	3561	3700	3532	3443	3949	4003	3906	3600	2754	1909	1708	1346	841	 60333
06/19/10	Sat	509	288	171	136	225	441	1109	1664	2150	2229	2160	2263	2150	2143	2093	2158	2321	2266	2148	2062	1771	1660	1419	997	 36533
06/20/10	Sun	521	339	211	157	217	369	637	881	1397	1843	2094	2119	2095	2072	1964	2059	2109	2173	1857	1986	1830	1539	890	415	 31774
06/21/10	Mon	237	120	103	151	456	1297	3620	5117	4907	3568	2889	3060	3246	3200	3304	3465	3885	3873	3215	2126	1837	1326	831	486	 56319
06/22/10	Tue	270	139	103	156	411	1245	3739	5304	4843	3522	3128	3160	3251	3189	3266	3719	3858	3911	3428	2376	1846	1395	969	588	 57816
06/23/10	Wed	266	136	132	177	391	1278	3644	5201	4727	3536	3165	3255	3245	3191	3316	3695	4072	3898	3360	2384	1970	1633	1009	553	 58234
06/24/10	Thu	260	168	137	168	423	1269	3540	5234	5000	3631	3126	2626	3194	3324	3427	3700	4060	3973	3377	2304	1981	1591	1078	605	 58196
06/25/10	Fri	356	178	154	158	363	1157	3261	4996	4620	3561	3269	3458	3561	3615	3532	3767	3877	3843	3343	2611	1884	1709	1276	852	 59401
06/26/10	Sat	541	318	162	140	249	450	1018	1321	1530	1667	1615	1889	2744	2711	2432	2433	2352	2520	2686	2075	1626	1571	1250	860	 36160
06/27/10	Sun	564	307	193	145	213	356	706	932	1422	1676	1749	1905	1997	1964	1613	1131	976	1780	1967	1821	1571	1330	817	463	 27598
06/28/10	Mon	267	137	110	152	474	1319	3525	5193	4762	3439	2952	3122	3227	3110	3252	3591	3929	3859	3070	2308	1763	1391	935	594	 56481
06/29/10	Tue	493	149	105	157	416	1361	3677	5272	4801	3681	3074	3285	3287	3247	3278	3677	3659	4034	3474	2368	1852	1463	1027	988	 58825
06/30/10	Wed	532	160	303	202	402	1316	3541	5216	4903	3679	3153	3330	3383	3318	3270	3618	3976	3940	3431	2446	1912	1627	1095	757	 59510
07/01/10	Thu	376	261	216	158	402	1231	3406	5173	4937	3646	3293	3428	3475	3351	3349	3678	3981	3971	3470	2571	1674	1479	1106	583	 59215
07/02/10	Fri	309	178	153	190	360	1073	2958	4595	4311	3563	3361	3433	3586	3525	3778	3233	3687	3502	3005	2339	1660	1498	1165	740	 56202
07/03/10	Sat	473	287	192	143	217	427	798	1273	1757	2249	2730	2815	2855	2777	2724	2827	2846	2795	2389	1984	1519	1387	1393	1270	 40127
07/04/10	Sun	613	333	190	124	145	244	462	676	1008	1356	1984	2216	2361	2366	2181	2310	2236	2043	1716	1455	1266	1670	1920	1036	 31911
07/05/10	Mon	482	227	151	126	217	405	872	1211	1610	2107	2536	2909	3077	3046	2960	2955	2892	2750	2401	2016	1712	1350	1944	590	 40546
07/06/10	Tue	267	121	108	130	435	1308	3527	5108	4671	3485	3155	3147	3192	3188	3113	3607	3832	3941	3090	2127	1548	1268	906	537	 55811
07/07/10	Wed	268	155	109	135	379	1216	3412	4680	4893	3471	3114	3255	3272	3180	3190	3679	3810	3899	3174	2277	1708	1302	880	487	 55945
07/08/10	Thu	281	130	145	152	408	1287	3283	4333	4840	3506	3261	3284	3363	3345	3348	3623	3943	3950	3384	2352	1767	1378	1104	601	 57068
07/09/10	Fri	297	172	169	163	398	1136	3285	4959	4568	3634	3216	3438	3516	3453	3548	3850	4027	3866	3428	2480	1863	1648	1351	911	 59376
07/10/10	Sat	552	327	185	160	237	403	854	1364	1911	1998	1913	2371	2180	2051	1333	1225	1395	1591	1685	1740	1678	1680	1326	903	 31062
07/11/10	Sun	700	468	188	152	231	340	674	852	1436	1794	2223	2516	2924	2629	2592	2977	3005	2411	2149	1759	1430	1266	887	419	 36022
07/12/10	Mon	258	145	106	190	484	1230	3570	5210	4850	3450	3028	3004	3215	3138	3144	3601	3918	3776	3307	2183	1699	1212	840	648	 56206
07/13/10	Tue	316	118	120	144	418	1275	3727	5307	4840	3710	3119	3204	3299	3238	3215	3712	4023	4001	3232	2373	1766	1370	932	583	 58042
07/14/10	Wed	273	158	100	160	349	1238	3661	5130	5007	3653	3131	3200	3231	3257	3137	3641	3950	3783	3481	2351	1815	1258	857	493	 57314
07/15/10	Thu	262	138	134	158	398	1273	3527	5156	4804	3706	3232	3294	3392	3361	3335	3808	3747	3109	3478	2471	1803	1417	1045	972	 58020
07/16/10	Fri	529	201	139	171	339	1146	3240	4881	4622	3656	3363	3572	3620	3512	3625	3744	3885	3715	3372	2504	1956	1706	1327	858	 59683
07/17/10	Sat	502	347	334	200	271	535	1050	1597	2084	2433	2658	2864	2607	2558	2485	2589	2563	2611	2368	2139	1813	1724	1358	929	 40619
07/18/10	Sun	556	419	300	162	225	294	496	622	928	1746	2390	2634	2913	2933	2850	2795	2730	2511	2231	2000	1668	1582	914	499	 36398
07/19/10	Mon	277	130	101	159	446	1257	3501	5081	4101	3451	2921	3109	3133	3157	3161	3501	3855	3859	3301	2178	1677	1295	910	573	 55134
07/20/10	Tue	251	125	135	180	397	1253	3662	5079	4782	3587	3116	3186	3262	3153	3243	3778	3802	3622	3499	2427	1769	1316	858	649	 57131
07/21/10	Wed	435	154	89	160	390	1219	3561	5285	4931	3577	3024	3298	3230	3214	3357	3605	3874	3825	3321	2401	1980	1546	974	653	 58103
07/22/10	Thu	444	173	133	157	423	1217	3437	5111	4869	3628	3301	3460	3383	3317	3425	3689	3790	3939	3479	2431	1885	1629	1068	574	 58962
07/31/10	Sat	475	279	184	154	253	447	884	1537	2214	2676	3056	3409	3385	3339	3315	3376	3324	3457	2862	2223	1835	1590	1421	1003	 46698
08/01/10	Sun	648	365	219	133	207	449	734	953	1409	1986	2563	2929	3215	3108	2837	2864	2908	2859	2239	1880	1655	989	798	446	 38393
08/02/10	Mon	287	119	99	156	410	1268	3436	5256	4952	3499	3007	3118	3104	3227	3182	3545	3677	3542	2952	2229	1617	1152	801	453	 55088
08/03/10	Tue	259	125	104	144	410	1251	3492	5240	4982	3882	3352	3281	3230	3264	3303	3665	3958	4227	3344	2156	1550	1003	945	454	 57621
08/04/10	Wed	191	98	355	212	368	1212	3548	5281	4890	3815	3176	3268	3224	3161	3169	3657	3639	3778	3484	2220	1800	1523	1111	440	 57620
08/05/10	Thu	272	144	109	152	394	1202	3453	5224	4812	3486	3289	3265	3309	3366	3434	3844	4025	4066	3423	2580	1439	977	751	568	 57584
08/06/10	Fri	406	187	150	177	362	1095	3171	5044	4629	3657	3322	3402	3678	3539	3614	3898	4195	3803	3489	2365	1925	1646	1225	810	 59789
08/07/10	Sat	468	314	167	164	223	483	975	1462	2013	2267	2502	2374	2505	2856	2758	2812	2850	4040	2565	2175	1844	1746	1367	1049	 41979
08/08/10	Sun	541	422	268	150	200	333	686	919	1392	1824	2377	2792	3088	3117	3060	3056	2977	2516	2073	1795	1647	1353	779	426	 37791
08/09/10	Mon	245	124	99	148	413	1201	3482	5331	4697	3620	2906	3087	3171	3261	3252	3617	3880	3860	3222	2039	1524	1155	770	415	 55519
08/10/10	Tue	224	153	80	160	405	1238	3593	5395	4840	3663	3180	3172	3313	3126	3040	3626	4043	3880	3465	2336	1770	1316	836	556	 57410
08/11/10	Wed	414	143	116	159	372	1234	3534	5391	4891	3615	3018	3195	3175	3166	3261	3664	3974	4007	3378	2355	1874	1415	957	510	 57818
08/12/10	Thu	332	156	153	235	316	1121	3462	5311	4889	3754	3100	3266	3401	3256	3453	3772	4017	3923	3430	2420	1882	1417	876	519	 58461
08/13/10	Fri	378	270	185	147	345	1068	3148	5060	4670	3520	3200	3497	3462	3402	3692	3930	4000	3969	3516	2565	1898	1716	1437	920	 59995
08/14/10	Sat	576	328	220	177	224	469	1006	1526	2267	2611	3049	3508	3435	3439	3605	3637	3561	3500	2833	2449	2070	1800	1569	1066	 48925
08/15/10	Sun	533	274	181	158	205	359	709	1004	1376	1961	2508	3064	3240	3292	3046	2934	3053	2740	2273	1947	2108	1427	888	452	 39732
08/16/10	Mon	242	167	101	172	462	1219	3469	5493	4916	3420	3012	3022	3170	3151	3212	3456	3833	3884	3127	2219	1611	1230	665	573	 55826
08/17/10	Tue	639	168	105	679	326	1236	3643	5443	5096	3564	3117	3220	3183	3253	3274	3674	4190	4027	3509	2241	1139	1049	764	432	 57971
08/18/10	Wed	256	154	160	147	364	1186	3560	5590	5045	3613	3224	3207	3257	3145	3236	3678	3906	3990	3533	2443	1857	1020	666	492	 57729
08/19/10	Thu	538	147	99	142	372	1173	3486	5510	5119	3672	3067	3253	3170	3230	3271	3790	4040	3964	3443	2476	1955	1447	893	700	 58957
08/20/10	Fri	255	145	134	176	362	1108	3239	5201	4721	3586	3234	3505	3458	3471	3606	3956	4023	3820	3455	2714	1986	1656	1321	876	 60008
08/21/10	Sat	617	299	175	147	228	424	913	1521	2310	2711	3187	3495	3523	3837	3491	3478	3469	3495	2738	2312	1844	1666	1571	1101	 48552
08/22/10	Sun	558	285	218	154	167	306	630	849	1406	2010	2493	2864	3154	3221	3114	3166	3053	2839	2447	1988	1719	1351	762	363	 39117
08/23/10	Mon	192	101	74	112	363	1179	3591	5591	4950	3538	2902	2922	3047	2925	3082	3633	3687	3894	3048	2156	1512	1060	681	380	 54620
08/24/10	Tue	202	94	99	154	341	1169	3626	5291	4498	3430	3001	3037	3068	2996	3094	3556	3865	4122	3310	2255	1621	1274	793	587	 55483
08/25/10	Wed	289	136	114	139	335	1143	3587	5395	4854	3601	2845	3111	3117	2966	3124	3514	3880	4037	3374	2429	1909	1404	821	473	 56597
08/26/10	Thu	398	130	120	131	351	1145	3585	5423	4949	3581	2992	3091	3166	3091	3217	3714	3979	4079	3403	2548	2086	1617	887	469	 58152
08/27/10	Fri	242	139	114	160	357	1043	3283	5239	4663	3420	3256	3418	3451	3426	3492	3842	4004	3867	3690	2563	1998	1754	1219	854	 59494
08/28/10	Sat	445	304	206	154	216	422	853	1647	2386	2774	3233	3418	3645	3537	3496	3476	3710	3530	3052	2319	1983	1714	1339	1005	 48864
08/29/10	Sun	548	303	181	136	161	288	572	916	1428	2035	2645	3040	3381	3304	3204	3160	3163	2790	2413	1762	1516	1049	578	315	 38888
08/30/10	Mon	142	102	82	154	383	1176	3623	5656	4876	3388	2871	2809	2959	2954	3036	3510	3804	3837	3029	2069	1616	1111	652	506	 54345
08/31/10	Tue	275	110	97	135	311	1153	3558	5550	4734	3578	2870	2903	3049	3007	3060	3641	3886	3947	3436	2329	1785	1266	711	651	 56042
09/01/10	Wed	217	135	102	149	358	1153	3538	5427	4857	3501	2896	3032	3110	2957	3105	3701	3982	4096	3326	2408	1758	1370	921	804	 56903
09/02/10	Thu	405	160	114	144	366	1188	3424	5507	4914	3480	2965	3163	3163	3164	3232	3922	4286	4074	3553	2636	1893	1513	892	428	 58586
09/03/10	Fri	241	142	112	150	340	1016	3062	5123	4604	3561	3327	3470	3545	3480	3660	4021	4021	3703	3425	2612	1863	1551	1355	816	 59200
09/04/10	Sat	459	265	161	138	232	420	812	1382	2050	2747	3249	3418	3249	3238	2900	3139	3083	3030	2667	2075	1702	1503	1016	720	 43655
09/05/10	Sun	443	263	182	130	164	240	470	772	1159	1777	2407	2833	3022	2906	2857	2837	2750	2583	2376	1977	1708	1416	1030	698	 37000
09/06/10	Mon	450	179	103	136	174	341	637	818	1293	1873	2502	3058	3135	3098	2998	3069	2907	2647	2280	2016	1560	1092	675	346	 37387
09/07/10	Tue	182	98	75	145	437	1202	3554	5382	4853	3569	3031	3002	3108	3035	3096	3568	3917	3980	3297	2263	1641	1196	698	340	 55669
09/08/10	Wed	187	77	85	135	376	1175	3697	5582	4901	3549	2945	2985	3026	3052	3101	3614	3962	4053	3345	2366	1676	1360	748	390	 56387
09/09/10	Thu	180	114	75	145	331	1105	3424	5456	4799	3704	2885	3105	3082	3112	3129	3738	4063	4137	3452	2455	1785	1420	754	436	 56886
09/10/10	Fri	221	125	149	149	317	1123	3250	5172	4812	3401	3265	3222	3454	3343	3415	4123	4224	4056	3654	2587	1879	1494	1340	745	 59520
09/11/10	Sat	428	294	198	158	195	401	948	1746	2523	2871	3263	3605	3667	3521	3444	3653	3528	3492	2914	2172	1881	1544	1203	779	 48428
09/12/10	Sun	399	281	233	144	155	324	680	984	1473	1903	2643	2900	2900	2881	2908	3058	2879	2781	2151	1822	1453	1021	807	481	 37261
09/13/10	Mon	146	92	75	146	406	1169	3634	5501	4109	3613	2754	2819	2919	2996	3057	3550	3850	3937	3146	2086	1495	1162	705	617	 53984
09/14/10	Tue	343	110	109	151	328	1133	3586	5246	4485	3581	2838	3026	3200	3024	2971	3633	3671	4011	3418	2300	1670	1287	807	425	 55353
09/15/10	Wed	200	112	77	153	328	1104	3533	5045	4668	3647	2909	3102	3084	2913	3010	3659	3904	3975	3494	2476	1875	1383	765	419	 55835
09/16/10	Thu	185	141	101	166	362	1078	3442	5333	4903	3553	2958	3196	3286	3080	3266	3889	4051	4099	3689	2654	1933	1562	918	441	 58286
09/17/10	Fri	197	140	124	156	336	1038	3169	5086	4608	3580	3133	3345	3376	3368	3482	3926	4010	3951	3646	2921	2016	1711	1303	796	 59418
09/18/10	Sat	486	277	158	133	202	398	867	1636	2531	2840	3261	3476	3411	3590	3334	3483	3480	3840	3280	2457	1999	1814	1303	845	 49101
09/19/10	Sun	492	288	210	154	181	308	616	856	1507	1936	2561	3109	3402	3151	2924	2779	2752	2800	2574	2041	1666	1094	698	608	 38707
09/20/10	Mon	355	103	61	165	411	1203	3479	5142	4778	3472	2876	2856	3017	2866	2936	3671	3637	4035	3175	2116	1427	1067	628	367	 53843
09/21/10	Tue	192	103	70	134	333	1143	3696	5364	4839	3407	2908	3011	3113	2978	3051	3766	4088	4064	3531	2385	1661	1350	693	381	 56261
09/22/10	Wed	196	100	81	143	338	1100	3561	5173	4831	3493	2798	3038	3093	2996	3058	3602	3735	3794	3440	2278	1635	1341	751	415	 54990
09/23/10	Thu	196	134	94	150	337	1103	3543	5521	4899	3500	2943	3038	3088	3240	3214	3883	4071	3993	3465	2618	1948	1661	958	460	 58057
09/24/10	Fri	235	138	137	144	342	1003	3164	4924	4714	3594	3261	3296	3601	3480	3527	3282	3300	4167	3554	2835	1920	1786	1348	819	 58571
09/25/10	Sat	576	335	185	150	188	354	896	1597	2456	2900	3368	3534	3639	3777	3643	3677	3779	3966	3287	2675	1957	1633	1301	945	 50818
09/26/10	Sun	641	384	223	143	175	265	580	895	1490	1958	2639	3085	3364	3218	2912	2753	2804	2951	2752	2206	1701	1232	749	334	 39454
09/27/10	Mon	215	122	70	157	420	1208	3513	5213	4931	3523	2838	2924	2980	2951	2883	3562	3820	3939	3208	2094	1452	1132	903	342	 54400
09/28/10	Tue	197	102	84	142	348	1153	3676	5135	4797	3492	2842	2958	3106	3030	2933	3748	3622	3882	3483	2440	1591	1285	754	393	 55193
09/29/10	Wed	211	133	78	142	332	1097	3507	5118	4682	3603	2918	2972	3054	2949	3009	3568	3538	4089	3456	2379	1756	1415	733	419	 55158
09/30/10	Thu	216	141	91	117	338	1121	3537	5279	4744	3604	2881	3010	3268	3201	3112	3896	4071	3997	3653	2500	1898	1505	975	460	 57615
10/01/10	Fri	237	148	113	172	352	1019	3259	5104	4630	3679	3233	3483	3499	3366	3446	3959	4041	4104	3680	2789	1875	1693	1304	726	 59911
10/02/10	Sat	414	250	171	139	223	365	847	1605	2518	3025	3418	3301	3628	3693	3474	3547	3454	3558	3037	2334	1835	1600	1357	889	 48682
10/03/10	Sun	495	319	203	127	158	336	780	969	1527	1869	2555	2663	2981	2937	2905	3121	3035	2801	2389	1895	1444	1022	625	327	 37483
10/04/10	Mon	200	103	76	135	390	1155	3638	5211	4629	3621	2846	2828	2929	2850	2891	3677	3819	3798	3172	1939	1448	1048	669	568	 53640
10/05/10	Tue	267	104	84	121	328	1159	3545	5187	4768	3540	2891	2884	2989	2961	2966	3588	3828	4011	3445	2417	1625	1265	729	365	 55067
10/06/10	Wed	183	120	91	127	329	1119	3540	5127	4947	3626	2840	2919	3072	3019	2959	3590	3896	4043	3474	2341	1753	1382	778	422	 55697
10/07/10	Thu	226	134	91	153	370	1070	3518	5057	4865	3557	2995	3033	3133	3178	3042	3742	4081	4105	3617	2498	1690	1481	948	491	 57075
10/08/10	Fri	260	153	127	170	342	1037	3126	5041	4558	3600	3179	3231	3370	3560	3568	4002	4236	4121	3621	2604	1752	1531	1195	689	 59073
10/09/10	Sat	448	279	168	133	207	363	838	1557	2517	2990	3279	3581	3805	3875	3734	3739	3841	3968	3143	2319	1679	1371	1172	787	 49793
10/10/10	Sun	496	316	189	123	157	255	535	835	1403	1844	2528	2810	2976	2925	2953	3032	2909	2659	2119	1588	1256	948	606	330	 35792
10/11/10	Mon	175	102	88	147	426	1071	3273	5186	4591	3390	2882	2922	3018	3007	3137	3674	3846	3911	3133	2160	1435	1188	743	372	 53877
10/12/10	Tue	179	90	98	135	351	1180	3454	4879	4045	3622	2811	2819	2679	2823	2881	3466	3863	4096	3265	2177	1589	1367	743	389	 53001
10/13/10	Wed	176	111	95	146	318	1046	3461	5190	4596	3267	2900	3009	3092	2998	3022	3609	3848	4160	3545	2448	1767	1388	716	428	 55336
10/15/10	Fri	246	132	148	213	400	1153	3435	4866	4527	3467	3185	3453	3643	3380	3630	3887	3805	3831	3674	2684	1899	1556	1267	671	 59152
10/16/10	Sat	441	295	176	154	206	441	949	1704	2500	2946	3242	3604	3764	3737	3476	3581	3656	3829	2963	2332	1780	1479	1199	735	 49189
10/17/10	Sun	437	265	191	133	191	472	643	839	1475	1903	2505	2959	3267	3048	2935	2619	2526	2697	2366	1924	1360	926	627	349	 36657
10/18/10	Mon	167	98	85	139	482	1253	3688	4970	4514	3204	2910	2889	3042	2868	2994	3472	3848	3685	2930	1776	1359	1080	598	350	 52401
10/19/10	Tue	192	106	82	131	355	1291	3685	4877	4543	3490	2886	2963	2796	3034	3025	3686	3960	3969	3343	2136	1621	1263	720	373	 54527
10/20/10	Wed	178	103	81	158	367	1206	3687	4783	4663	3456	2924	3006	3025	3123	3159	3611	3884	4017	3372	2273	1583	1369	739	417	 55184
10/21/10	Thu	213	129	93	132	369	1242	3684	4729	4618	3468	3057	3128	3129	3204	3162	3803	4149	4058	3485	2178	1709	1511	866	455	 56571
10/22/10	Fri	245	154	125	158	390	1183	3267	4758	4505	3587	3261	3387	3386	3482	3513	3880	4123	3910	3681	2480	1645	1540	1050	642	 58352
10/23/10	Sat	417	297	169	149	216	393	833	1519	2182	2721	3193	3569	3711	3777	3534	3627	3715	3729	3051	2112	1676	1420	1238	864	 48112
10/24/10	Sun	494	285	184	102	190	242	599	761	1419	1821	2520	2961	3233	3199	2946	2673	2681	2559	2272	1663	1269	922	563	303	 35861
10/25/10	Mon	165	111	85	150	443	1302	3692	5189	4403	3365	2598	2535	2812	2833	2822	3445	3638	3718	3019	1838	1342	1018	577	311	 51411
10/26/10	Tue	168	108	74	135	350	1245	3792	4824	4527	3392	2789	2967	2971	2985	2931	3605	3791	3986	3310	1993	1478	1076	649	418	 53564
10/27/10	Wed	214	146	75	129	362	1181	3670	4835	4405	3509	2810	2979	3045	3033	2973	2915	3850	3971	3304	2149	1609	1257	720	430	 53571
10/28/10	Thu	233	141	92	141	320	1219	3578	4833	4637	3524	3017	3020	3140	3097	3160	3783	4033	4085	3613	2347	1668	1641	876	474	 56672
10/29/10	Fri	237	120	105	153	344	1097	3218	4796	4569	3491	3237	3494	3485	3328	3377	3976	4171	3999	3796	2579	1952	1573	1232	720	 59049
10/30/10	Sat	462	310	163	150	194	350	784	1499	2294	3064	3194	3659	3692	3731	3533	3538	3498	3438	3032	2352	1836	1524	1252	837	 48386
10/31/10	Sun	557	383	263	171	148	219	497	729	1276	1660	2364	2545	2824	2659	2747	2766	2686	2200	1489	1403	1770	1273	688	317	 33634
11/01/10	Mon	201	111	101	147	423	1271	3785	5059	4605	3262	2711	2787	2863	2866	2934	3548	3759	3728	3089	1818	1319	957	568	320	 52232
11/02/10	Tue	195	102	92	145	357	1262	3831	4890	4505	3571	2859	2965	3093	3019	3043	3655	3988	3874	3446	2084	1402	1168	675	397	 54618
11/03/10	Wed	215	131	76	130	351	1157	3799	5079	4647	3458	2903	2967	2948	2992	2949	3594	3833	4178	3520	2055	1548	1240	703	385	 54858
11/04/10	Thu	205	120	93	128	394	1217	3782	5031	4597	3574	2972	3035	3142	3065	3068	3772	4024	4195	3525	2166	1605	1357	754	409	 56230
11/05/10	Fri	235	133	120	178	355	1121	3350	4917	4515	3572	3127	3388	3489	3484	3424	3997	4222	3525	3968	2507	1533	1763	1182	705	 58810
11/06/10	Sat	424	251	169	150	191	371	884	1518	2434	2946	3249	3564	3560	3585	3429	3767	3685	3934	3308	2247	1694	1435	1229	829	 48853
11/07/10	Sun	286	291	170	105	104	167	304	598	860	1603	2069	2746	3095	3278	3202	3036	2882	2943	2671	2101	1407	1113	810	444	 36285
11/08/10	Mon	142	82	76	160	438	1336	3936	5175	4668	3305	2675	2856	2915	3047	2910	3695	3825	3939	2938	1736	1274	993	618	330	 53069
11/09/10	Tue	196	99	74	131	352	1380	3973	5332	4468	3308	2818	2913	3018	2948	2397	3276	3329	3390	2746	1555	1109	942	567	300	 50621
11/10/10	Wed	178	98	65	141	353	1233	3746	4997	4544	3245	2784	3039	3062	3061	3076	3739	3923	4200	3426	2096	1591	1171	664	370	 54802
11/11/10	Thu	191	116	99	147	364	1215	3566	4865	3865	3092	2822	2979	3028	2900	3020	3668	3841	3859	2902	1948	1389	1282	677	351	 52186
11/12/10	Fri	227	136	116	153	364	1105	3378	4695	3586	3692	3171	3538	3614	3514	3474	4013	4159	4110	3747	2315	1637	1560	1043	708	 58055
11/13/10	Sat	375	303	168	165	179	381	828	1568	2386	2922	3291	3655	3656	3715	3649	3623	3577	3649	2973	1941	1573	1374	1070	753	 47774
11/14/10	Sun	362	313	161	127	167	290	562	760	1444	1956	2675	3115	3404	3120	2828	2804	2648	2529	2083	1519	1156	777	509	283	 35592
11/15/10	Mon	172	84	90	160	448	1320	3937	4836	4226	3161	2621	2625	2752	2739	2821	3393	3625	3806	2855	1645	1229	1000	565	293	 50403
11/16/10	Tue	155	99	76	153	340	1349	3960	5057	4786	3326	2956	2969	2992	2978	3006	3690	3473	3693	3150	1856	1318	1098	623	324	 53427
11/17/10	Wed	160	92	95	144	345	1278	3875	4742	4635	3441	2924	2960	3077	2936	3091	3685	3937	3967	3266	2053	1546	1142	717	350	 54458
11/18/10	Thu	176	102	88	157	394	1254	3848	5166	4673	3450	2940	3071	3046	3034	3100	3840	4108	4038	3423	2070	1592	1363	750	422	 56105
11/19/10	Fri	210	124	242	262	391	1177	3556	5368	4319	3488	3225	3420	3456	3386	3439	3075	2924	4250	3559	2288	1737	1600	1219	697	 57412
11/20/10	Sat	430	336	165	167	226	396	861	1555	2316	2921	3320	3634	3613	3548	3408	3559	3720	3722	2964	1980	1525	1396	1165	772	 47699
11/21/10	Sun	463	304	169	143	161	297	564	822	1357	1919	2510	2803	3072	3131	2938	2720	2807	2555	1900	1457	1092	811	606	291	 34892
11/22/10	Mon	184	91	99	155	387	1258	3656	4748	4531	3346	2952	2994	3107	3037	3076	3679	3928	4007	3074	1819	1262	1121	678	352	 53541
11/23/10	Tue	220	114	115	151	390	1263	3615	4739	4522	3588	3146	3341	3392	3359	3484	4007	4089	4041	3625	2313	1638	1296	852	527	 57827
11/24/10	Wed	232	159	140	192	420	1104	3004	4138	3931	3376	3339	3578	3570	3597	3725	3852	3685	3403	2692	2006	1498	1205	898	496	 54240
11/25/10	Thu	328	205	129	107	186	278	442	597	762	1251	1907	2504	2700	2458	2114	1879	1954	2087	2497	2412	2259	2018	1236	560	 32870
11/26/10	Fri	308	209	208	356	534	904	1648	2055	2321	2629	2991	3128	3207	3101	3024	3176	3157	3086	2673	1948	1540	1231	977	575	 44986
11/27/10	Sat	354	229	144	138	216	355	711	1077	1740	2254	2802	3181	3393	3357	3087	3059	3215	3207	2665	2041	1605	1279	1108	676	 41893
11/28/10	Sun	385	270	180	148	235	341	630	802	1327	1906	2578	2871	3211	3151	2690	2569	2574	2203	1870	1333	931	737	466	261	 33669
11/29/10	Mon	148	95	99	154	452	1257	3543	4438	4369	3179	2700	2752	2722	2780	2992	3369	3678	3795	2800	1757	1254	936	562	275	 50106
11/30/10	Tue	181	101	99	146	402	1315	3833	4891	4664	3467	2937	2941	3148	2916	2985	3604	4104	3909	3330	2016	1402	1091	659	390	 54531
12/01/10	Wed	198	104	104	119	404	1220	3747	5557	4526	3571	2939	2971	2998	3069	3056	3616	4054	4070	3385	2063	1518	1301	813	385	 55788
12/02/10	Thu	277	127	97	124	384	1243	3727	4992	4717	3335	2955	2950	3126	3088	3137	3829	3947	3990	3624	2263	1641	1418	835	377	 56203
12/03/10	Fri	260	143	123	160	371	1086	3420	5249	4398	3676	3130	3298	3342	3284	3493	4092	4139	4054	3755	2354	1721	1523	1267	724	 59062
12/04/10	Sat	474	302	162	146	236	376	907	1549	2342	2769	3328	3422	3684	3716	3560	3667	3647	3782	3197	2071	1564	1516	1264	888	 48569
12/05/10	Sun	478	266	169	116	175	272	573	789	1321	1990	2670	2824	3019	2897	3029	2943	2904	2796	2056	1414	1200	900	568	287	 35656
12/06/10	Mon	143	98	120	131	401	1297	3750	4930	4635	3420	2854	2825	2903	2925	2987	3677	3812	3930	3055	1820	1384	1129	718	340	 53284
12/07/10	Tue	181	114	93	140	365	1258	3811	5135	4686	3420	2996	3074	2994	2842	2971	3560	3931	4037	3416	1946	1518	1189	756	380	 54813
12/08/10	Wed	223	127	89	130	369	1255	3649	4712	4756	3490	3020	3112	3049	2903	3113	3669	3969	4060	3468	2077	1631	1315	806	392	 55384
12/09/10	Thu	241	99	87	139	366	1280	3613	5185	4537	3527	2974	3189	3141	3135	3261	3890	4083	4130	3609	2196	1690	1390	764	445	 56971
12/10/10	Fri	233	130	126	149	348	1120	3353	5236	4474	3628	3202	3504	3429	3315	3487	3912	4127	4045	3745	2515	1841	1795	1338	772	 59824
12/11/10	Sat	470	269	146	131	209	375	798	1375	2258	2650	3252	3583	3588	3670	3446	3335	3657	4108	3585	2272	1754	1811	1428	972	 49142
12/12/10	Sun	529	283	161	152	146	276	519	744	1391	1885	2611	2979	3268	3298	3009	2936	3076	2816	2260	1614	1557	1001	650	297	 37458
12/13/10	Mon	178	102	90	145	416	1225	3714	4958	4761	3411	2926	2851	3046	2881	3045	3645	4038	4003	3188	1880	1322	1031	685	371	 53912
12/14/10	Tue	207	109	102	154	348	1262	3817	5436	4620	3612	3105	3186	3082	3201	3248	3798	4071	4032	3483	2140	1571	1250	790	423	 57047
12/15/10	Wed	243	127	82	121	354	1228	3665	5361	4734	3591	3243	3366	3397	3347	3366	3880	3796	3566	3145	2049	1558	1223	768	420	 56630
12/16/10	Thu	197	124	105	147	400	1222	3551	5119	4415	3149	3122	3416	3407	3245	3362	3933	4141	3818	3670	2367	1813	1342	977	443	 57485
12/17/10	Fri	289	110	225	146	370	1107	3080	4602	4387	3496	3538	3627	3734	3700	3694	4179	4203	4003	3768	2500	1859	1740	1345	834	 60536
12/18/10	Sat	573	310	176	182	240	443	804	1408	2231	2770	3259	3615	3689	3747	3710	3658	3853	3975	3432	2481	2031	1856	1513	937	 50893
12/19/10	Sun	555	333	206	164	202	307	557	813	1323	2086	2781	2983	3160	3235	3077	2847	3253	3103	2369	1737	1656	1236	822	431	 39236
12/20/10	Mon	239	129	116	147	401	1133	3216	4839	4333	3592	3391	3580	3719	3694	3585	3978	4016	3998	3341	2227	1631	1304	846	464	 57919
12/21/10	Tue	278	186	104	153	393	1159	3165	4846	4448	3650	3563	3716	3682	3712	3702	4036	4152	4140	3570	2396	1872	1409	1036	530	 59898
12/22/10	Wed	307	165	112	161	386	1095	2910	4574	4260	3663	3665	3762	3900	3941	3914	4217	4026	4111	3475	2678	1821	1399	1082	599	 60223
12/23/10	Thu	353	188	125	192	353	985	2384	3833	3639	3461	3562	3901	4029	4012	4048	4158	4046	3907	3178	2388	1821	1621	1106	655	 57945
12/24/10	Fri	356	238	152	179	265	425	786	1248	1742	2341	2824	3214	3296	3093	3220	3280	3314	2845	2376	1655	1950	2009	1755	924	 43487
12/25/10	Sat	500	209	107	72	102	161	329	418	678	1105	1474	1766	2138	2202	2079	2033	2080	1976	1967	1901	1872	1675	1168	587	 28599
12/26/10	Sun	293	155	102	122	239	299	600	807	1330	1984	2619	3126	3310	3082	2741	2680	2579	2638	2172	1581	1342	1072	693	458	 36024
12/27/10	Mon	244	147	133	155	330	920	2267	3523	3276	2859	3133	3351	3363	3453	3569	3780	3798	3785	2821	1879	1407	1111	878	437	 50619
12/28/10	Tue	251	130	100	146	363	968	2584	3921	3773	3291	3240	3463	3509	3514	3434	3697	3766	3951	3337	2359	1558	1189	915	478	 53937
12/29/10	Wed	252	140	123	168	342	982	2572	3928	3828	3412	3358	3617	3710	3691	3653	3812	4031	3790	3584	2371	1688	1467	963	529	 56011
12/30/10	Thu	288	154	126	161	369	938	2263	3611	3420	3223	3459	3256	2989	2733	2530	2104	2117	1746	1492	1032	781	663	457	286	 40198
12/31/10	Fri	171	125	103	152	216	425	890	1200	1308	1464	1713	2000	2382	2409	2600	2431	2444	2378	2097	1659	1209	900	690	461	 31427